st1,st2,st3,area
960605,051140,021098,
950497,950498,051140,
020859,950109,020848,
950101,020859,020848,
02P213,052007,021098,
052007,960603,021098,
960603,052007,02P213,
960605,960604,02P213,
960604,960603,02P213,
960604,960605,021098,
960603,960604,021098,
960602,960605,02P213,
960605,960602,051140,
950498,960751,051140,
950102,02P201,020848,
93022,960602,02P213,
960602,02P208,051140,
960751,950500,131200,
950500,960698,131200,
960747,960748,950498,
950456,950102,131200,
950376,960602,950314,
950382,960527,950102,
950456,950382,950102,
960750,960751,950498,
960748,960750,950498,
960750,950500,960751,778438440.2907588
960743,960747,950498,
960743,960748,960747,
960748,960743,960698,
031113,02P208,960602,
950376,031113,960602,
020875,950106,950102,
960746,940085,02P211,
940085,960746,031122,
960746,950497,051140,
031122,960746,051140,
960750,960749,950500,
960749,960750,960748,
950500,960749,960698,
960749,960748,960698,
111190,950498,950497,
960602,091178,950314,
141202,091178,960602,
950382,950252,960527,
950252,950232,960527,
940008,950106,970785,
950106,960501,950102,
02P201,940001,020848,
950104,960501,950106,
020859,020864,950109,219539326.5744633
940004,020864,020859,426306221.6762034
940002,960503,020859,
960504,020854,020858,344854849.33601826
020854,960504,940002,242632614.4897031
02P122,021059,021080,
960743,960739,960698,
960739,960736,960698,
960734,960729,960698,
960736,960734,960698,
960746,960731,950497,
960731,960732,950497,
960692,960691,960698,
960729,950487,960698,
950456,950408,960668,
960550,93022,02P213,
950106,970783,940003,482056093.57344085
940008,970783,950106,
950104,970781,020852,295934472.31477284
970781,950106,940003,461303999.01939374
970781,950104,950106,
950104,970778,960501,
970778,02P201,950102,
960501,970778,950102,306869385.92467684
970778,940001,02P201,
020851,950104,020852,214423938.47948372
020855,970782,020852,704529846.1474411
020855,970781,940003,137570358.87633014
970781,020855,020852,383043388.36636394
970783,020855,940003,160661355.13844892
960503,020856,950111,290141654.15003186
020856,960503,940002,167388684.1980144
020856,960504,950111,316812527.1060199
960504,020856,940002,263611424.38235295
950103,020859,950101,
950103,940002,020859,
020854,950107,020858,243508091.19225523
02P118,960645,950382,
940075,950383,960668,
950383,950456,960668,
950383,950382,950456,
950386,950383,940075,
021059,021088,02P211,
021088,021059,02P122,
960745,111190,950497,
021094,960745,950497,
960736,960738,960737,301182246.7343207
960744,960743,950498,
111190,960744,950498,
960735,960734,960736,
960726,960731,960746,
950457,950458,950456,
960691,950457,960698,
960698,950457,131200,
950457,950456,131200,
950459,950457,960691,
950457,950459,950458,
960692,081168,970832,
950487,081168,960692,
950462,960692,960698,218760068.1350545
950487,950462,960698,
950462,950487,960692,
021060,950408,950456,
950235,950253,950245,
950253,950235,950252,
950318,950320,960638,154548771.79716894
020849,970778,950104,411602153.0536486
020851,020849,950104,400816419.82167953
970778,020849,940001,219772807.84391895
020849,020851,950101,458929642.07435864
020849,950101,020848,322412594.8006739
940001,020849,020848,217490623.5374004
950113,950115,020864,123217131.34722055
020864,950115,950109,151355920.43092084
020851,020850,950101,449456159.7892398
020850,950105,950103,279580838.2271991
970782,950105,020852,362282628.20265156
950105,020851,020852,171252422.61691365
950105,020850,020851,302116591.656826
950105,970780,950103,483308272.7348967
940020,020888,020875,
960527,940020,950102,
940020,020875,950102,
020888,940017,950143,
940017,950145,950143,437197330.1588793
940020,940017,020888,
940017,940020,950145,695581876.9753562
020860,020855,970783,236441163.96391466
020860,970783,940008,323772345.835096
960509,020860,940008,498736261.2115962
960510,960504,020858,829768716.772045
950408,960669,960668,
960669,950407,960668,529273634.4350623
02P209,940075,960668,
950388,02P209,960668,
02P119,950388,960668,
950388,02P119,021025,
950407,02P119,960668,
950412,950411,950413,240977013.4733916
960669,950411,950407,271992485.9230075
021016,021014,950382,
021014,02P118,950382,
021046,940077,960767,
031118,970828,021080,707439596.0017135
021022,950386,940075,120079141.39411812
950386,950384,950383,
021059,041133,021080,
041133,031118,021080,447562668.5435688
960742,960739,960743,
960744,960742,960743,
960742,960744,960739,328619471.1943256
960739,950496,960736,
021095,950496,960739,
950496,960738,960736,334540001.27193785
960744,02P212,960739,
02P212,021095,960739,
02P212,960744,111190,
960738,960740,021094,117754188.8368416
950496,960740,960738,292682792.5311747
950495,960736,960737,375057448.3443466
950495,960735,960736,
960735,950495,950497,
950495,021094,950497,
960738,950495,960737,53275924.748578444
950495,960738,021094,
960735,141208,960734,
950494,960730,960729,
960730,950494,960732,323523297.9108252
960730,960731,960729,
960731,960730,960732,208255408.7531674
960725,950487,960729,
950460,950459,960691,
960692,950460,960691,
950460,960692,970832,
021065,021062,950458,
950458,021062,950456,
021062,021060,950456,
021060,021062,940087,124441822.23103383
960725,960777,950487,
93055,02P206,960594,
93022,95113,960602,
95113,141202,960602,
93021,950226,93022,
950226,95113,93022,
950252,960565,950232,
950235,960565,950252,
940028,950167,111184,26709488.643219244
940066,03P214,960637,
940068,021010,021009,114442501.65108271
021010,950366,111188,
021010,940068,950366,113020699.76228043
031111,021000,950373,40359529.041449465
031111,950316,021000,72945381.47181487
950334,960763,960764,128059070.24567567
970825,021000,111188,
021000,970825,950373,130644494.41124688
021011,950370,051146,210827790.67550787
950366,950370,111188,
950370,970825,111188,
970825,950370,021011,255754368.185213
970825,041130,950373,168580767.17294577
041130,970825,021011,184755458.68314487
950368,031109,051146,116728778.99950582
031109,950368,940069,81350036.00761376
960652,031109,940069,65063076.39645795
071160,071161,950314,
071161,950306,950314,
950317,950318,960638,130117875.7832901
950317,940056,950318,75019514.88207386
950285,950317,960638,226795305.27451655
950352,950351,950349,148620515.85367483
950351,950352,950356,137407763.01886836
960519,940009,950167,
950119,960519,021098,
970779,950103,950101,71262850.12890624
020850,970779,950101,162695492.25581768
970779,020850,950103,143018057.26922914
020853,950107,020854,355575577.6250744
020853,970780,950105,432531764.6683732
950107,020853,970782,385824401.7234242
020853,950105,970782,491435941.90757585
950145,02P102,960530,
940020,02P102,950145,
02P102,940020,960527,
950140,020888,950143,
940021,950145,960530,117794367.1729662
970794,940021,960530,261392219.4854017
950145,940021,950143,192483058.4488306
940021,970794,950143,334362814.1748621
081173,020892,020894,341044594.7464466
950139,081173,950141,
020855,950110,970782,599605675.1506809
020860,950110,020855,346535425.0261358
950110,020860,960509,400858594.6032706
020870,020864,940004,606455286.5999098
020870,950113,020864,293303027.4597063
960513,950122,940005,418384883.86087453
02P119,940076,021025,
940076,02P119,950407,
081167,950341,960645,131687926.66764675
960680,970829,031117,96908792.39439474
021046,141205,970830,
960658,950388,021025,178433053.23293036
950399,021022,940075,256843925.24442756
021018,950384,021020,154497247.59469986
950384,021018,950383,
021088,950483,02P211,
960715,950483,021088,123927088.09985855
021096,02P212,111190,
02P212,021096,021095,
960745,021096,111190,84369956.73248334
02P124,021096,960745,
021096,02P124,021095,
02P124,960745,021094,
960741,950496,021095,50699188.24663188
960741,960740,950496,178240765.13394845
02P124,960741,021095,
960740,960741,021094,78581105.83164439
960741,02P124,021094,
141208,960733,960734,
960734,960733,960729,
960733,950494,960729,
950494,960733,960732,
960732,960733,950497,
960733,960735,950497,
960733,141208,960735,
950484,960715,950482,510093693.5582456
950484,950483,960715,200128585.23305905
950492,960746,02P211,
950492,960726,960746,
950459,960690,950458,
950460,960690,950459,160013713.59883654
081168,02P210,970832,
021091,960777,940098,192609742.21080953
021092,021091,940098,211952251.41102254
021062,950451,940087,224112770.91671
021075,940093,950468,161186379.23408896
950485,021075,950468,209989077.66784966
021075,950485,950469,250610175.60508493
021075,960702,940093,159506899.4920445
960705,950471,021078,134690522.61994028
960686,950471,950413,
950471,960705,950413,
021039,960686,950413,307644278.49779594
950411,021039,950413,200877677.66520742
021039,950411,960669,328651834.0715684
950452,960710,940089,137253141.10329008
960710,950452,960688,243447658.70670846
950474,950477,021081,237717292.4835061
02P206,960759,960594,
93034,960759,93067,121887808.45287652
960759,93039,93067,127734882.17215857
93039,960759,02P206,
93055,960599,02P206,
93090,03S045,970819,
93095,93098,091178,36664362.10267793
091178,93098,950314,
93098,071160,950314,
93096,93098,93095,49053075.25309557
960606,950264,940048,51038500.088311695
950253,940052,950245,
940053,02P111,950252,
960755,93019,93011,121080230.15479073
960755,93063,960758,92069347.26438376
93019,960755,960758,111417518.84823443
93024,950226,93021,
950243,950247,960569,157006306.00646693
950243,950235,950245,
950203,11S070,950201,123384029.52713287
091176,950203,950201,269266481.9765863
950203,091176,101181,255130272.71149042
020892,950150,020894,280706047.9399171
950150,020892,02P204,
950149,970794,960530,431299667.5020861
950364,940068,021009,235654487.6729708
021008,950364,021009,189283175.66264278
940068,950364,960764,212134524.18160704
950364,950334,960764,204514696.17681375
950334,950364,021007,128092131.88050629
950351,950348,950349,106901612.96256448
960761,960763,950335,43358873.050519995
960763,950365,960764,76384756.20209242
950365,940068,960764,87802428.26779121
940068,950365,950366,112794055.03473808
960761,950365,960763,80412280.51281501
041139,03P214,950314,
03P214,041139,960637,
021010,950367,021009,182384693.44024175
021000,950367,111188,
950367,021010,111188,
021012,031111,950373,58689003.56133719
021012,031113,950376,50611272.037281916
950316,071155,03P214,
071155,950376,950314,
03P214,071155,950314,
071155,021012,950376,37144258.82178528
071155,950316,031111,69775367.99946012
021012,071155,031111,59084407.00162184
950320,950319,960639,179521574.69503543
950319,950322,960639,195610460.41100383
950319,950320,950318,109653144.93124649
960763,960760,950335,52995253.607833125
950334,960760,960763,126846154.95660356
950326,950334,021007,145670247.51034
950339,950370,950366,120839245.11017247
041130,970826,950373,150340816.86849988
021012,970826,031113,124854920.90406312
970826,021012,950373,146855214.270174
950370,960650,051146,118870809.99235846
960650,950368,051146,167906131.14761788
950339,960650,950370,62749242.85124412
960650,950339,950337,91451955.15652256
950368,021004,940069,118447776.95191045
960652,02P117,950369,
02P117,960652,940069,
02P117,021004,950369,
021004,02P117,940069,
950372,960652,03P215,
960652,950372,031109,74164681.38236243
960652,950422,03P215,
021046,950428,940077,
071161,020997,950306,105019734.53904088
041136,071161,071160,38914900.144770145
950306,950307,950314,
950307,031104,950314,73707678.19339588
031104,940065,950314,128699193.29419851
950317,950260,940056,108938329.3272001
950260,960580,940056,155133871.60078666
950352,960649,950354,116996647.13441291
950345,960649,950349,180042117.84864292
960649,950352,950349,156241978.90514717
960645,950327,950382,
960640,950327,960645,76506345.87617621
950327,950252,950382,
02P112,950327,020975,
950327,950259,020975,
020878,05S051,940009,
940009,05S051,950167,
020878,950118,950113,203058583.14733782
05S050,960519,950119,
960502,020853,020854,429287435.6810458
020853,960502,970780,382353291.5491842
960502,020854,940002,305722574.0655668
950103,960502,940002,
970780,960502,950103,
950126,950120,020875,244934414.2853995
950106,950120,970785,
950120,950106,020875,
950130,950140,960525,516638438.5838658
950140,950131,020888,350070819.2114801
020888,950131,020875,
950131,950126,020875,
950130,950131,950140,500647538.4525033
081173,960533,950141,
960533,940016,950141,
960533,081173,020894,
940016,960533,950142,
960533,950158,950142,
940016,020890,950141,292179367.21962273
020890,940016,950142,199084518.01330736
950146,950140,950143,435250447.58638406
970794,950146,950143,371187997.4741635
940022,960529,02P204,
020892,940022,02P204,
950136,950139,950141,
960755,960754,93063,111849036.97371326
950110,020857,970782,317486639.90969545
950107,020857,020858,165898271.67381564
020857,950107,970782,277114632.41600424
950167,940019,111184,
960505,970784,940004,384610969.5436898
970784,020870,940004,317853029.1199284
960503,02P202,020859,
950108,02P202,960503,
02P202,940004,020859,
02P202,960505,940004,
950116,020878,950113,306598359.33088493
020870,950116,950113,165999118.0511128
950112,05S053,940010,
950378,021014,021016,92540839.3488929
02P118,091180,960645,
091180,081167,960645,117291096.85149832
081167,960655,950341,162691171.5277648
091180,960655,081167,183865925.134553
021014,960655,02P118,
960655,091180,02P118,
960655,970823,950341,201178880.9935648
970823,960655,950390,349721803.01054347
950328,960640,960645,199447876.69098753
021026,021015,950379,214511133.28891733
950383,960656,950382,
960656,021015,950382,
021018,960656,950383,
970829,940086,031118,232724821.86950767
960680,940086,970829,232646097.099013
940086,970828,031118,365004775.8971007
940086,960680,960672,411208207.873805
021035,960768,061151,233201378.19015646
950434,960680,031117,146715264.0586239
950436,950434,031117,179860801.9041867
960659,960658,021025,176375518.02733767
940076,960659,021025,189893410.7030996
021037,960659,940076,432450990.30666804
950409,940076,950407,285915659.03801644
950409,021037,940076,314947258.49006677
021037,950409,950412,214267042.1326613
950411,950409,950407,243222007.30573148
950409,950411,950412,235562802.6512893
021024,02P209,950388,
960658,021024,950388,190646017.66483137
02P209,021024,940075,
021024,950399,940075,217536956.3762582
021021,950384,950386,112782880.22838074
950384,021021,021020,159364300.22174457
021023,950400,061151,237044316.13570124
021030,950385,021020,128978981.75554848
031126,021058,950449,118929570.56598544
031126,950449,021059,117097171.86768526
940085,031126,02P211,
031126,021059,02P211,
950448,051141,021058,103857282.18189539
041134,021049,950447,145021711.08097297
021049,041134,950436,153203300.08047912
021049,021050,950447,128967038.60345778
950443,031119,970830,150825919.3886202
021058,051142,950449,75116729.23174945
950449,051142,021059,81872217.74697562
041133,960681,031118,137997563.29225376
960681,970829,031118,187364841.66903478
960714,021076,950469,201038652.40667868
960715,950481,950482,305386461.81020117
960714,950481,021076,325182488.4384581
021084,021088,02P122,
021084,950480,021088,
940095,960715,021088,202526443.02370024
950483,960716,02P211,
950484,960716,950483,152624101.81248963
960716,950492,02P211,
950492,960716,960724,
950491,950492,960724,
021067,960690,950460,181160882.29850286
021067,950460,970832,201005953.3660009
021067,02P210,960772,
02P210,021067,970832,
940091,021065,950458,330765570.47431487
960690,940091,950458,
950450,021062,021065,122080415.11545411
021066,950450,021065,189563513.56578362
950450,021066,950454,229882561.8561402
950467,081168,950487,
950467,02P210,081168,
940093,960773,950468,302549841.97430354
960696,960773,950464,228697133.8342129
960773,940093,950464,415645798.96609586
960777,940096,950487,
940096,950467,950487,
950467,940096,960717,177511057.76648068
940097,021091,021092,105273344.54818738
021090,950484,950482,214420965.48938963
960716,940099,960724,
940099,960716,950484,146501100.89993492
021090,940099,950484,308492096.3346626
940099,021090,942004,258757367.9293445
960726,960728,960731,
960731,960728,960729,
960728,960725,960729,
960728,960727,960725,146088795.68565303
960727,960723,960725,416093309.2573504
960777,960723,940098,
960723,960777,960725,
950491,960723,960727,
950461,970831,950454,408240335.01350826
960701,950465,081169,233688083.27191147
960700,960710,960688,317346228.980626
021076,021073,950469,144147713.71421295
021073,021075,950469,133617777.37859465
021073,960702,021075,169986042.49197832
021073,021076,081169,318035479.03742945
960702,021073,081169,197320140.86379325
950465,021071,081169,167924335.03659746
021071,960702,081169,156384211.00440136
960702,021071,940093,110393277.8279736
940093,021071,950464,289512052.667788
021071,950465,950464,157392163.09858984
960718,970837,950485,195031415.67905405
950489,021090,950482,156448284.23319843
021090,950489,942004,152240075.01517725
950470,960705,021077,138005630.38073817
950470,950412,950413,497897269.6774466
960705,950470,950413,518868125.7430604
950471,021064,940089,218674295.7080268
021064,950471,960686,126076234.708411
021064,950452,940089,186694363.56871238
950471,960707,021078,170894340.59564987
960707,950471,940089,193910456.587856
960670,960669,950408,166375201.71174547
960670,021039,960669,129192038.50578934
960670,940079,021039,168497700.88783765
021060,940079,950408,282210330.71913713
940079,960670,950408,204087429.4174228
960687,021064,960686,125336247.40542074
021064,960687,950452,152738207.45756525
950476,02P122,021080,
950466,960701,081169,110972800.56673083
93047,02P206,950227,
93039,93047,950227,111462252.053799
93047,93039,02P206,
93044,020959,950227,77974803.71076648
020959,93039,950227,89035427.17014928
93020,93025,93027,123874008.54324783
93024,93020,93027,124168975.15728995
93059,960599,93055,
960601,960600,141202,
95113,960601,141202,
02P206,960601,950227,
960599,960601,02P206,
93098,04S048,071160,
03S045,93089,970819,
93096,93089,03S045,
93052,93096,93095,49904484.70363053
960624,93052,93095,65697906.800267585
93052,960624,93093,11453611.710024392
93052,93089,93096,44480706.97594012
93097,93096,03S045,
93096,93097,93098,67383721.75221601
93097,04S048,93098,
93090,020847,93084,171493149.6364014
02P114,950296,990838,
93063,93029,960758,93918866.56400362
93046,92106,970813,41349258.263080955
960607,93064,93070,122666355.03739962
940052,020967,950245,160348970.61313447
93019,93028,950228,139940892.45131904
93028,93019,960758,102773717.56916495
93029,93028,960758,88563882.88974258
081171,93019,950228,70691676.67333816
93011,081171,93013,168092264.43993294
93019,081171,93011,174427673.19432834
93026,081171,950228,27252119.73509411
93016,081171,93026,167500170.12797484
950224,93016,93012,117755105.03681636
081171,950224,93013,131058860.36981279
950224,081171,93016,99591771.6489062
93025,950225,93030,144038922.95850664
93033,93024,93027,82050676.2177699
93024,93033,950226,152250552.48598668
93033,960756,950226,111031299.02002549
93025,93033,93027,70832684.05014622
960756,93033,93025,155481197.69382593
970810,970806,950237,112989401.9209921
950233,960566,950237,
970806,950233,950237,
960565,950233,950232,119088698.72302426
950233,02P109,960566,
02P109,960565,950235,
02P109,950233,960565,
020964,950241,960569,162167801.4998989
950241,950243,960569,169161101.9939395
950243,950241,950235,
950241,02P109,950235,
950266,020967,00R015,
950203,05S054,11S070,
05S054,950203,101181,
960550,05S054,93022,
05S054,101181,93022,
950164,940028,111184,141498285.90856513
020893,950150,02P204,
950149,020893,970794,311472600.85611755
960529,020893,02P204,
020893,950146,970794,326946075.3627218
950146,020893,960529,280366839.70199853
020893,960534,950150,
960534,020893,950149,
950232,02P104,960527,
02P104,950154,960527,
07S065,960550,02P213,
07S065,02P213,021098,
960519,07S065,021098,
07S065,960519,950167,
950343,950345,950349,169534957.78285086
950329,950343,950331,180196137.58080015
950348,950343,950349,120716987.90652141
950343,950348,950331,162875946.9692786
021002,950329,950331,156691485.7604143
950336,960761,950335,99220974.138239
960761,950336,950337,87603590.71229406
061149,041139,950314,41069032.90994864
041139,061149,960636,108947332.3999357
950367,970824,021009,146564614.55339843
970824,021008,021009,195857181.7468628
970824,940066,960637,165532694.18381864
021008,970824,960637,384637542.12352645
950316,071156,021000,42923383.36219281
071156,950367,021000,89748051.34207118
950261,950319,950318,132770065.25360249
940056,950261,950318,118009012.64874585
960580,950261,940056,250583646.98861128
950261,960580,950259,180962096.66524976
940067,950336,950335,144609021.39457884
950319,081170,950322,118808319.6997296
960760,960644,950335,46639729.959605
950320,950321,960638,138833576.44386774
950324,960760,950334,101345768.81549321
950326,950324,950334,160239870.97035727
950324,960644,960760,46718793.53282219
950322,950324,960639,161009349.5367909
950324,950326,960639,158196148.09872538
950338,950365,960761,77531527.47347373
950338,960761,950337,103442075.45323943
950339,950338,950337,50322910.668311745
950365,950338,950366,71503919.04860468
950338,950339,950366,39985870.196233295
031113,940070,02P208,
970826,940070,031113,65780285.69571039
950371,021011,051146,111795976.06312737
950371,031110,021011,91443046.35855107
031109,950371,051146,87199369.28101678
950372,950371,031109,158793094.86446813
950374,031110,121193,
950374,041130,021011,73943849.52527829
031110,950374,021011,103272973.89607836
141203,940070,970826,
940070,141203,02P208,
141203,960653,031122,
141203,031122,051140,
02P208,141203,051140,
950340,021004,950368,108123467.94735602
950340,960650,950337,157757533.28433508
960650,950340,950368,128997558.15690285
021004,950340,950356,284553330.73900837
950361,950360,950362,108831611.98622541
950358,950352,950354,112744310.65496282
950360,950358,950354,185191793.6300608
950423,950424,031122,
950431,950428,021046,144787312.7889679
950424,950441,031122,74649941.59309551
960675,950441,950424,113276464.24333166
950305,950307,950306,187791791.06723616
020997,950305,950306,155941101.1649564
950305,020997,950303,147515775.54698288
061148,940065,950304,226212225.39337346
061149,061148,960636,87950840.2363548
940065,020998,950304,135814761.0663742
020998,940065,031104,147814083.1426342
950307,020998,031104,100499462.12786625
950305,020998,950307,156037085.20049885
960633,950294,021101,143077971.43461192
950291,950294,031128,137114906.49702892
950300,020994,960629,146448469.30001122
940055,950255,02P112,
940055,02P112,020975,
960648,950347,950345,182829091.0288931
950347,960649,950345,145947976.03755668
960649,950347,950354,162980955.91097498
940057,950327,960640,161813845.1313483
021002,940057,950329,215133593.18502462
950327,940057,960641,165576508.99506435
940057,021002,960641,162200660.70005485
05S051,950125,960531,
950125,05S051,020878,
950116,950125,020878,252043061.68334264
960512,020878,940009,202750885.21327966
960512,950118,020878,204587688.8225599
960519,960512,940009,212693659.52383676
020884,950120,950126,321176870.2463793
020884,950130,950129,303671687.40791565
020884,950129,940013,254350801.76101157
950137,950130,960525,137286443.68265933
950130,950137,950129,254627736.1363915
061150,950137,960525,55045841.773905
950129,950137,950135,234511008.4352011
950137,061150,950135,107570382.34836675
950131,950127,950126,141289440.392686
950127,950131,950130,311478480.12964106
950127,020884,950126,106298147.95347092
020884,950127,950130,247021605.50697905
020890,950133,950141,298287165.186369
950133,970790,950141,
970790,950133,940012,342066776.7160691
950133,020885,940012,193092378.83425093
020885,950133,020890,260284226.38535812
970790,950132,950141,
950132,950136,950141,361569836.16711915
950132,970790,940014,377520498.5483412
950136,960523,950139,223030195.63818583
950139,960523,950135,316075085.8073714
950246,950240,020962,263286114.0561098
950265,950247,950267,220187645.0826625
950247,950265,960569,238829203.66451415
950265,020964,960569,318519573.4192289
020955,020954,940045,262191639.85578203
960753,960754,960755,146565985.57123274
960753,93011,93005,144025006.99773225
960753,960755,93011,160224660.53216693
960592,020955,940045,155143335.39537394
020979,960613,950272,151048547.19144255
960613,020957,950272,231692026.21469787
960506,960510,020858,314147526.9576939
020857,960506,020858,188822082.83468002
020885,020880,940012,176138749.66180483
020862,020857,950110,190293771.4630899
020862,960506,020857,406387802.3654639
020865,950110,960509,326515004.67372996
020865,020862,950110,116680397.66527916
03S047,960532,940015,
940019,960532,03S047,
05S053,960532,940010,
940010,960532,960531,
960532,05S051,960531,
05S051,960532,950167,
960532,940019,950167,
07S064,940019,07S063,
950144,940019,03S047,
950158,950144,950142,
950144,950158,07S063,
940019,950144,07S063,
960507,970784,960505,364683130.30825555
960507,02P202,950108,
02P202,960507,960505,
950125,960515,960531,223021113.97262487
960515,950125,950116,311104568.0583731
950122,960515,940005,296469494.1789123
960515,020870,940005,269104249.43476945
960515,950116,020870,134496196.2088875
020863,020866,950111,233938629.3288119
960504,020863,950111,275518472.5489977
960510,020863,960504,431006006.9091458
020867,091177,960510,238205383.64886117
960506,020867,960510,247795243.4295595
020867,960506,940007,421528627.36370146
950121,020874,131199,
020874,950121,020866,648696020.6366286
091177,020874,960510,
020874,020863,960510,
020863,020874,020866,
960532,950138,940015,100183423.38099232
950138,960532,05S053,
960521,940011,131199,
950121,940011,020883,118946435.47871993
940011,950121,131199,
960674,111189,121192,
960766,950394,940077,293299892.374501
950417,960674,121192,
950342,960648,950345,172161044.78883544
950342,970823,960648,169394393.52570304
950328,021001,960640,170858678.6546859
021001,940057,960640,229816522.39651683
940057,021001,950329,143544540.6438275
021026,041135,021015,215065875.81772122
041135,021016,950382,
021015,041135,950382,
950381,960662,950379,193168256.54785562
960660,960662,950394,336302865.7632456
960660,021026,950379,175142340.1344918
960662,960660,950379,260578414.77989006
940077,021032,960767,170936730.30990335
021015,111187,950379,106662636.19269979
960656,111187,021015,174130266.15695846
111187,950381,950379,150269084.47118747
940074,960656,021018,112372460.93161523
940074,021018,021020,131060811.03534985
950385,940074,021020,147853457.7634759
940078,021035,061151,149860512.32527515
021024,071164,950399,131390340.14395908
071164,960658,960665,264884968.81570774
071164,021024,960658,266590678.68348396
071157,071164,960665,141773840.2306126
021036,960666,960672,232276072.4199124
940078,021036,021035,196453171.1315133
021036,940078,960666,148265343.96275494
960680,021036,960672,
950434,021036,960680,
021031,950401,960663,191608698.54148462
960667,960768,021035,131093604.09771076
950433,021048,950435,153538777.07760295
021048,950434,950436,158729999.3585807
021048,041134,950435,134746537.65951666
041134,021048,950436,261903935.31805938
041137,950474,021081,112153759.2159895
021082,950475,021081,121083426.56121352
950475,041137,021081,162714202.61550096
021038,960769,960665,165244346.8136327
960769,071157,960665,136034735.89792824
960666,960769,960672,389515256.80529314
071157,960769,960666,205638293.97778147
021040,940086,960672,514103241.8500408
940086,021040,970828,
960659,950410,960658,196942476.2305017
960658,950410,960665,350036603.58913887
950410,021038,960665,264859960.32702002
950410,960659,021037,230194065.45970774
950387,021021,950386,186534158.23473686
950387,021023,960663,145780310.3476612
021030,950387,960663,201682906.40652868
021021,950387,021020,271530814.4191431
950387,021030,021020,252404994.95827526
960657,950400,021023,232075556.94480497
021022,960657,950386,141753492.4170044
950399,960657,021022,187564985.15669036
960657,950387,950386,358688072.5353629
950387,960657,021023,194827157.22817487
041132,950433,950435,121453363.15779051
041134,041132,950435,99160384.10945651
041132,041134,031123,90103840.56459418
950443,950445,031119,95850183.17629088
031119,950445,940083,106652296.8722762
02P120,950443,960683,
940084,02P120,960683,
02P120,950445,950443,
950445,02P120,940084,
031125,950448,021058,103234850.61713439
031125,031126,940085,92580953.38497926
031126,031125,021058,165509859.14824766
960684,940084,960683,35552816.522612855
031124,051142,021058,81574914.76278502
031124,051141,950447,87266243.16573249
051141,031124,021058,73714507.43262595
021050,031124,950447,103316290.68772347
051142,031124,021050,156509827.53917181
950437,041133,021059,87758604.43904127
051142,950437,021059,134408403.91266325
950437,051142,021050,91622878.87638053
950437,960681,041133,73799386.89071567
960681,950437,021050,91821799.49389237
021049,081165,021050,160651544.57020214
081165,960681,021050,83621791.3265161
081165,021049,950436,106292341.86062597
081165,950436,031117,122958125.91344668
970829,081165,031117,113791400.38194947
960681,081165,970829,103300965.14749996
950481,021087,950482,93691278.13157517
021087,950481,960714,141430902.1861969
021087,950489,950482,162882535.01255605
940094,021084,02P122,
950476,940094,02P122,
940094,960711,021084,97128937.43402395
950477,960711,021081,301884920.6589028
960711,021082,021081,311445830.3883416
960711,950476,021082,271969287.9987958
960711,940094,950476,209226022.4489413
950480,960713,021088,35671203.722301744
960713,940095,021088,20273218.502543718
950481,950479,021076,317978245.1603004
950489,960722,942004,165444975.0134314
950492,950493,960726,181152573.10616708
950491,950493,950492,
950493,960728,960726,197357526.5048739
950493,950491,960727,
960728,950493,960727,172042101.63868448
021067,960689,960690,186530014.88267106
960689,940091,960690,329321801.1331462
960689,021067,960772,131599015.08028732
960771,950450,950454,243741756.64335704
970831,960771,950454,233848842.93487877
960771,950451,021062,251195186.02856517
950450,960771,021062,191838227.86918062
021066,950455,950454,171739919.39767796
950455,950461,950454,367580297.86684006
950455,960689,960772,174712205.4075589
960689,950455,021066,155733839.0234145
950467,960774,02P210,
021091,950488,960777,298827760.79130745
940096,970834,960717,168742880.7041698
970834,950485,950468,280439022.01199436
970834,960718,950485,218534288.3752564
960721,940097,021092,132888068.14915554
960722,960721,021092,85780436.94689636
021093,940099,942004,211535449.46491447
960722,021093,942004,176591284.2282941
021093,950491,960724,
940099,021093,960724,
021069,970831,950464,117085706.7621928
021069,960700,960688,195580301.6105684
950465,021069,950464,177712412.77737385
960700,021069,950465,107043707.90663378
960694,970831,950461,154010962.92916542
960694,960696,950464,89315388.62357758
970831,960694,950464,240362280.84299594
960700,021070,960710,128610242.96945544
960701,021070,950465,168720374.2140649
021070,960700,950465,107490596.83864337
970837,960776,960719,177785607.51130787
960776,960721,960719,72854138.40319712
960721,960776,940097,153434992.7368162
940097,960776,021091,113429797.57096477
960776,960718,970836,56528843.06444398
960776,970837,960718,182979882.96696758
950488,960776,970836,107893442.83373433
960776,950488,021091,254908131.84588647
960720,960722,950489,62992521.58449758
960721,960720,960719,23892096.342646655
960720,960721,960722,33950734.390298665
970837,950486,950485,196394919.7281281
950486,021087,960714,206683562.4279999
021087,950486,950489,280484475.22413373
950485,950486,950469,370081834.97674537
950486,960714,950469,169471215.0266056
970828,950473,021080,548593278.5020312
960707,970833,021078,175791714.602614
950474,970833,960703,142690730.22423407
021039,021061,960686,159154399.91621906
940079,021061,021039,139436865.47169665
021061,960687,960686,181350764.80006468
960685,940079,021060,189815285.82000145
960685,021060,940087,260295838.25989217
960685,021061,940079,183259014.4078967
021061,960685,960687,165960031.96827543
950474,960704,950477,294537293.42709816
960704,950466,950477,133431407.86453666
960704,950474,960703,117254446.3382671
960701,960704,960703,69368434.47835448
950466,960704,960701,78041400.65160494
93020,93015,93010,78790834.77951142
93015,93020,93024,92038911.90978087
93015,93024,93021,188287399.46749023
02P107,93044,950227,
950226,02P107,95113,
960601,02P107,950227,
02P107,960601,95113,
93037,93025,93030,124395758.10967551
93037,960756,93025,117955417.02777158
02P107,93037,93044,
93037,02P107,960756,
960601,93060,960600,55609153.99996035
93060,960601,960599,24776604.101287022
93060,93059,960600,17983816.078756005
93059,93060,960599,12312143.351463841
970821,041136,071160,28596505.07852277
04S048,970821,071160,
93078,93073,93074,146498555.18488228
93089,02S043,970819,
93052,02S043,93089,
031102,950275,950277,311309152.91261554
93073,031102,93074,147938510.6858021
93038,960607,93070,191757714.95864096
020960,93035,93034,77432866.27997956
020960,93029,93035,66493826.860014245
93028,020960,93034,98726385.72092603
020960,93028,93029,75141600.97500579
93029,93066,93035,89349151.54884513
020984,950268,950267,228310025.75438842
020847,960616,93084,239922579.52975297
960616,020847,950277,204582816.35148966
950263,020979,950272,140631314.17670286
960612,950263,950272,263009875.5961306
031102,950263,950275,
960612,950271,00R019,
020984,950271,950268,250840039.29357934
960577,071158,940054,83123127.15912053
960575,940053,950252,
950327,960575,950252,
960575,950327,02P112,
950255,960575,02P112,
960575,950255,020973,
960575,020973,940054,
071158,960575,940054,
020971,950253,950252,
02P111,020971,950252,
020971,02P111,940053,
960574,940052,950253,
020971,960574,950253,152418120.57146454
960574,020971,960576,182458592.60466343
020966,960574,960576,170344594.88388422
020966,960576,071158,243018591.11308333
960577,020966,071158,236711210.05597335
020973,960578,940054,131252995.49107768
950255,960578,020973,172225717.84221548
970804,93026,950228,107424905.47585428
93028,970804,950228,122325001.53402522
970804,93032,93026,82607268.70329899
970804,93028,93034,53973284.08920333
970804,93034,93067,109630386.43276376
93032,970804,93067,113462010.63202515
93032,93036,93026,122280914.82548334
93039,93036,93067,140310440.68574768
93036,93032,93067,139810501.6154976
93020,93014,93025,248366970.9895838
93014,950225,93025,205937177.1929484
93014,93018,950225,88418416.40534337
93018,93014,93012,107044517.78049663
93002,020947,960590,287937506.9453876
020947,950213,960590,148744673.74551532
950213,020947,960581,219271731.96355543
020947,940042,960581,264624788.98488504
970806,950238,960571,86727215.77409285
970810,950238,970806,141458233.8236656
02P110,950241,020964,
950241,02P110,02P109,
940046,950266,00R015,
950266,940046,99R004,
940046,950270,99R004,
960570,950243,950245,116704617.80924688
950243,960570,950247,403453135.02002966
020967,960570,950245,168374305.00164744
950266,960570,020967,405160326.6411171
05S054,14P125,11S070,
020946,970800,020944,176502365.4476029
970800,020946,950214,126123779.3090924
950211,020946,020944,178792774.88242334
020946,950211,960581,269706369.25427264
940041,091176,020944,183364234.05828956
970800,940041,020944,94241416.00530763
091176,940041,101181,196508060.4225367
101181,940041,93022,
940041,950214,93022,
940041,970800,950214,34118838.52315444
950214,07S069,93022,
940042,07S069,960581,
07S069,020946,960581,
020946,07S069,950214,
950211,950212,960581,182148618.1783709
950205,091176,950201,164065380.11873034
091176,950205,020944,105468715.64808153
950205,950211,020944,133292043.97383314
020943,020940,010845,155529585.07433814
950205,020943,950211,188744884.20764506
020943,950205,020940,235979913.00869507
020903,950158,950156,246167134.01500407
950158,020903,07S063,
940024,960533,020894,237428563.51932627
960538,950151,960542,261437092.86143574
950151,960534,960542,212258456.02512673
940023,950149,960530,410236375.86436605
940023,02P102,960527,
02P102,940023,960530,
950154,940023,960527,
020898,940023,950154,
091174,020898,950154,264672298.33127263
020940,960560,010845,157822001.2002931
960560,960559,010845,211104485.0391947
970797,950178,950180,219091906.33451173
960560,07S067,960559,
07S065,02P205,960550,
960547,020905,970795,380977433.35814416
020905,960547,950164,244745820.0891445
950164,960547,940028,333925921.7824588
940028,960547,950167,142413129.15031877
020907,960547,970795,254585588.9265818
960547,020907,121191,
950163,020907,970795,287007214.66917586
020907,950163,950166,309899027.56785345
950163,950165,950166,248151433.24985528
950165,071159,950166,290635257.1825235
950343,960647,950345,152067288.82327276
960647,950343,950329,139037265.6253316
021001,960647,950329,112150622.50657038
960647,950342,950345,170330897.5122912
950342,960647,950328,291518741.493807
960647,021001,950328,187102191.25025368
020999,041139,960636,109917822.92863305
950309,960633,021101,147889222.52142218
950309,061148,950304,454876730.8944453
950321,051143,021101,409381141.3930507
031107,970824,950367,200296089.81763446
940066,031107,03P214,
970824,031107,940066,102609344.94530018
950348,950332,950331,204791181.31821093
940067,950332,950348,257032397.80464736
940067,950355,950336,108211146.03054221
950336,950355,950337,114446426.93268535
950355,950340,950337,179686089.5737534
950340,950355,950356,333059336.832205
950261,020978,950319,141490305.36582386
020978,081170,950319,209336100.39901817
020978,950261,950259,
960643,081170,021003,108725516.85955837
081170,960643,950322,75054050.30459116
960643,950324,950322,112454171.33090319
950324,960643,960644,68185864.16050145
950371,071154,031110,57884552.16655986
071154,950371,950372,182450747.5833645
031110,071154,121193,
071154,950372,03P215,
031112,950374,121193,
071154,031112,121193,
031112,071154,03P215,
960653,031112,031122,
031112,950423,031122,
950363,950361,950362,82743515.45221986
950361,950363,950369,176641007.65398172
950363,960652,950369,438903469.3105701
950363,950422,960652,
950359,950358,950360,101840259.29664743
950359,950361,950369,270920670.91489846
950361,950359,950360,127954088.90681376
021004,950359,950369,251933431.68405017
950359,021004,950356,298665993.67855537
950352,950359,950356,186651465.48287243
950358,950359,950352,54989183.3211929
960673,950363,950362,74775372.66460346
031112,03P216,950423,
950422,03P216,03P215,
03P216,031112,03P215,
031120,031121,950442,116035282.59003171
950445,031120,940083,63814439.17228502
031120,950445,031121,
950439,031120,950442,137104506.10166907
031119,010846,970830,121436728.23944126
010846,021046,970830,144646233.1499608
010846,950431,021046,129765961.80709195
950431,950419,950428,96174944.57654674
950419,960674,950428,148436512.523155
960674,950419,111189,114731021.10495025
950423,031116,950424,106771874.54445833
03P216,031116,950423,
93102,020997,071161,92561556.66330074
020997,93102,950303,80187186.60148159
031105,061149,950314,74066515.43675613
031105,061148,061149,93607740.90963139
940065,031105,950314,38812158.58952926
061148,031105,940065,63662902.434511445
940063,950300,960629,117340188.52485731
960631,950299,960633,164004885.5089543
960631,960632,950304,27190702.405633602
020993,970812,950291,43669385.20373731
950321,970812,960638,165299892.0674569
970812,950285,960638,291934202.21193844
970812,020993,950285,93203793.0272686
970812,950321,021101,317273068.58981836
950294,970812,021101,136264661.03280607
970812,950294,950291,60236208.6141511
950299,970822,960633,103506819.17951217
970822,950294,960633,211721451.37890476
950294,970822,031128,124950954.7901483
970822,940060,031128,126560376.63525751
950260,960579,960580,122091995.07624191
960579,940055,020975,169803348.91107777
960579,950257,940055,133640769.86837213
950259,960579,020975,153845790.9910428
960580,960579,950259,113635682.72336401
960512,020869,950118,183873004.43129727
020869,950115,950113,113459429.68819094
950118,020869,950113,178690332.0421248
950115,020869,950109,
950109,020869,950119,
020869,05S050,950119,
960517,020884,940013,104672271.85835107
020884,960517,950120,169443504.8162833
960517,940013,970785,
950120,960517,970785,
940018,950147,081173,
950147,020892,081173,350243100.7753418
940022,950147,960529,72337298.65836559
950147,940022,020892,204537034.78522083
950139,970792,081173,
970792,940018,081173,
970792,950139,950135,320053713.8273292
061150,970792,950135,201835093.50599107
940018,970792,061150,125687080.16201748
960526,061150,960525,49619519.385048814
960526,940018,061150,35585524.82882308
020877,020872,950117,252438052.32825503
950117,020872,970785,210251669.8730106
020872,940008,970785,328976330.85145783
020872,960509,940008,515084892.7220119
960522,960523,950136,189837732.69541806
960522,950132,940014,236324130.49500448
950132,960522,950136,280893537.468425
940013,020876,970785,
020876,950117,970785,129054775.05590482
020876,020877,950117,234174117.8279984
960523,950128,950135,355332927.0158708
950128,950129,950135,449821455.5296027
950129,950128,940013,514180955.29004425
960522,950128,960523,212177171.29690826
950239,950240,960568,168400798.40497154
020961,950239,960568,90208763.28598523
950239,950238,970810,110659557.06352393
950238,950239,020961,86520668.1789278
950240,970807,960566,64800256.37093847
960566,970807,950237,60309778.47805399
970807,970810,950237,116055775.73142159
970807,950239,970810,118982700.23019738
950239,970807,950240,199350320.45477358
020952,950242,950246,275635701.0543718
950240,950242,960568,170676396.14016715
950242,950240,950246,195876324.39042544
020963,020961,960568,319142181.33796227
020961,020963,950206,317511596.01341033
950242,020963,960568,241172302.7971264
020963,950242,020952,502778774.85861474
020963,020952,950220,322495230.9851065
020964,950244,020962,102904933.91267961
950244,950246,020962,156866447.3679791
960752,020954,020955,159695112.27312404
020952,960752,950220,243713212.11313927
020958,960613,950264,365837032.98754084
960613,020958,020957,414851847.4394382
020956,960753,93005,108578636.41079822
020956,960592,960753,249923949.16402414
950222,020956,93005,124919363.15145056
960592,020956,020955,158860297.6855419
020956,960752,020955,196113384.03387094
960506,960508,940007,167253356.52099112
020862,960508,960506,244564450.47685298
020865,960508,020862,196995449.83990178
960508,020871,940007,219278845.46383485
020871,960508,020865,256530297.98234975
020871,960514,940007,308974085.8267874
020880,960514,940012,270808430.31149846
960514,970790,940012,
970790,960516,940014,461104122.4524452
960516,020877,940014,265981206.70371702
960514,960516,970790,
960516,960514,020871,503069515.34057164
950162,950164,111184,94654754.30661543
950162,07S064,950164,
940019,950162,111184,
07S064,950162,940019,
940027,020905,950164,182584718.78484684
07S064,940027,950164,
940027,07S064,07S063,
020903,940027,07S063,
940027,020903,020905,316477386.65584904
960507,05S049,970784,
020870,05S049,940005,
970784,05S049,020870,
05S049,960513,940005,
05S049,960507,960513,
020861,960503,950111,311433090.6038054
020866,020861,950111,243911509.20625004
020881,940010,960531,236491643.95946264
960515,020881,960531,235006557.18852717
020881,960515,950122,160136211.52247953
970787,020867,940007,262701389.62375477
960514,970787,940007,245298868.1223451
970787,960514,020880,265011124.4088101
970787,020880,960518,292167912.190275
091177,970787,960518,290225477.6841993
020867,970787,091177,361084983.0221454
020879,020874,091177,187686331.33418533
020879,091177,960518,161744042.6701524
020879,960521,131199,
020874,020879,131199,
020887,020891,03S047,
950144,020891,950142,156891236.84207737
020891,950144,03S047,
020891,020890,950142,304926237.01982105
020891,020885,020890,
020891,020887,020885,
020887,950134,960521,194642893.96641397
950134,020887,03S047,
940011,020886,020883,227840444.3534396
950112,020886,05S053,
02P203,950112,940010,
02P203,05S052,950112,
020881,02P203,940010,
02P203,020881,950122,
960513,950124,950122,308824239.16487443
950124,02P203,950122,
02P203,950124,05S052,
000843,950378,021016,250494223.97882435
950392,960660,950394,282082320.2054966
960660,950392,021026,196100967.34350333
960677,960766,940077,231879737.30117586
960762,950360,950354,239189836.02654797
950347,960762,950354,145554737.22058716
950344,960762,950347,170550061.01467568
970823,950344,960648,176155459.85021752
950344,950347,960648,165531277.84407568
021044,021029,960676,135246996.14493138
950417,950429,960674,107936193.94258636
950421,950417,121192,
960646,950328,960645,188186935.70740426
960646,950342,950328,192689506.3337686
950341,960646,960645,124191920.01286902
970823,960646,950341,113742771.98975228
950342,960646,970823,184392620.89360294
021030,950398,950385,220575239.92536122
950381,950398,960662,261560611.01015428
950401,950398,960663,361055227.1242543
950398,021030,960663,270701115.19255024
021019,940074,950385,199723478.37323374
950398,021019,950385,323033287.9458836
021019,950398,950381,269330308.3950035
111187,021019,950381,181225813.11326292
021019,111187,960656,220931469.87767082
940074,021019,960656,136363224.91292074
071157,950403,071164,163710598.56339335
071164,950403,950399,151735767.65954056
950403,960657,950399,328569386.3852436
960657,950403,950400,142338049.73069656
950400,950403,061151,151276163.58679515
950403,940078,061151,162421455.75960568
940078,950403,960666,167084717.30227384
950403,071157,960666,169731131.76161703
960768,950402,061151,207691882.95323125
950402,021031,960663,94087172.67425908
950402,021023,061151,308350379.9732302
021023,950402,960663,209229516.439899
960679,960667,021035,233195472.7463645
960679,021048,950433,197262212.387646
021048,960679,950434,179672633.03429663
021036,960679,021035,237864409.76355815
960679,021036,950434,358549516.8249662
131197,960679,950433,
960679,131197,960667,
950472,960706,021077,238182137.5014621
970833,950472,021078,130556331.2140887
950472,960705,021078,87495326.1171336
960705,950472,021077,241073020.16560766
041137,950472,950474,102189968.43590622
950472,970833,950474,138281290.16189286
950414,960769,021038,124650355.91900846
960769,950414,960672,319557710.5745751
950414,021040,960672,163023266.64294413
051147,950410,021037,201323655.51355708
950410,051147,021038,211927695.03315708
051147,950414,021038,140423480.55938536
950414,051147,021040,172710935.25921905
051147,021037,950412,229002769.1126368
950470,051147,950412,599111186.5259097
141205,021052,970830,
021052,950443,970830,211860421.2759783
081166,950445,940084,82280278.72085054
950445,081166,031121,
081166,940085,031122,
960684,081166,940084,62324029.58762993
081172,051141,950448,79985193.41790804
081172,081166,960684,69465952.52658203
031125,081172,950448,59376617.72846787
081172,031125,940085,55619622.58536725
081166,081172,940085,
021056,960684,031123,96069773.36067717
051141,021056,950447,81662587.01410016
081172,021056,051141,67935265.74263577
021056,081172,960684,105607797.81062366
021056,041134,950447,189161945.17799908
041134,021056,031123,32319073.00358874
940095,021085,960715,192131485.94445798
960713,021085,940095,37993083.533368036
021085,960713,950480,80140613.3853526
950466,950478,950477,322918123.16095746
950479,950478,021076,210217711.89735988
021076,950478,081169,323681406.6427854
950478,950466,081169,182633522.91560954
950490,960722,021092,181465021.25544968
950490,960723,950491,
021093,950490,950491,157880399.6455959
950490,021093,960722,310089010.5962374
950490,021092,940098,239976317.65416163
960723,950490,940098,
940091,960770,021065,137197878.29808968
960689,960770,940091,102881333.6363691
960770,021066,021065,147623714.1135933
960770,960689,021066,135651852.113594
02P210,021068,960772,
960774,021068,02P210,
021068,960693,960772,186685587.95522317
960693,950455,960772,221458584.47212312
950455,960693,950461,192921242.6140555
021074,950467,960717,171218698.12541232
021074,960774,950467,178263163.51104102
970835,940096,960777,
950488,970835,960777,
970835,970834,940096,117410893.70890462
970835,950488,970836,144887515.62790582
960718,970835,970836,118313922.60931918
970834,970835,960718,200614211.60995606
950453,960771,970831,139840350.23647407
021069,950453,970831,107266024.70900446
950453,021069,960688,138631071.29666665
950451,950453,960688,234294888.17515635
960771,950453,950451,151694348.4861831
021089,970837,960719,120898618.5600923
021089,950486,970837,89959379.65154079
960720,021089,960719,49876176.72431378
021089,960720,950489,98341891.93545285
950486,021089,950489,75024275.99809621
960709,950473,960706,136664906.66770813
950475,960709,041137,251012899.9425558
950472,960709,960706,146928916.40484002
960709,950472,041137,205513223.62719354
021079,950475,021082,135420932.18560603
021079,960709,950475,205535958.96840036
960709,021079,950473,159048998.7645145
970833,960699,960703,128616066.20546518
960699,970833,960707,108775294.50507927
960699,960701,960703,99060036.02810478
960710,960699,940089,125682383.10016419
960699,960707,940089,135771567.71285957
021070,960699,960710,163647227.7079438
960699,021070,960701,204136642.34954733
950451,021063,940087,200757623.77304608
021063,960685,940087,226828959.15920368
021063,950451,960688,210471185.96326008
960685,021063,960687,103335028.19450669
950452,021063,960688,184395139.5019362
960687,021063,950452,135119080.447906
93059,93057,960600,89000049.21068366
93057,93059,93055,
960596,93057,93055,110911481.23437746
93035,93051,93034,
93051,93048,93062,82708426.01939748
960759,93051,960594,127525233.63045532
93051,960759,93034,
95105,92106,101183,20730733.21379118
93048,95105,101183,22097826.67232767
95105,93051,93035,
93051,95105,93048,160021728.8370458
960597,93057,960596,32882907.29773013
960600,960597,141202,
93057,960597,960600,114689595.2930168
93053,960596,93062,340010915.362848
131194,93053,93062,
93053,960597,960596,
960597,93053,960628,
93085,02P114,990838,
000841,131194,93062,
000841,93048,101183,7105090.818282999
93048,000841,93062,19262657.66779547
92106,000841,101183,7459396.655615748
000841,92106,93046,24834742.93150187
131194,000841,93046,
960756,93041,950226,79654042.35791731
93041,02P107,950226,
02P107,93041,960756,
970821,93050,041136,20719953.81650369
93099,93050,93084,131606584.49889234
93050,93090,93084,167729498.05759975
93090,93050,03S045,
93050,93097,03S045,
93097,93050,04S048,
93050,970821,04S048,
93078,93077,93073,160843854.98055375
93077,93081,950296,56483396.87815103
93081,93077,93078,87417360.69581488
020847,950295,950277,125323497.3861025
950295,970818,950277,150150096.435483
950295,93090,970819,91258323.57217531
950295,020847,93090,157045706.47004074
02S043,950295,970819,
93091,93052,93093,37719716.67235226
93091,970820,141209,
93091,02S043,93052,
000842,970820,02P115,
93081,000842,02P115,
000842,93081,93078,75235228.95591025
970818,93079,950277,119904932.93255083
93079,031102,950277,285682683.79867816
031102,93079,93074,106010618.97428359
93079,970818,141209,
020981,960606,940048,73097856.91874081
960606,020981,93070,177543815.8408386
950230,95105,93035,143607695.69308946
93065,93029,93063,165513191.43609378
93065,93066,93029,120903491.81045929
960607,93065,93064,98436077.23576201
960754,93065,93063,138217507.77798423
020957,960610,950272,172777660.87571144
950271,99R006,00R019,
99R006,950271,020984,
020983,950266,99R004,
99R006,020983,99R004,
020983,99R006,020984,
960570,020983,950247,282615520.2819535
020983,960570,950266,271994288.24879414
950247,020983,950267,139782409.81276605
020983,020984,950267,132027372.70371655
940047,031127,960615,158840941.16152716
99R006,960608,00R019,
950270,960608,99R004,
960608,99R006,99R004,
960611,960609,00R015,
960609,960608,950270,51240389.900892764
960609,940046,00R015,
940046,960609,950270,51689513.138997614
960616,950278,93084,127946444.89012448
020987,950263,960612,176724716.9835379
020987,940047,960615,141106336.31209382
950275,020987,960615,137026263.62421066
950263,020987,950275,362922697.2638246
020987,960612,00R019,
93069,031102,93073,202125272.47476342
93069,950263,031102,
93071,93069,93073,91756206.00858314
93069,020981,940048,102905912.24246064
020981,93069,93071,80808612.0079783
950271,020985,950268,104806330.43869266
960610,020985,950272,97852654.52011454
020985,960612,950272,210116060.9927158
020985,950271,960612,135453785.82030195
020985,03S046,950268,
020985,960610,03S046,
020969,960577,940054,157002897.02891132
960578,020969,940054,243705760.7012932
020969,960578,950251,316465082.5649246
020969,950251,960573,245539916.1615877
020972,020971,940053,115704337.50544105
020971,020972,960576,152106384.19871357
960575,020972,940053,152760258.5097809
960576,020972,071158,166526397.11500388
020972,960575,071158,164597597.58590424
950248,020966,960577,224533291.7465359
950248,020969,960573,112111820.02324744
020969,950248,960577,249283818.4832985
020976,950258,950285,273758045.0808336
950298,970822,950299,85697898.97056364
970822,950298,940060,141358998.49716064
020994,950292,960629,104336548.29086389
950292,950298,960629,110614966.62948373
960572,020967,940052,98568427.80707185
960572,950250,020967,187027840.82185912
020967,041138,00R015,
950250,041138,020967,224697142.06286985
041138,960611,00R015,
93023,93016,93026,170918612.67185292
93036,93023,93026,375567248.58214027
93018,93023,950225,92468849.15173788
950225,93023,93030,152987057.29448745
93023,93036,93030,361145968.265635
93016,93023,93012,166362588.7541641
93023,93018,93012,112360953.30933426
93036,93045,93030,153327621.65217796
93045,93037,93030,149029301.39218515
020959,93045,93039,70111990.18721446
93045,93036,93039,104115966.4306489
93045,020959,93044,59940776.46179601
93037,93045,93044,188317151.59942573
950224,93008,93013,83743758.24607316
93008,950224,93012,112310380.71730551
960584,93020,93010,280509547.7772746
960584,93014,93020,178759499.41831082
940042,950216,93004,176312475.73033506
020947,950216,940042,176719673.95146608
960559,960561,010845,198883225.68777603
960561,950209,020948,309477574.4855597
960567,020964,020962,180303574.47706646
960567,02P110,020964,
950179,14P125,111185,
950179,970797,020920,172650431.44368073
970797,950179,950178,214553270.01050356
07S069,93009,93022,
93009,07S069,940042,
93009,940042,93004,
93009,93021,93022,173427279.20313406
93009,93004,93010,281009632.00142074
93009,93015,93021,215876810.32777193
93015,93009,93010,214018364.61645696
960561,020942,010845,98181662.91567615
020942,960561,020948,178592324.68503848
020924,950181,020922,295056370.71543443
091174,950181,950155,264584699.2865317
940024,020896,960533,235715294.15016004
020896,940024,950152,166107257.13637227
960533,020896,950158,
950150,020895,020894,259013680.54535574
020895,940024,020894,232439042.37361804
950155,960541,960538,187045328.98622587
020897,940023,020898,
960534,020897,960542,241255209.72477755
020897,960534,950149,
940023,020897,950149,
960540,960538,960542,158812129.29162067
960540,950155,960538,90707479.21580666
960540,091174,950155,109826953.58651482
950200,07S067,960560,
950200,960560,020940,108693692.43929547
091179,950179,111185,145626185.934394
950179,091179,950178,146620189.1876092
14P125,06S059,111185,
06S059,14P125,05S054,
960549,06S059,05S054,
091179,020917,950178,177571218.9137085
950236,020961,950206,607482957.3290591
950204,950236,950206,214113930.11493036
950236,950197,960564,
940049,950231,960564,271377529.1241482
950197,940049,960564,217201263.5583268
950194,950231,02P105,
950194,02P104,950232,
950231,950194,950232,
940050,970806,960571,126210689.93266548
940050,950231,950232,
950233,940050,950232,
940050,950233,970806,389854463.5947983
960556,020917,020931,399855194.1387577
960556,940035,950178,222441546.6037977
020917,960556,950178,611888200.0246136
960557,07S067,950180,
020921,091174,950154,409975798.3990642
950181,950182,020922,166995484.0280822
950182,950181,091174,442038715.32296395
020921,950182,091174,348732670.3795844
950182,020921,950184,95902562.01754586
02P205,950171,07S066,
950171,02P205,07S065,
06S057,02P205,07S066,
02P205,06S057,960550,
020911,020910,940029,168967102.80340365
020910,071159,940029,219006722.7074389
950171,960546,07S066,
020910,960546,121191,
960546,020910,020911,243197373.7095725
970796,071159,960544,317716266.89904165
071159,970796,940029,248275710.11042383
970796,020912,940029,123513988.59044151
071159,020908,960544,273995852.74482316
950165,020908,071159,270650122.3750949
960543,950165,950163,167311426.16352522
960543,020904,970798,168577857.67121413
950165,960543,970798,335273039.5957939
950311,020999,960636,95124814.71450846
020999,950311,041129,98421180.93697082
061148,950311,960636,82002363.8010176
950309,950311,061148,356594072.6452627
041139,031106,960637,72658674.42073137
020999,031106,041139,100627878.96189384
950309,02P116,960633,
02P116,960631,960633,
960631,02P116,960632,
960632,02P116,950304,
02P116,950309,950304,
051143,960634,021101,166153464.16773793
940062,051143,950321,185661267.36125764
940062,950320,960639,137094982.41936445
940062,950321,950320,171696679.32656297
071156,950315,950367,85780751.94130988
950315,031107,950367,81401569.12146868
950315,071156,950316,21232710.03870948
950315,950316,03P214,
031107,950315,03P214,
950353,940067,950348,153923042.13023955
950353,950355,940067,63092625.8419996
950353,950348,950351,117065603.63535857
950353,950351,950356,84728773.43478717
950355,950353,950356,77779164.62338775
960642,950332,021003,75730104.73106182
950332,960642,950331,191502297.75554907
021002,960642,960641,178533703.8259414
960642,021002,950331,171227382.2006095
081170,151210,021003,
020978,151210,081170,
151210,020978,950259,
151210,950327,960641,
950327,151210,950259,
950333,960643,021003,101159902.02757527
960643,950333,960644,54609355.573107876
950332,950333,021003,71017819.33233804
960644,950333,950335,110565687.20400108
950333,940067,950335,191143090.20061415
950333,950332,940067,151133598.46982828
021013,031112,960653,66218523.11541279
031112,021013,950374,85075505.20942272
950374,021013,041130,48321872.48471699
141203,021013,960653,
021013,970826,041130,86434536.7016465
021013,141203,970826,
960673,970827,950416,131618622.90068798
950416,970827,021041,139650315.83358398
970827,950415,021041,87089283.09140985
950363,131198,950422,
960673,131198,950363,
131198,960673,950416,
131198,03P216,950422,
071152,950439,950442,74770353.62231167
111189,041131,121192,
950439,041131,111189,162108192.04268786
071152,041131,950439,64149241.84766651
041131,950421,121192,
950421,041131,071153,106934867.26231864
021051,031119,940083,68937443.31961223
021051,010846,031119,127032885.32567589
950419,141207,111189,
141207,950439,111189,
950439,141207,031120,
031120,141207,940083,
141207,021051,940083,
141207,950419,950431,
010846,141207,950431,
021051,141207,010846,
950420,960675,950424,109396580.8616918
031116,950420,950424,132652963.44031939
950420,031116,021041,76166288.00693922
950415,950420,021041,98029599.36481562
950418,950420,950415,147117539.50438812
031121,950444,950442,12465502.145177366
021053,950444,031121,46254870.1480052
950444,071152,950442,70421181.18447213
950440,960675,071153,163762815.32061997
950440,950441,960675,242484757.0299025
041131,950440,071153,150216986.64401078
950440,041131,071152,95912472.85926615
950440,950444,021053,48040994.07241337
950444,950440,071152,175174851.80678663
950441,021055,031122,31147599.36629007
950440,021055,950441,148525629.28758386
021055,950440,021053,62494076.95612044
93102,93103,93099,84725819.11622025
93050,93103,041136,74995160.95457633
93103,93050,93099,74348651.41966087
020996,950305,950303,91169658.44752865
101182,960512,960519,109402591.26135379
101182,020869,960512,378726869.8041403
05S050,101182,960519,
020869,101182,05S050,
960528,950147,940018,261263775.8099422
960526,960528,940018,201812835.3074835
960528,950146,960529,71424548.18623598
950147,960528,960529,75486673.23219213
960528,960526,960525,248507765.77687323
950140,960528,960525,782217536.7921197
950146,960528,950140,202326316.75762329
020877,960520,940014,171337185.9712209
960520,960522,940014,150812673.79166356
020876,960520,020877,207964592.37575448
960520,950128,960522,236565267.26814568
950128,960520,020876,277430171.7473431
020882,020876,940013,102221857.26701196
950128,020882,940013,116742389.240569
020882,950128,020876,148306834.96376663
960752,940044,020954,124704614.71881911
93065,141206,93064,
141206,93065,960754,
141206,020958,950264,
93064,141206,93070,
960606,141206,950264,
141206,960606,93070,
960753,950223,960754,108651030.11269596
960592,950223,960753,240796259.09030747
950223,141206,960754,
141206,950223,020958,
960593,960592,940045,111249697.7118348
020957,960593,940045,108204141.6572174
020958,960593,020957,218554990.38632128
960593,950223,960592,195272255.29053894
950223,960593,020958,163560671.17901856
022005,020872,020877,294087227.71608216
960516,022005,020877,307828334.591438
020872,022005,960509,214276553.39875653
022005,960516,020871,430059699.29865545
022005,020865,960509,247438095.65553862
022005,020871,020865,312317832.7152139
950121,960511,020866,339069552.43584627
960511,020861,020866,203449772.05262133
970789,020887,960521,258243468.17077252
020879,970789,960521,268004219.30961052
970789,020879,960518,151223550.0141223
020887,970789,020885,368885556.978348
020880,970789,960518,166585220.09622005
970789,020880,020885,400415215.786605
950138,970793,940015,286111196.7765334
970793,03S047,940015,
970793,950134,03S047,
970791,020886,940011,161084679.23875982
970791,940011,960521,305206899.89998657
970791,950138,05S053,
020886,970791,05S053,
05S052,970788,950112,
950124,970788,05S052,
020886,970788,020883,439444849.95988303
970788,020886,950112,266107605.86332536
970788,950124,960513,327124235.6266496
970788,950121,020883,224377633.65695593
960655,950380,950390,113456396.61503936
041135,950389,021016,195723300.58730173
950389,041135,021026,118855719.95172843
950392,950389,021026,152657694.67016342
021029,021028,960766,171864336.31731546
960766,021028,950394,179117833.85998505
021028,950392,950394,248170335.40505219
021029,950397,960676,149994540.36345524
950397,021029,960766,156502783.50598702
960677,950397,960766,22668554.16232896
960674,950427,950428,183691842.8061849
950428,950427,940077,
950427,960677,940077,269084023.974835
950429,950427,960674,147644659.81932938
950346,970823,950390,216716914.57085547
950346,950344,970823,173244603.63249478
950357,021006,950425,238603552.23924717
021006,950357,940071,97916042.88121803
970827,950357,950425,
950357,970827,960673,
950357,960673,950362,
950357,960762,940071,51266644.1097892
950360,950357,950362,389485529.5165368
960762,950357,950360,463114175.2148549
960762,950350,940071,64401987.428621925
950344,950350,960762,121273313.94384839
950346,950350,950344,161950578.49163324
950350,021006,940071,100161347.6677753
950350,950346,021006,184186852.26727825
141204,021044,960676,
141204,950429,950417,
950397,021045,960676,119610836.10715602
021045,950397,960677,38132425.34341487
021045,141204,960676,
141204,021045,950429,
950427,021045,960677,119837445.1737903
021045,950427,950429,166865806.65052816
950398,960664,960662,286800714.28894234
960662,960664,950394,275483179.33706224
021032,960664,950401,195685978.53639793
960664,950398,950401,309863010.22743064
950394,960664,940077,333766091.4937409
960664,021032,940077,156263176.7921247
021047,131197,950433,
131197,021047,141205,
021047,021052,141205,
041132,021047,950433,233983851.27108037
021052,021047,041132,192425410.75434887
960678,131197,141205,
960678,021046,960767,
960678,141205,021046,
940088,051147,950470,
950473,940088,960706,179568900.8468329
940088,950473,970828,355210307.6618728
960706,940088,021077,126034173.44141035
940088,950470,021077,149324345.55660862
021040,940088,970828,
051147,940088,021040,
021054,021052,041132,88612425.5666673
021054,960684,960683,126279507.69476728
950443,021054,960683,125733811.95461373
021052,021054,950443,170508132.4086097
021054,041132,031123,102008112.59566577
960684,021054,031123,141181126.45616275
021085,021086,960715,107709830.56596656
021086,021085,950479,158806209.7352723
021086,950481,960715,157194764.06665483
021086,950479,950481,238402193.5567403
950478,021083,950477,190425354.82814214
021083,960711,950477,141491508.0505357
950463,021068,960774,161793273.91488183
950463,960693,021068,169497410.93976575
021074,950463,960774,112289303.48095003
970834,960775,960717,291239068.34152484
960775,021074,960717,127725571.08821887
960773,960775,950468,219550185.7566092
960775,970834,950468,289153252.5805689
950476,940090,021082,238146046.44470093
940090,021079,021082,268028461.14531657
940090,950476,021080,178692108.07642785
950473,940090,021080,270439298.17954105
021079,940090,950473,139101322.74830562
960596,960595,93062,321870666.37132984
960595,93051,93062,71937809.01768571
960595,960596,93055,105362919.82460405
960595,93055,960594,28549285.123205204
93051,960595,960594,15157417.994840866
95105,93042,92106,59037700.91744316
92106,93042,970813,92949011.05866924
93042,93068,970813,77622576.42518349
93042,950230,93068,52792798.90133347
950230,93042,95105,54231743.19402246
960597,960598,141202,
960598,960597,960628,
950297,93053,131194,
93053,950297,960628,47312120.74832511
93086,091178,141202,
93086,990838,091178,
960598,93086,141202,
93086,960598,960628,
93043,93076,051144,161619405.36980334
93088,93091,141209,
93091,93088,02S043,
93088,950295,02S043,
970818,93088,141209,
950295,93088,970818,53415055.19602389
990838,990840,091178,
950296,990840,990838,465663853.60200876
93081,990840,950296,108338963.50911503
990840,93081,02P115,
93091,93092,970820,45230035.73799133
960623,93092,93091,31501580.68045658
970820,93092,02P115,
93092,990840,02P115,
93092,960623,091178,26113417.610365026
990840,93092,091178,67264027.63982773
93094,960623,93091,29993384.585771237
93094,93095,091178,26636972.957072087
93094,960624,93095,11312636.620461473
970820,970817,141209,
000842,970817,970820,63113525.568829976
970817,93079,141209,
93079,970817,93074,59136517.372553915
970817,93078,93074,99709182.13069728
970817,000842,93078,97953175.7762601
960621,93043,970813,33823371.33502724
93043,960621,93038,37957589.007906415
93068,960621,970813,64615332.53317038
960621,93068,93038,81366061.05548377
93066,950229,93035,53379845.614990026
950229,950230,93035,37329964.47854246
950221,960591,950265,119200685.47278035
03S046,950221,950268,
950268,950221,950267,364806047.2850139
950221,950265,950267,354051055.4330922
960591,020982,950265,215049011.25913012
950265,020982,020964,278553854.40887976
020982,950244,020964,163976914.04843554
950244,020982,950246,237573126.68401045
020982,960591,020954,310443963.4035967
020982,940044,950246,354217209.8405695
940044,020982,020954,193835071.64540377
950276,960616,950277,241543373.4046372
950275,950276,950277,248403363.66755712
950276,950275,960615,200598240.5540087
031127,950276,960615,219661736.63300142
020986,960609,960611,206228318.55563715
020986,031127,940047,130070300.09533142
960609,950273,960608,66285145.47571409
960608,950273,00R019,
950273,020986,940047,160789344.0722166
020986,950273,960609,204063300.25662735
950273,020987,00R019,
020987,950273,940047,159195426.30419263
031103,93102,93099,77723011.20534481
93102,031103,950303,66820425.83369186
950300,950293,020994,124986060.43570937
940061,950278,960616,125928423.19664204
940061,950293,950278,128581901.48183972
950263,970809,020979,151336516.7465151
93069,970809,950263,172629833.3030882
970809,93069,940048,151199193.5763295
970809,960613,020979,165155577.24661914
950264,970809,940048,146323216.3185193
960613,970809,950264,313178661.8756897
020993,950286,950285,95276945.83159257
950286,020976,950285,166254584.9722735
950256,950258,020976,191892706.72991985
950258,020977,950285,281030266.4683145
020977,950317,950285,427523633.9891674
020977,950260,950317,167971629.9056472
020977,960579,950260,131373836.97997183
960579,020977,950257,174701545.02353072
020977,950258,950257,242276390.3247032
960630,940063,960629,48911616.176189385
950298,960630,960629,103292827.78920367
960630,950298,950299,111182005.23336037
960631,960630,950299,138676135.72397876
02P207,960572,940052,
960574,02P207,940052,
020966,02P207,960574,
93008,93007,93013,116471518.60794468
93007,93008,93003,161256693.77157173
93007,93011,93013,141545956.90617007
960583,960582,93003,137146968.72111303
960583,93008,93012,146663041.30456534
93008,960583,93003,121195327.89451121
950215,93002,960590,136338964.25920266
93006,960584,93010,108618979.45279889
960584,93006,93002,172281587.08477646
93004,93006,93010,152423939.3441713
950216,93006,93004,192633097.5786765
93006,020947,93002,354283041.8064314
93006,950216,020947,199003363.031172
950209,960586,020948,271908492.85043514
960586,950217,020948,309749147.21658576
950202,960561,960559,108052009.66826488
950209,950202,020939,251601634.27753714
960561,950202,950209,236043020.2996062
950217,960585,020948,169683762.26931572
960567,940051,02P110,
02P109,940051,960566,
02P110,940051,02P109,
940051,960567,020962,67509665.12054576
950240,940051,020962,171232741.30886972
940051,950240,960566,202614924.08358374
940038,950179,020920,194406596.0627677
950179,940038,14P125,
14P125,940038,11S070,
11S070,940038,950201,212160923.2570479
940038,020920,950201,229699110.7520751
960535,020895,950150,218774121.69511735
960534,960535,950150,488876111.08725995
950151,960535,960534,192424977.2211212
010844,950151,960538,321292453.39232266
960541,010844,960538,194045054.97857526
950181,950183,950155,197527114.0356903
950183,960541,950155,444736668.0942312
950183,020924,970798,253052328.4776319
950183,950181,020924,422157756.85292786
020904,950183,970798,190852258.8808178
950161,950159,020904,303549426.0439626
960543,950161,020904,118285034.95432396
950161,960543,950163,89555651.18621564
950161,950163,970795,177408455.6063187
020897,940026,960542,273756256.82368505
940026,020897,020898,416601288.19580257
091174,940026,020898,255421478.9766734
940026,960540,960542,255858378.99915776
960540,940026,091174,180822955.8995222
020924,950187,970798,270319213.88622916
07S067,020936,950180,
950200,020936,07S067,
020936,970797,950180,154813037.19093424
970797,020936,020920,215667043.84352446
020936,950200,020920,205300904.16173822
020938,950200,020940,124043546.33674972
020938,950205,950201,225369026.7021342
950205,020938,020940,205427692.83162653
020920,020938,950201,233313491.41568783
950200,020938,020920,190637907.68329015
020928,950193,020913,140743534.26261926
020928,970796,960544,274096960.7982877
970796,020928,020913,267713550.11293158
950190,020928,960544,199326153.11673203
020916,950173,020915,95941266.50004391
950173,020916,020912,265566536.7814628
950173,970796,020913,235104519.39839378
970796,950173,020912,238567071.47198996
06S055,051145,020914,
051145,06S055,020911,
051145,020916,020914,134274222.82292312
020916,051145,020912,211619655.93632206
051145,020911,940029,160034937.83268437
020912,051145,940029,99546084.80173281
020916,020918,020914,171800690.70037463
131201,091179,111185,
020917,131201,131195,
131201,020917,091179,
950176,020916,020915,93133401.53133665
950176,06S059,960549,
020918,950176,960549,77520233.139249
950176,020918,020916,93881731.42334399
950174,020917,131195,
950174,950173,020913,158585485.71152604
020917,950174,020931,261410763.35236838
950174,131195,020915,
950173,950174,020915,122219468.09611356
950174,950193,020931,442192418.86717826
950193,950174,020913,199185579.81185535
950236,111186,020961,430492068.90390676
950238,111186,960571,57607713.48559799
111186,950238,020961,135058612.93280137
111186,940050,960571,130049457.61401586
950231,071162,02P105,
940049,071162,950231,375738666.1829232
071162,940049,950197,327461536.8805159
071162,950196,02P105,
071162,950197,950196,
950196,020932,02P105,
020932,950194,02P105,
020934,960557,950180,113359167.44573405
960557,020934,940035,99238560.23455866
950178,020934,950180,227115362.82354677
940035,020934,950178,199455593.49401337
970803,960557,940035,128233942.64130124
960556,970803,940035,133949155.39623643
970803,020933,970799,187676726.0379419
020933,970803,960556,250921885.18682778
940033,960556,020931,224117836.57978982
940033,020933,960556,153572877.03427273
07S067,950198,960559,
950198,950202,960559,253529889.20897454
950202,950198,020935,410139802.9716903
960557,950198,07S067,
020909,020907,950166,184516691.80726576
071159,020909,950166,209518760.7052325
020910,020909,071159,270671138.80703247
020907,020909,121191,
020909,020910,121191,
950170,950171,07S065,
950170,960546,950171,214522599.72215664
960546,950170,121191,
950170,960547,121191,
950170,07S065,950167,
960547,950170,950167,377257010.48399585
950175,06S055,020914,
06S055,950175,06S056,
020918,950175,020914,152170322.01329577
950175,020918,06S056,
06S055,950172,020911,
960546,950172,07S066,
950172,960546,020911,199885251.57950237
950172,06S057,07S066,
06S057,950172,06S056,
950172,06S055,06S056,
950312,021008,960637,182000521.2556403
031106,950312,960637,56322627.076093785
950312,020999,041129,128029496.72745639
950312,031106,020999,93127071.60324329
940064,960634,041129,120432818.90170091
950311,940064,041129,114192767.9191245
940064,950311,950309,182321789.80026072
940064,950309,021101,234086122.74361318
960634,940064,021101,191960241.7081157
950364,950310,021007,104666083.21330217
950310,950364,021008,159458378.00741115
950310,950326,021007,111988681.45147334
940062,950323,051143,86372236.92866322
950310,950323,950326,134264693.73117125
950323,950310,051143,174942499.24001738
950326,950323,960639,106951728.81028739
950323,940062,960639,63546927.15821826
950262,960642,021003,116065227.97196934
151210,950262,021003,
960642,950262,960641,187482083.7124493
950262,151210,960641,
031114,031116,03P216,
131198,031114,03P216,
031116,031114,021041,37908326.74240995
031114,950416,021041,49973360.37339328
031114,131198,950416,
950420,021042,960675,106652651.12625478
021042,950420,950418,100287249.31880057
960675,021042,071153,146466540.97583634
021042,950421,071153,97651828.17009628
021042,950418,950417,97609195.37262638
950421,021042,950417,139586516.79156753
940082,021053,031121,55656028.64937295
940082,021055,021053,87300960.31538093
021055,940082,031122,44288637.1185155
940082,081166,031122,
081166,940082,031121,
93104,93102,071161,69539278.09769961
93104,93103,93102,66581251.623802945
041136,93104,071161,29180710.343299255
93103,93104,041136,59370471.18110475
940063,950302,950300,143869217.77535132
950302,020996,950300,143596127.9551184
020996,950302,950305,70601858.4773901
950302,020998,950305,199920579.89661106
020998,950302,950304,142849862.16959566
950302,960631,950304,160947352.38984284
960630,950302,940063,47001419.0650285
950302,960630,960631,178065814.80774832
970802,020952,950246,157210695.02232128
940044,970802,950246,86860297.89053574
970802,960752,020952,170163124.4595132
970802,940044,960752,90716531.71142235
020873,960511,950121,314890511.07746506
020873,970788,960513,521796492.034025
970788,020873,950121,444110930.527195
960511,950114,020861,258731090.9650916
950114,960507,950108,337454868.24316543
020873,950114,960511,324873050.3999291
950114,950108,960503,564417726.2022022
020861,950114,960503,372319354.23781294
950134,020889,960521,236280843.5202442
020889,970791,960521,304900735.70062673
970791,020889,950138,190969557.7763186
020889,970793,950138,216632987.83869532
970793,020889,950134,197491395.32079673
000843,021017,950378,153657356.6914732
950380,021017,000843,108254882.90865058
950378,021017,021014,127157286.97304611
021017,960655,021014,157448449.7805454
021017,950380,960655,72397081.83235857
021027,000843,021016,283596068.097989
950389,021027,021016,201563192.02665287
000843,021027,950393,101767657.95853971
021027,950392,950393,135384466.2539577
021027,950389,950392,204981361.49852994
141204,950426,021044,
950418,950426,950417,201209935.40197238
950426,141204,950417,
021044,950426,950425,155687599.58801588
950426,970827,950425,182114035.11752808
950426,950418,950415,131170730.089719
970827,950426,950415,101291520.04128115
950395,960765,950393,236438683.1315277
950395,021028,021029,143172362.65091857
950392,950395,950393,222442575.67712075
021028,950395,950392,190776284.58154416
021044,950396,021029,179634374.65600795
950396,950395,021029,212464648.61897993
950395,950396,960765,189287593.32585043
950396,021044,950425,125907465.89736332
021006,950396,950425,275731478.03206706
960765,950396,021006,156973177.25478315
950391,000843,950393,249463009.961556
960765,950391,950393,281767945.3818305
950380,950391,950390,104144280.35897359
950391,950380,000843,231330953.2329265
950391,950346,950390,77389848.63324831
950346,950391,021006,206217743.1346157
950391,960765,021006,229622148.50716904
021033,960678,960767,182168526.38683015
021032,021033,960767,139564000.5027471
021033,021032,950401,176549713.4539046
131197,950405,960667,
960678,950405,131197,
021033,950405,960678,209252650.27857062
960667,950405,960768,135109081.62351394
021031,950405,950401,278707579.26960546
950405,021033,950401,127056222.88550052
950405,950402,960768,227838960.1014721
950402,950405,021031,141507491.08192983
960712,021085,950480,244063063.0825742
021084,960712,950480,213447504.45834848
021085,960712,950479,221978759.45437932
960711,960712,021084,294258522.6099361
021083,960712,960711,119728795.16346359
960712,950478,950479,190046924.78553712
960712,021083,950478,150246753.10825762
960697,960773,960696,70306014.51673196
960697,960775,960773,157024795.73572746
960697,950463,021074,193949383.16434047
960775,960697,021074,186140693.81626484
960694,960697,960696,27809947.376125813
93049,131194,93046,
93049,950297,131194,
950297,93049,051144,34072788.61801197
960620,950297,051144,84465224.56329457
950297,960620,93085,58906685.42363898
93085,960620,02P114,
02P114,960620,950296,
950297,970814,960628,51467634.81173241
970814,950297,93085,80260633.68045153
970814,93086,960628,38954383.0649374
970814,93085,990838,46116363.406321816
93086,970814,990838,57606074.76978701
93077,93075,93073,157679719.85802805
960622,93091,93093,24634006.199565813
960622,93094,93091,19536557.161835287
960624,960622,93093,12369831.9243517
93094,960622,960624,11870526.986384133
960623,960625,091178,16177357.30722353
960625,93094,091178,2354628.1711073956
93094,960625,960623,7557055.320781084
93031,950229,93066,71620037.90236232
93031,93065,960607,73582360.28968775
93065,93031,93066,149507191.02531764
93038,93031,960607,88877991.43174376
93068,93031,93038,142104348.33238044
950230,93031,93068,80428681.70810673
950229,93031,950230,48075960.16494002
960591,950269,020954,338792521.85618615
950221,950269,960591,77099709.23658432
950269,020957,940045,137271655.3583173
020954,950269,940045,369486770.54313797
950269,960610,020957,120590394.44345637
960610,950269,03S046,
950269,950221,03S046,
950276,020989,960616,272227890.119107
950251,950279,960573,316253149.077459
020995,031103,93099,125370547.52101605
020995,93099,93084,98502185.33799005
950278,020995,93084,90472734.37293988
950293,020995,950278,136053464.78703794
020995,950293,031103,238464370.17805624
950301,950293,950300,113467023.22944276
950293,950301,031103,157573071.0612505
031103,950301,950303,71568132.98124638
950301,020996,950303,89412979.23266724
020996,950301,950300,117779009.10112266
950293,020992,020994,183266081.44772792
940061,020992,950293,147062509.12575006
020992,940061,950284,180515640.05280247
940060,950288,031128,96971176.64547554
950288,950286,020993,106493715.4912289
950288,950291,031128,82030088.25880359
950288,020993,950291,77634800.48124105
950256,020974,950258,286678898.4156556
950258,020974,950257,161159058.47678426
020974,960578,950255,180963757.45105174
020974,950256,960578,269018494.3456523
940055,020974,950255,155423564.45716864
950257,020974,940055,79697429.11508095
950248,020968,020966,137739487.17348906
020968,02P207,020966,
020968,950248,960573,74531505.10887225
960572,020970,950250,194998123.85213238
92110,960584,93002,123028878.31188464
960583,92110,960582,147008946.11496222
950215,92110,93002,119590566.62673846
92110,950215,960582,119271592.4454785
950213,960588,960590,96700326.21122736
960588,960585,950217,157956766.2498128
950219,960588,950217,242880024.4523992
950219,950215,960590,253931522.68614388
960588,950219,960590,184731903.4181977
950202,940040,020939,234993641.88994572
940040,950202,020935,414649218.4251078
940040,950236,950204,315926046.8744426
950236,940040,950197,
940040,020935,950197,
950210,020942,020948,185018369.06087634
960585,950210,020948,192023188.87382704
950210,020943,010845,194930378.88251796
020942,950210,010845,107541617.9871885
07S062,950153,960539,
07S062,960539,950156,
950158,07S062,950156,
020896,07S062,950158,
07S062,020896,950152,
950153,020901,960539,129828248.40084675
960539,020901,950156,140045256.31228867
950159,020901,020899,244085959.2441851
020901,950153,020899,78616395.9750025
020901,020903,950156,205342356.30945048
020901,950159,020903,200084181.7690459
02P103,960535,950151,
010844,02P103,950151,
960541,020902,020899,237607299.50517762
950183,020902,960541,293655752.28570056
950160,950161,970795,221244307.0329782
020905,950160,970795,193027285.74867874
020903,950160,020905,219697875.49899012
950159,950160,020903,202991912.98479658
950161,950160,950159,326521086.00512743
020921,020923,950184,33536731.685574047
950194,960551,02P104,
020923,960551,960552,242477699.93653786
950182,950185,020922,122959673.17269991
950185,020924,020922,114609556.32024075
950185,950188,020924,289702261.8897389
020908,020926,960544,218234301.03918624
020926,950190,960544,177279344.82883176
940036,06S057,06S056,
020918,940036,06S056,
06S057,940036,960550,
06S059,940037,111185,
940037,131201,111185,
950176,940037,06S059,
131201,940037,131195,
131195,940037,020915,
940037,950176,020915,291151459.4808794
950234,950236,960564,209185795.86380178
950234,111186,950236,226366893.2163122
940032,020932,950196,216373793.8352578
020932,940032,950194,
970803,950199,960557,115465393.77873857
950199,950198,960557,216471054.07566342
950199,970803,970799,133136392.9065553
950196,950199,970799,314281294.35855794
950197,950199,950196,
020935,950199,950197,402370640.8340295
950198,950199,020935,247789882.6075036
960635,950312,041129,111051217.4237542
960634,960635,041129,121800210.00266346
950312,960635,021008,175642578.96565846
960635,950310,021008,190241689.12856686
960635,960634,051143,126568752.7624852
950310,960635,051143,193255489.73939392
020868,020873,960513,287463015.3202962
020868,950114,020873,374649084.7245872
960507,020868,960513,186121795.2051196
950114,020868,960507,280590354.2986302
960695,960694,950461,75252174.99927194
960695,960697,960694,63118926.57688897
960693,960695,950461,65005509.46845721
950463,960695,960693,46620749.72394342
960697,960695,950463,45714714.419511855
960626,93043,051144,37641294.326061666
93049,960626,051144,81521681.9661725
960626,93049,93046,57525226.35373184
960626,93046,970813,41844168.11433939
93043,960626,970813,22969250.141816203
970815,93075,93077,35362368.14513355
93075,970815,93076,46509267.96806936
970815,93077,950296,32608350.129249338
93076,970815,051144,135415269.6907901
960620,970815,950296,235486178.0651715
970815,960620,051144,121391020.59060608
96S007,93071,93073,
93075,96S007,93073,
96S007,020981,93071,
950274,950276,031127,154931004.5957625
950274,020989,950276,173660859.71005833
020986,950274,031127,99826208.74285424
970811,940061,960616,204365974.357136
020989,970811,960616,170523199.41667184
940061,970811,950284,118530575.97824527
950282,950256,020976,267603130.8025139
950282,950280,950256,324007962.57002956
960617,950279,950251,163910727.02318722
950280,960617,950256,331555948.3238927
960578,960617,950251,217879384.16631657
950256,960617,960578,289830682.01383704
020990,950280,960619,210558620.54696098
020990,960617,950280,171738681.33832395
960617,020990,950279,211961325.65657437
950298,950289,940060,209267156.0077757
950292,950289,950298,98858991.16480365
950289,020992,950287,112728550.91293365
950289,950292,020994,84679966.96830463
020992,950289,020994,193988313.74093232
950287,940059,960619,86487772.66529799
940059,020992,950284,202053413.39339063
020992,940059,950287,161082235.45609787
02P207,950249,960572,
950249,020970,960572,162049682.19369566
020968,950249,02P207,
950249,020968,960573,97066138.03341037
950279,950249,960573,245799010.93244374
020970,950249,950279,104082477.6596351
020970,960618,950250,252010611.27480504
960618,041138,950250,229891263.79992557
960618,020970,950279,170539077.080578
960584,960627,93014,112128948.48605905
92110,960627,960584,1758503.624532326
93014,960627,93012,156168247.9777065
960627,960583,93012,131567094.79233822
960627,92110,960583,1966929.8315210778
020965,960588,950213,87068062.51085386
960588,020965,960585,175639527.11708397
020965,950213,960581,128515841.0739975
950212,020965,960581,103585682.28754598
950207,950204,950206,134316940.71889216
020963,970801,950206,180847379.86433712
970801,950207,950206,178494128.37914973
950207,970801,960563,191789339.3154826
970801,020963,950220,310452697.0789264
93001,960589,950222,314767339.89108837
93001,950222,93005,308243095.46236014
93011,93001,93005,295961873.7913956
93007,93001,93011,255615183.16916466
960563,020949,960586,291165014.1640322
970801,020949,960563,180276376.71886787
960589,020949,950220,337286289.0492532
020949,970801,950220,280958758.17671233
071163,960589,950220,183778997.1445168
960589,071163,950222,198471435.32702667
960752,071163,950220,198584427.36216316
071163,020956,950222,109852865.87498194
020956,071163,960752,358331400.1450812
960586,960587,950217,204783022.254194
960587,950219,950217,189228505.85639
950215,020951,960582,97253129.32595678
950219,020951,950215,133904542.32064968
960582,020951,93003,178972710.23800972
960535,091175,020895,211722222.74070102
02P103,091175,960535,
091175,960541,020899,450632062.8043616
091175,010844,960541,157583202.02709737
091175,02P103,010844,
950157,950159,020899,296245645.3879976
020902,950157,020899,205378939.68696433
950159,950157,020904,188988401.5529415
950157,950183,020904,241210334.81730333
950157,020902,950183,261920619.53430593
960551,940030,02P104,
940030,960551,020923,128954063.93492596
940030,020923,020921,247062485.891406
02P104,940030,950154,
940030,020921,950154,
950186,020923,960552,134405212.79694015
950186,960552,950188,169164882.87862667
950185,950186,950188,389435535.01403284
950186,950185,950182,384301190.37441474
950186,950182,950184,325495335.1452728
020923,950186,950184,122242817.65432912
960553,020926,020908,192805240.67032167
020926,960553,950187,156069300.50377354
960553,020908,950165,162790421.60396948
960553,950165,970798,378205458.1221804
950187,960553,970798,241098606.10306498
06S058,05S054,960550,
940036,06S058,960550,
06S058,960549,05S054,
06S058,020918,960549,
06S058,940036,020918,
111186,151212,940050,
950234,151212,111186,
940050,151212,950231,
950231,151212,960564,
151212,950234,960564,
950195,940032,950196,200435347.67588818
950195,950196,970799,307762102.1936183
020933,950195,970799,326590399.2197879
131196,940031,950192,
96S007,96S006,020981,
96S006,93075,93076,
96S006,96S007,93075,
960614,020986,960611,164538042.24881896
960614,950274,020986,122130278.47493005
950274,960614,020989,96970532.41180801
950286,020991,020976,212460174.30948412
020991,950282,020976,161259123.28550076
950288,020991,950286,160358272.59337524
020991,950288,940060,233269543.74661267
950289,950283,940060,279951781.56826526
950283,950289,950287,169391481.43751124
950283,020991,940060,208848513.67947847
020991,950283,950282,123726664.94420272
950283,950287,960619,318265317.53420824
950280,950283,960619,328133824.90905
950282,950283,950280,142387720.32449114
041138,021099,960611,
960618,021099,041138,
020945,950210,960585,148230811.93757883
020965,020945,960585,227617558.37261164
020945,020965,950212,108607047.17497174
950210,020945,020943,145116494.8375109
020945,950212,950211,159756011.06415674
020943,020945,950211,146808592.25748792
950207,020941,950204,166991794.6840836
940040,020941,020939,163041084.22945404
020941,940040,950204,321851756.21345776
020941,950209,020939,170850346.0690702
020941,950207,960563,183725699.14113325
020941,960586,950209,277486886.75272375
020941,960563,960586,306409193.1873086
960587,020950,950219,171470705.31357244
020950,020951,950219,114353584.81128979
950153,960537,020899,116355729.16573502
960537,091175,020899,194131375.13014257
960537,07S062,950152,
07S062,960537,950153,
940024,960537,950152,443755267.5404491
020895,960537,940024,430058032.8137032
091175,960537,020895,182849929.8600285
131196,950189,950188,
950189,020926,950187,241098882.92196998
020926,950189,950190,188220252.39271358
950189,131196,950190,
950188,950189,020924,347562241.1730052
950189,950187,020924,230955190.6182891
950193,020929,020931,264120048.15956068
020929,940033,020931,258764471.39008027
020929,131196,950192,
950195,960555,940032,163890770.0380753
960552,020925,950188,261895937.47211492
020925,131196,950188,
020925,940031,131196,
960551,020925,960552,274383815.6875129
021100,96S006,93076,
020981,021100,93070,132162295.99504983
96S006,021100,020981,
020988,940059,950284,159061266.9199399
960614,020988,020989,168842677.69448107
970811,020988,950284,93643423.30782785
020988,970811,020989,144117796.9673317
950281,960614,960611,104451415.4693545
021099,950281,960611,96296222.15697524
950281,020988,960614,89569485.74304543
950218,020950,960587,222757599.7733076
020949,950218,960586,367221845.22166246
950218,960587,960586,263372078.03750238
950218,020949,960589,155809327.5481642
93001,950218,960589,221803977.47238046
020951,940043,93003,196558963.64124486
020950,940043,020951,111740247.09523442
940043,93007,93003,220833138.55120653
940043,93001,93007,240918546.514213
940043,950218,93001,299096598.53065735
950218,940043,020950,106811396.43448429
131196,960554,950190,
020929,960554,131196,
960554,020929,950193,127429549.04829438
020928,960554,950193,115998796.74923979
950190,960554,020928,141309616.44572914
020929,020930,940033,303569016.8112549
020930,020929,950192,298708854.7296783
940033,020930,020933,169991618.83848137
020930,950195,020933,369730492.24702984
960555,020930,950192,270219770.04309267
020930,960555,950195,304504127.3982222
020925,950191,940031,81608935.10056047
950191,960551,950194,
950191,020925,960551,
940032,950191,950194,528265288.55366606
960555,950191,940032,120116988.2685298
940031,950191,950192,263051795.06588852
950191,960555,950192,227943915.09369287
93072,021100,93076,45157300.958276644
93072,93043,93038,120568558.11476263
93072,93076,93043,136616395.5606969
93072,93038,93070,103786005.74516587
021100,93072,93070,60283402.5680217
940058,021099,960618,154291272.16642776
940058,950281,021099,146117115.2870769
940058,020990,960619,302900366.9727283
950281,940058,020988,216094222.7758454
020990,940058,950279,262147710.75711077
940058,960618,950279,164718228.24987432
940059,940058,960619,135443090.7942613
020988,940058,940059,333444055.3647772
