st1,st2,st3,area
960605,051140,021098,
950497,950498,051140,
020859,950109,020848,
950101,020859,020848,
02P213,052007,021098,
052007,960603,021098,
960603,052007,02P213,
960605,960604,02P213,
960604,960603,02P213,
960604,960605,021098,
960603,960604,021098,
960602,960605,02P213,
960605,960602,051140,
950498,960751,051140,
950102,02P201,020848,
93022,960602,02P213,
960602,02P208,051140,
960751,950500,131200,
950500,960698,131200,
960747,960748,950498,
950456,950102,131200,
950376,960602,950314,
950382,960527,950102,
950456,950382,950102,
960750,960751,950498,
960748,960750,950498,
960750,950500,960751,778438255.7964902
960743,960747,950498,
960743,960748,960747,
960748,960743,960698,
031113,02P208,960602,
950376,031113,960602,
020875,950106,950102,
960746,940085,02P211,
940085,960746,031122,
960746,950497,051140,
031122,960746,051140,
960750,960749,950500,
960749,960750,960748,
950500,960749,960698,
960749,960748,960698,
111190,950498,950497,
960602,091178,950314,
141202,091178,960602,
950382,950252,960527,
950252,950232,960527,
940008,950106,970785,
950106,960501,950102,
02P201,940001,020848,35837836.47344957
950104,960501,950106,
020859,020864,950109,219539388.38852954
940004,020864,020859,426306081.9131765
940002,960503,020859,
960504,020854,020858,344854797.86494654
020854,960504,940002,242632593.58104727
02P122,021059,021080,
960743,960739,960698,
960739,960736,960698,
960734,960729,960698,
960736,960734,960698,
960746,960731,950497,
960731,960732,950497,
960692,960691,960698,
960729,950487,960698,
950456,950408,960668,
960550,93022,02P213,
950106,970783,940003,482056044.42956454
940008,970783,950106,
950104,970781,020852,295934435.8923168
970781,950106,940003,461303997.1836948
970781,950104,950106,
950104,970778,960501,
970778,02P201,950102,
960501,970778,950102,306869349.192001
970778,940001,02P201,55084087.84170534
020851,950104,020852,214423960.67385605
020855,970782,020852,704529733.3623495
020855,970781,940003,137570368.74884874
970781,020855,020852,383043465.4062267
970783,020855,940003,160661357.15031296
960503,020856,950111,290141636.03892446
020856,960503,940002,167388677.33724543
020856,960504,950111,316812471.57226866
960504,020856,940002,263611366.4838266
950103,020859,950101,
950103,940002,020859,
020854,950107,020858,243508062.98468202
02P118,960645,950382,
940075,950383,960668,
950383,950456,960668,
950383,950382,950456,
950386,950383,940075,
021059,021088,02P211,
021088,021059,02P122,
960745,111190,950497,
021094,960745,950497,
960736,960738,960737,301182558.98363996
960744,960743,950498,
111190,960744,950498,
960735,960734,960736,
960726,960731,960746,
950457,950458,950456,
960691,950457,960698,
960698,950457,131200,
950457,950456,131200,
950459,950457,960691,
950457,950459,950458,
960692,081168,970832,
950487,081168,960692,
950462,960692,960698,218760173.74426538
950487,950462,960698,
950462,950487,960692,
021060,950408,950456,
950235,950253,950245,
950253,950235,950252,
950318,950320,960638,154548770.2538479
020849,970778,950104,411602047.9145337
020851,020849,950104,400816493.81500953
970778,020849,940001,219772742.89510554
020849,020851,950101,458929684.9259884
020849,950101,020848,322412601.45286
940001,020849,020848,217490559.25925982
950113,950115,020864,123217131.74164431
020864,950115,950109,151356098.45024526
020851,020850,950101,449455968.13327897
020850,950105,950103,279580872.098165
970782,950105,020852,362282492.61155945
950105,020851,020852,171252374.72284013
950105,020850,020851,302116495.9114576
950105,970780,950103,483308240.38605195
940020,020888,020875,
960527,940020,950102,
940020,020875,950102,
020888,940017,950143,
940017,950145,950143,437197411.18086344
940020,940017,020888,
940017,940020,950145,695581808.9322441
020860,020855,970783,236441128.9060347
020860,970783,940008,323772314.09407634
960509,020860,940008,498736206.8324845
960510,960504,020858,829768617.2455096
950408,960669,960668,
960669,950407,960668,529273695.6756717
02P209,940075,960668,
950388,02P209,960668,
02P119,950388,960668,
950388,02P119,021025,151604471.81269345
950407,02P119,960668,562726459.3983694
950412,950411,950413,240976891.99326438
960669,950411,950407,271992486.30888236
021016,021014,950382,
021014,02P118,950382,
021046,940077,960767,
031118,970828,021080,707439364.7954619
021022,950386,940075,120079267.79654211
950386,950384,950383,
021059,041133,021080,
041133,031118,021080,447562520.9255455
960742,960739,960743,
960744,960742,960743,
960742,960744,960739,328619584.55840325
960739,950496,960736,
021095,950496,960739,
950496,960738,960736,334540251.2406376
960744,02P212,960739,
02P212,021095,960739,
02P212,960744,111190,211669911.4755602
960738,960740,021094,117753999.78419562
950496,960740,960738,292682880.7061158
950495,960736,960737,375057786.0699567
950495,960735,960736,
960735,950495,950497,
950495,021094,950497,
960738,950495,960737,53275854.64174313
950495,960738,021094,
960735,141208,960734,
950494,960730,960729,
960730,950494,960732,323523378.6246503
960730,960731,960729,
960731,960730,960732,208255409.7349687
960725,950487,960729,
950460,950459,960691,
960692,950460,960691,
950460,960692,970832,
021065,021062,950458,
950458,021062,950456,
021062,021060,950456,
021060,021062,940087,124441872.79584701
960725,960777,950487,
93055,02P206,960594,147485021.48458368
93022,95113,960602,
95113,141202,960602,
93021,950226,93022,
950226,95113,93022,
950252,960565,950232,
950235,960565,950252,
940028,950167,111184,26709656.983376805
940066,03P214,960637,79971324.40505637
940068,021010,021009,114442541.1942822
021010,950366,111188,199262993.88407964
021010,940068,950366,113020673.60204147
031111,021000,950373,40359529.099062964
031111,950316,021000,72945310.46380588
950334,960763,960764,128059108.29797438
970825,021000,111188,119851842.26577277
021000,970825,950373,130644598.70570756
021011,950370,051146,210827796.12224567
950366,950370,111188,220660822.38277945
950370,970825,111188,106622691.93706709
970825,950370,021011,255754616.02587187
970825,041130,950373,168580759.47021633
041130,970825,021011,184755584.8160927
950368,031109,051146,116728845.52664211
031109,950368,940069,81350085.46413672
960652,031109,940069,65062986.56339556
071160,071161,950314,
071161,950306,950314,
950317,950318,960638,130117872.70872442
950317,940056,950318,75019529.43251754
950285,950317,960638,226795273.2491237
950352,950351,950349,148620625.94607627
950351,950352,950356,137407801.65641043
960519,940009,950167,
950119,960519,021098,
970779,950103,950101,71262811.03470851
020850,970779,950101,162695508.9525372
970779,020850,950103,143018046.44360426
020853,950107,020854,355575521.406907
020853,970780,950105,432531731.8839693
950107,020853,970782,385824388.3576361
020853,950105,970782,491435869.87823564
950145,02P102,960530,
940020,02P102,950145,169293927.2302466
02P102,940020,960527,12244168.91438678
950140,020888,950143,
940021,950145,960530,117794456.66270667
970794,940021,960530,261392166.09853503
950145,940021,950143,192483108.1779935
940021,970794,950143,334362798.9923994
081173,020892,020894,341044749.9853788
950139,081173,950141,
020855,950110,970782,599605382.8789026
020860,950110,020855,346535270.8638872
950110,020860,960509,400858401.2116004
020870,020864,940004,606455143.1218325
020870,950113,020864,293303006.7651136
960513,950122,940005,418384640.3665898
02P119,940076,021025,11520089.561473586
940076,02P119,950407,16108849.531992417
081167,950341,960645,131687786.29697128
960680,970829,031117,96908742.81059334
021046,141205,970830,175245567.40568265
960658,950388,021025,178433153.81702608
950399,021022,940075,256843978.8246163
021018,950384,021020,154497163.78922373
950384,021018,950383,
021088,950483,02P211,76210341.39341468
960715,950483,021088,123927065.94354701
021096,02P212,111190,8087920.581091359
02P212,021096,021095,16707473.438392017
960745,021096,111190,84370030.74236616
02P124,021096,960745,8727288.872621326
021096,02P124,021095,103094073.08073989
02P124,960745,021094,11906297.798154455
960741,950496,021095,50699108.64318359
960741,960740,950496,178240954.36015403
02P124,960741,021095,101075137.9633659
960740,960741,021094,78581129.15756758
960741,02P124,021094,240659145.79654405
141208,960733,960734,
960734,960733,960729,
960733,950494,960729,
950494,960733,960732,
960732,960733,950497,
960733,960735,950497,
960733,141208,960735,
950484,960715,950482,510093719.7601574
950484,950483,960715,200128641.6851952
950492,960746,02P211,
950492,960726,960746,
950459,960690,950458,
950460,960690,950459,160013559.86756206
081168,02P210,970832,164410218.49877802
021091,960777,940098,192609718.5060453
021092,021091,940098,211952120.9601614
021062,950451,940087,224112683.56177548
021075,940093,950468,161186329.14052245
950485,021075,950468,209989047.79851755
021075,950485,950469,250610021.09811395
021075,960702,940093,159506877.27997187
960705,950471,021078,134690477.15486696
960686,950471,950413,
950471,960705,950413,
021039,960686,950413,307644200.1045947
950411,021039,950413,200877639.1977244
021039,950411,960669,328651937.7817757
950452,960710,940089,137253073.57246584
960710,950452,960688,243447524.8507221
950474,950477,021081,237717128.0175677
02P206,960759,960594,648009217.9298964
93034,960759,93067,121887659.46037526
960759,93039,93067,127734703.28769219
93039,960759,02P206,262776292.3726724
93055,960599,02P206,
93090,03S045,970819,41056032.309663996
93095,93098,091178,36664327.647857
091178,93098,950314,
93098,071160,950314,
93096,93098,93095,49053099.61206944
960606,950264,940048,51038560.19422333
950253,940052,950245,
940053,02P111,950252,
960755,93019,93011,121080410.73100907
960755,93063,960758,92069319.13143954
93019,960755,960758,111417633.36235546
93024,950226,93021,
950243,950247,960569,157006325.4801773
950243,950235,950245,
950203,11S070,950201,123384273.28636253
091176,950203,950201,269266998.1003661
950203,091176,101181,255129905.69338205
020892,950150,020894,280706084.63146305
950150,020892,02P204,279079734.23909926
950149,970794,960530,431299910.6062123
950364,940068,021009,235654500.46275422
021008,950364,021009,189283219.68426898
940068,950364,960764,212134628.16929594
950364,950334,960764,204514820.85131678
950334,950364,021007,128092054.06180331
950351,950348,950349,106901627.54160304
960761,960763,950335,43358950.343232386
960763,950365,960764,76384684.5217405
950365,940068,960764,87802401.85903698
940068,950365,950366,112794013.51160638
960761,950365,960763,80412193.22737177
041139,03P214,950314,
03P214,041139,960637,
021010,950367,021009,182384559.3474546
021000,950367,111188,181658029.9264192
950367,021010,111188,195334711.25370082
021012,031111,950373,58689081.76109834
021012,031113,950376,50611325.826013796
950316,071155,03P214,28917544.39709701
071155,950376,950314,
03P214,071155,950314,
071155,021012,950376,37144268.313709795
071155,950316,031111,69775365.73774569
021012,071155,031111,59084453.15213399
950320,950319,960639,179521645.4157405
950319,950322,960639,195610254.16630515
950319,950320,950318,109653214.75399877
960763,960760,950335,52995389.36490897
950334,960760,960763,126846171.2002226
950326,950334,021007,145670328.43185875
950339,950370,950366,120839106.74271218
041130,970826,950373,150340787.4340526
021012,970826,031113,124854775.66117105
970826,021012,950373,146855177.46729186
950370,960650,051146,118870793.34358235
960650,950368,051146,167906197.7537948
950339,960650,950370,62749136.54660505
960650,950339,950337,91451895.961128
950368,021004,940069,118447798.79731052
960652,02P117,950369,91684499.74315423
02P117,960652,940069,16542413.043749986
02P117,021004,950369,135400440.19422263
021004,02P117,940069,25968912.174586877
950372,960652,03P215,12050936.99462117
960652,950372,031109,74164366.7500793
960652,950422,03P215,
021046,950428,940077,
071161,020997,950306,105019722.74539429
041136,071161,071160,38914895.20094571
950306,950307,950314,
950307,031104,950314,73707642.788754
031104,940065,950314,128699021.0249229
950317,950260,940056,108938412.46790035
950260,960580,940056,155133885.8144545
950352,960649,950354,116996523.5686973
950345,960649,950349,180042049.1900899
960649,950352,950349,156241974.02504537
960645,950327,950382,
960640,950327,960645,76506567.37283704
950327,950252,950382,
02P112,950327,020975,
950327,950259,020975,
020878,05S051,940009,95640117.62843496
940009,05S051,950167,
020878,950118,950113,203058352.05437192
05S050,960519,950119,43552544.82459059
960502,020853,020854,429287428.2478347
020853,960502,970780,382353273.0630171
960502,020854,940002,305722580.5878111
950103,960502,940002,
970780,960502,950103,
950126,950120,020875,244934436.23414433
950106,950120,970785,
950120,950106,020875,
950130,950140,960525,516638511.97986645
950140,950131,020888,350070906.02822274
020888,950131,020875,
950131,950126,020875,
950130,950131,950140,500647670.28306115
081173,960533,950141,
960533,940016,950141,
960533,081173,020894,
940016,960533,950142,
960533,950158,950142,
940016,020890,950141,292179317.4622164
020890,940016,950142,199084507.45821068
950146,950140,950143,435250483.3918954
970794,950146,950143,371187979.46812844
940022,960529,02P204,22819845.604955155
020892,940022,02P204,46419986.29523673
950136,950139,950141,
960755,960754,93063,111849090.2549943
950110,020857,970782,317486519.13986135
950107,020857,020858,165898319.62257686
020857,950107,970782,277114558.72682714
950167,940019,111184,
960505,970784,940004,384610825.93619037
970784,020870,940004,317852780.9712509
960503,02P202,020859,
950108,02P202,960503,
02P202,940004,020859,
02P202,960505,940004,49853423.079113685
950116,020878,950113,306598450.41477066
020870,950116,950113,165999076.3481478
950112,05S053,940010,
950378,021014,021016,92540625.93467546
02P118,091180,960645,14723587.753967939
091180,081167,960645,117291333.64144035
081167,960655,950341,162690939.5958977
091180,960655,081167,183865936.13042095
021014,960655,02P118,144001008.05577153
960655,091180,02P118,16631300.273213657
960655,970823,950341,201178970.18628764
970823,960655,950390,349721836.0359294
950328,960640,960645,199448000.37759626
021026,021015,950379,214511315.87785205
950383,960656,950382,
960656,021015,950382,
021018,960656,950383,
970829,940086,031118,232724759.93613338
960680,940086,970829,232645937.08545902
940086,970828,031118,365004660.9725907
940086,960680,960672,411208039.46574867
021035,960768,061151,233201244.31667957
950434,960680,031117,146715215.01832378
950436,950434,031117,179860788.92938876
960659,960658,021025,176375480.90425658
940076,960659,021025,189893411.62882352
021037,960659,940076,432450925.8554222
950409,940076,950407,285915531.83249944
950409,021037,940076,314947148.1992924
021037,950409,950412,214267147.75765443
950411,950409,950407,243221932.25922075
950409,950411,950412,235562810.1971508
021024,02P209,950388,115294751.53600997
960658,021024,950388,190646074.67830744
02P209,021024,940075,109516974.19288214
021024,950399,940075,217536867.06973556
021021,950384,950386,112782983.51628555
950384,021021,021020,159364402.76115003
021023,950400,061151,237044246.20250478
021030,950385,021020,128978993.17049001
031126,021058,950449,118929507.75246266
031126,950449,021059,117097277.1417412
940085,031126,02P211,
031126,021059,02P211,
950448,051141,021058,103857123.85076028
041134,021049,950447,145021373.1187207
021049,041134,950436,153203184.17169815
021049,021050,950447,128966779.47170861
950443,031119,970830,150825846.5577494
021058,051142,950449,75116648.13766772
950449,051142,021059,81872169.63686585
041133,960681,031118,137997513.1043196
960681,970829,031118,187364749.65312454
960714,021076,950469,201038777.7732556
960715,950481,950482,305386440.38771045
960714,950481,021076,325182379.51817423
021084,021088,02P122,
021084,950480,021088,
940095,960715,021088,202526297.8637385
950483,960716,02P211,92112049.11261082
950484,960716,950483,152624029.13988444
960716,950492,02P211,
950492,960716,960724,
950491,950492,960724,
021067,960690,950460,181160929.5697806
021067,950460,970832,201006069.24971607
021067,02P210,960772,220243413.1927431
02P210,021067,970832,253746879.14983013
940091,021065,950458,330765722.36691576
960690,940091,950458,
950450,021062,021065,122080446.7107372
021066,950450,021065,189563466.17522216
950450,021066,950454,229882311.46524626
950467,081168,950487,
950467,02P210,081168,286869785.6814486
940093,960773,950468,302549917.87316954
960696,960773,950464,228697134.6614695
960773,940093,950464,415646075.17670083
960777,940096,950487,
940096,950467,950487,
950467,940096,960717,177510888.411606
940097,021091,021092,105273127.88778234
021090,950484,950482,214420970.25718457
960716,940099,960724,
940099,960716,950484,146501003.19507712
021090,940099,950484,308492109.1916736
940099,021090,942004,258757400.32673
960726,960728,960731,
960731,960728,960729,
960728,960725,960729,
960728,960727,960725,146088896.48795685
960727,960723,960725,416093317.343718
960777,960723,940098,
960723,960777,960725,
950491,960723,960727,
950461,970831,950454,408240210.1685769
960701,950465,081169,233688129.87798303
960700,960710,960688,317346242.4389982
021076,021073,950469,144147686.62423182
021073,021075,950469,133617685.82511085
021073,960702,021075,169986150.41014767
021073,021076,081169,318035481.65918624
960702,021073,081169,197320212.74640837
950465,021071,081169,167924307.70782983
021071,960702,081169,156384060.5144937
960702,021071,940093,110393243.95359412
940093,021071,950464,289512156.85651016
021071,950465,950464,157392130.88459852
960718,970837,950485,195031337.0244609
950489,021090,950482,156448256.2189696
021090,950489,942004,152240008.64287353
950470,960705,021077,138005736.93593067
950470,950412,950413,497897054.12238586
960705,950470,950413,518868214.4549595
950471,021064,940089,218674317.55576894
021064,950471,960686,126076245.43753114
021064,950452,940089,186694342.42809692
950471,960707,021078,170894344.88857886
960707,950471,940089,193910539.5520411
960670,960669,950408,166375140.6723219
960670,021039,960669,129192050.80818267
960670,940079,021039,168497665.27416363
021060,940079,950408,282210281.34294343
940079,960670,950408,204087313.25938722
960687,021064,960686,125336220.75876479
021064,960687,950452,152738181.7726303
950476,02P122,021080,
950466,960701,081169,110972809.25867257
93047,02P206,950227,10155159.772468355
93039,93047,950227,111462178.03067784
93047,93039,02P206,41318684.28219694
93044,020959,950227,77974813.18619466
020959,93039,950227,89035407.27344032
93020,93025,93027,123874097.76530758
93024,93020,93027,124168959.32546215
93059,960599,93055,
960601,960600,141202,
95113,960601,141202,
02P206,960601,950227,
960599,960601,02P206,
93098,04S048,071160,34746554.08301973
03S045,93089,970819,34811378.96469615
93096,93089,03S045,52680276.913404755
93052,93096,93095,49904526.108836286
960624,93052,93095,65697804.64838429
93052,960624,93093,11453613.614589531
93052,93089,93096,44480692.27413999
93097,93096,03S045,56970893.078958444
93096,93097,93098,67383743.53280301
93097,04S048,93098,21385205.29865423
93090,020847,93084,171493046.86037806
02P114,950296,990838,148104824.22533512
93063,93029,960758,93918919.00326154
93046,92106,970813,41349204.484368235
960607,93064,93070,122666266.93046647
940052,020967,950245,160349074.35141438
93019,93028,950228,139940879.97417647
93028,93019,960758,102773706.08119485
93029,93028,960758,88563843.84332103
081171,93019,950228,70691608.56468391
93011,081171,93013,168092171.43272337
93019,081171,93011,174427601.28269035
93026,081171,950228,27252111.746283296
93016,081171,93026,167500216.40680265
950224,93016,93012,117755345.96592002
081171,950224,93013,131058795.58385976
950224,081171,93016,99591941.99677362
93025,950225,93030,144038887.90943846
93033,93024,93027,82050634.83290614
93024,93033,950226,152250241.22287452
93033,960756,950226,111031267.20486122
93025,93033,93027,70832730.61928341
960756,93033,93025,155481264.9726527
970810,970806,950237,112989322.24284732
950233,960566,950237,
970806,950233,950237,
960565,950233,950232,119088837.87251557
950233,02P109,960566,
02P109,960565,950235,8853875.581439713
02P109,950233,960565,86405027.73670179
020964,950241,960569,162167835.77143678
950241,950243,960569,169161216.78610188
950243,950241,950235,
950241,02P109,950235,
950266,020967,00R015,353400312.6921945
950203,05S054,11S070,
05S054,950203,101181,
960550,05S054,93022,
05S054,101181,93022,
950164,940028,111184,141498893.70617566
020893,950150,02P204,336541418.9434399
950149,020893,970794,311472566.78831756
960529,020893,02P204,173772302.05934927
020893,950146,970794,326946070.7553035
950146,020893,960529,280366879.1542764
020893,960534,950150,
960534,020893,950149,
950232,02P104,960527,
02P104,950154,960527,
07S065,960550,02P213,
07S065,02P213,021098,
960519,07S065,021098,
07S065,960519,950167,
950343,950345,950349,169535030.01681024
950329,950343,950331,180195974.59620312
950348,950343,950349,120717048.65705094
950343,950348,950331,162875939.0052703
021002,950329,950331,156691424.76802185
950336,960761,950335,99221104.08705246
960761,950336,950337,87603659.57904907
061149,041139,950314,41069098.29779512
041139,061149,960636,108947215.38354605
950367,970824,021009,146564544.42167866
970824,021008,021009,195857172.14408752
970824,940066,960637,165532762.77217466
021008,970824,960637,384637388.1941604
950316,071156,021000,42923290.712010995
071156,950367,021000,89748071.84348859
950261,950319,950318,132770092.60369763
940056,950261,950318,118008984.60229963
960580,950261,940056,250583610.251253
950261,960580,950259,180962092.8505539
940067,950336,950335,144608945.62990254
950319,081170,950322,118808368.39074132
960760,960644,950335,46639768.34590146
950320,950321,960638,138833410.38060465
950324,960760,950334,101345768.40254354
950326,950324,950334,160239842.68823698
950324,960644,960760,46718846.443267114
950322,950324,960639,161009193.95218894
950324,950326,960639,158196100.62504685
950338,950365,960761,77531509.9821662
950338,960761,950337,103442108.95911017
950339,950338,950337,50323003.9357838
950365,950338,950366,71503922.65694064
950338,950339,950366,39985918.475130014
031113,940070,02P208,4325624.243686435
970826,940070,031113,65780211.30089921
950371,021011,051146,111795928.4262464
950371,031110,021011,91443064.59652674
031109,950371,051146,87199338.26995687
950372,950371,031109,158792972.36446637
950374,031110,121193,67252241.82503161
950374,041130,021011,73943787.78661482
031110,950374,021011,103272858.72924209
141203,940070,970826,74361594.29037271
940070,141203,02P208,3253806.6591246137
141203,960653,031122,
141203,031122,051140,
02P208,141203,051140,
950340,021004,950368,108123459.88099952
950340,960650,950337,157757443.88423976
960650,950340,950368,128997511.14549471
021004,950340,950356,284553307.85109025
950361,950360,950362,108831396.31692421
950358,950352,950354,112744162.00772396
950360,950358,950354,185191573.3220324
950423,950424,031122,
950431,950428,021046,144787345.06869724
950424,950441,031122,74649919.59273429
960675,950441,950424,113276589.028949
950305,950307,950306,187791719.95169932
020997,950305,950306,155940986.54929227
950305,020997,950303,147515712.45642462
061148,940065,950304,226212525.1304552
061149,061148,960636,87950762.65338449
940065,020998,950304,135814625.6148096
020998,940065,031104,147813874.83669806
950307,020998,031104,100499370.15263686
950305,020998,950307,156036980.52429813
960633,950294,021101,143078040.3818503
950291,950294,031128,137114783.6712183
950300,020994,960629,146448313.69827932
940055,950255,02P112,44816487.58996274
940055,02P112,020975,29095502.92137606
960648,950347,950345,182829146.85562697
950347,960649,950345,145947940.85061914
960649,950347,950354,162980920.49089435
940057,950327,960640,161813950.36352807
021002,940057,950329,215133585.1116811
950327,940057,960641,165576573.15705746
940057,021002,960641,162200793.021699
05S051,950125,960531,76347278.90204151
950125,05S051,020878,148117744.33464712
950116,950125,020878,252043079.51791203
960512,020878,940009,202750871.56429136
960512,950118,020878,204587727.37803045
960519,960512,940009,212693599.13208917
020884,950120,950126,321176712.28463286
020884,950130,950129,303671769.54885036
020884,950129,940013,254351015.8496076
950137,950130,960525,137286506.18121508
950130,950137,950129,254627767.00381842
061150,950137,960525,55045882.84246165
950129,950137,950135,234511002.16171357
950137,061150,950135,107570432.61311129
950131,950127,950126,141289449.2216871
950127,950131,950130,311478366.1950343
950127,020884,950126,106298100.73616458
020884,950127,950130,247021376.3797554
020890,950133,950141,298286970.7627721
950133,970790,950141,
970790,950133,940012,342066647.38990754
950133,020885,940012,193092422.28331113
020885,950133,020890,260283989.2184482
970790,950132,950141,
950132,950136,950141,361569484.05812347
950132,970790,940014,377520573.05367994
950136,960523,950139,223030134.20624366
950139,960523,950135,316075062.91286635
950246,950240,020962,263286199.3158739
950265,950247,950267,220187520.82282478
950247,950265,960569,238828962.76093337
950265,020964,960569,318519284.26544267
020955,020954,940045,262191650.03976455
960753,960754,960755,146566028.62023032
960753,93011,93005,144025018.8921843
960753,960755,93011,160224746.67789954
960592,020955,940045,155143311.1283915
020979,960613,950272,151048628.33526143
960613,020957,950272,231692216.80662212
960506,960510,020858,314147408.70154434
020857,960506,020858,188822106.52514273
020885,020880,940012,176138873.02155495
020862,020857,950110,190293966.96161842
020862,960506,020857,406387946.27615666
020865,950110,960509,326515101.6839471
020865,020862,950110,116680475.93445776
03S047,960532,940015,265084565.8947166
940019,960532,03S047,281594363.36254925
05S053,960532,940010,
940010,960532,960531,
960532,05S051,960531,
05S051,960532,950167,
960532,940019,950167,
07S064,940019,07S063,
950144,940019,03S047,227517255.2920503
950158,950144,950142,
950144,950158,07S063,
940019,950144,07S063,
960507,970784,960505,364683103.9438488
960507,02P202,950108,251995227.13904336
02P202,960507,960505,29740472.443513587
950125,960515,960531,223021111.10773334
960515,950125,950116,311104634.31466174
950122,960515,940005,296469345.6934764
960515,020870,940005,269104041.96180904
960515,950116,020870,134496121.3738502
020863,020866,950111,233938619.0028919
960504,020863,950111,275518465.62110585
960510,020863,960504,431005931.2213264
020867,091177,960510,238205538.9457559
960506,020867,960510,247795260.59402302
020867,960506,940007,421528275.91694164
950121,020874,131199,189384933.37599593
020874,950121,020866,648696002.1061778
091177,020874,960510,
020874,020863,960510,
020863,020874,020866,
960532,950138,940015,100183589.9832624
950138,960532,05S053,
960521,940011,131199,330747034.5844925
950121,940011,020883,118946478.80350493
940011,950121,131199,283426363.83141047
960674,111189,121192,138766570.56193596
960766,950394,940077,293299821.4010322
950417,960674,121192,147373689.66307786
950342,960648,950345,172161063.5056722
950342,970823,960648,169394199.3965152
950328,021001,960640,170858763.90603122
021001,940057,960640,229816632.84899125
940057,021001,950329,143544537.5915431
021026,041135,021015,215065911.79955786
041135,021016,950382,
021015,041135,950382,
950381,960662,950379,193168199.43308222
960660,960662,950394,336302866.13222563
960660,021026,950379,175142461.09651205
960662,960660,950379,260578549.26838332
940077,021032,960767,170936619.16859946
021015,111187,950379,106662619.06468636
960656,111187,021015,174130174.53614485
111187,950381,950379,150268966.28929976
940074,960656,021018,112372667.15235245
940074,021018,021020,131060853.37579891
950385,940074,021020,147853435.2702891
940078,021035,061151,149860291.11464223
021024,071164,950399,131390335.1646579
071164,960658,960665,264884824.9669442
071164,021024,960658,266590481.7276907
071157,071164,960665,141773795.1433771
021036,960666,960672,232275933.38568246
940078,021036,021035,196453095.90732807
021036,940078,960666,148265312.28144076
960680,021036,960672,
950434,021036,960680,
021031,950401,960663,191608897.6182722
960667,960768,021035,131093515.79119389
950433,021048,950435,153538835.97914478
021048,950434,950436,158730034.42293873
021048,041134,950435,134746739.93297282
041134,021048,950436,261903751.09548375
041137,950474,021081,112153692.56533599
021082,950475,021081,121083436.09304784
950475,041137,021081,162714135.2308053
021038,960769,960665,165244480.50140938
960769,071157,960665,136034799.94501933
960666,960769,960672,389515271.02984965
071157,960769,960666,205638328.59527934
021040,940086,960672,514103390.0446292
940086,021040,970828,
960659,950410,960658,196942527.70161963
960658,950410,960665,350036447.64411104
950410,021038,960665,264860034.67161357
950410,960659,021037,230194116.4564007
950387,021021,950386,186534190.84607673
950387,021023,960663,145780357.5826076
021030,950387,960663,201682685.73892164
021021,950387,021020,271530857.0102337
950387,021030,021020,252404842.58103898
960657,950400,021023,232075538.82578743
021022,960657,950386,141753378.87548175
950399,960657,021022,187564889.788345
960657,950387,950386,358688193.2105621
950387,960657,021023,194827096.79634136
041132,950433,950435,121453407.92726198
041134,041132,950435,99160598.94222488
041132,041134,031123,90103937.03991663
950443,950445,031119,95849972.51327509
031119,950445,940083,106652220.22423628
02P120,950443,960683,9200578.613819182
940084,02P120,960683,4645254.720006203
02P120,950445,950443,96663835.91743067
950445,02P120,940084,49201628.2946807
031125,950448,021058,103234892.2004853
031125,031126,940085,92580871.75114936
031126,031125,021058,165509741.00466952
960684,940084,960683,35552842.79005095
031124,051142,021058,81574863.24376696
031124,051141,950447,87266272.8989766
051141,031124,021058,73714367.07599808
021050,031124,950447,103316383.60197379
051142,031124,021050,156509675.0673434
950437,041133,021059,87758683.47785823
051142,950437,021059,134408211.6215947
950437,051142,021050,91622646.4384696
950437,960681,041133,73799391.50914942
960681,950437,021050,91821795.65228808
021049,081165,021050,160651567.44215667
081165,960681,021050,83621872.21541956
081165,021049,950436,106292321.96765305
081165,950436,031117,122958065.38776249
970829,081165,031117,113791403.37738727
960681,081165,970829,103300958.5686382
950481,021087,950482,93691269.2617183
021087,950481,960714,141430874.62717268
021087,950489,950482,162882564.58323586
940094,021084,02P122,29445837.09670859
950476,940094,02P122,61177481.009216465
940094,960711,021084,97128894.07726905
950477,960711,021081,301884848.47780836
960711,021082,021081,311445838.5251756
960711,950476,021082,271969097.8237311
960711,940094,950476,209226013.00216162
950480,960713,021088,35671013.77276339
960713,940095,021088,20273273.430457987
950481,950479,021076,317978132.5896952
950489,960722,942004,165444858.6748707
950492,950493,960726,181152429.62622938
950491,950493,950492,
950493,960728,960726,197357511.3414751
950493,950491,960727,
960728,950493,960727,172042131.64776847
021067,960689,960690,186529997.75996068
960689,940091,960690,329321885.09454644
960689,021067,960772,131598920.54309598
960771,950450,950454,243741707.73437846
970831,960771,950454,233848863.49702996
960771,950451,021062,251195107.89601976
950450,960771,021062,191838261.35076877
021066,950455,950454,171739777.41325068
950455,950461,950454,367580173.55783176
950455,960689,960772,174712301.9787808
960689,950455,021066,155733912.06292382
950467,960774,02P210,333363873.38107485
021091,950488,960777,298827806.83613485
940096,970834,960717,168743003.34324035
970834,950485,950468,280438999.5924303
970834,960718,950485,218534267.37510666
960721,940097,021092,132887914.52043243
960722,960721,021092,85780569.8875943
021093,940099,942004,211535357.9207473
960722,021093,942004,176591164.3807753
021093,950491,960724,
940099,021093,960724,
021069,970831,950464,117085749.1807425
021069,960700,960688,195580271.8782411
950465,021069,950464,177712381.37931302
960700,021069,950465,107043686.58070324
960694,970831,950461,154010808.92897654
960694,960696,950464,89315480.61391716
970831,960694,950464,240362421.53827506
960700,021070,960710,128610288.92177391
960701,021070,950465,168720392.26479232
021070,960700,950465,107490633.2561248
970837,960776,960719,177785686.68850026
960776,960721,960719,72854126.51898292
960721,960776,940097,153435041.7737564
940097,960776,021091,113429864.60570681
960776,960718,970836,56528914.319441564
960776,970837,960718,182979874.20787248
950488,960776,970836,107893414.53042723
960776,950488,021091,254908173.6089846
960720,960722,950489,62992643.235572614
960721,960720,960719,23892068.858374104
960720,960721,960722,33950783.598780096
970837,950486,950485,196394829.3055608
950486,021087,960714,206683760.48236397
021087,950486,950489,280484666.5971754
950485,950486,950469,370081872.1198351
950486,960714,950469,169471536.5244146
970828,950473,021080,548593238.708725
960707,970833,021078,175791643.57134038
950474,970833,960703,142690679.02277923
021039,021061,960686,159154708.28953323
940079,021061,021039,139436680.38987434
021061,960687,960686,181350892.5930097
960685,940079,021060,189815302.8834322
960685,021060,940087,260295889.52144057
960685,021061,940079,183258639.97957432
021061,960685,960687,165959938.2797584
950474,960704,950477,294537331.3151112
960704,950466,950477,133431285.31981637
960704,950474,960703,117254361.50340503
960701,960704,960703,69368384.06388386
950466,960704,960701,78041298.44441895
93020,93015,93010,78790819.42655447
93015,93020,93024,92038913.85365745
93015,93024,93021,188287379.11306962
02P107,93044,950227,84485420.30261767
950226,02P107,95113,
960601,02P107,950227,
02P107,960601,95113,
93037,93025,93030,124395678.08207364
93037,960756,93025,117955315.95400843
02P107,93037,93044,184412760.2960642
93037,02P107,960756,82024998.08058642
960601,93060,960600,55609316.500180066
93060,960601,960599,24776640.482401013
93060,93059,960600,17983969.282037087
93059,93060,960599,12312225.7651168
970821,041136,071160,28596522.6164077
04S048,970821,071160,33908135.987045884
93078,93073,93074,146498603.88096595
93089,02S043,970819,22578926.589108806
93052,02S043,93089,39146887.88706644
031102,950275,950277,311309284.3531485
93073,031102,93074,147938489.48753726
93038,960607,93070,191757770.44471616
020960,93035,93034,77432765.70550226
020960,93029,93035,66493792.05532184
93028,020960,93034,98726238.99384116
020960,93028,93029,75141537.82299301
93029,93066,93035,89349197.95287171
020984,950268,950267,228309975.1563974
020847,960616,93084,239922689.8804112
960616,020847,950277,204582970.4988414
950263,020979,950272,140631384.9552017
960612,950263,950272,263010202.97664657
031102,950263,950275,
960612,950271,00R019,143076401.6289808
020984,950271,950268,250839918.1402138
960577,071158,940054,83123124.59407021
960575,940053,950252,
950327,960575,950252,
960575,950327,02P112,
950255,960575,02P112,
960575,950255,020973,
960575,020973,940054,
071158,960575,940054,
020971,950253,950252,
02P111,020971,950252,289429232.192794
020971,02P111,940053,13866082.1623649
960574,940052,950253,
020971,960574,950253,152418162.84236702
960574,020971,960576,182458582.24858454
020966,960574,960576,170344659.37294534
020966,960576,071158,243018615.90144005
960577,020966,071158,236711252.91613674
020973,960578,940054,131253001.2324502
950255,960578,020973,172225742.53221202
970804,93026,950228,107425013.5641705
93028,970804,950228,122324974.11483437
970804,93032,93026,82607272.68339126
970804,93028,93034,53973273.93076202
970804,93034,93067,109630422.45682319
93032,970804,93067,113462029.37397385
93032,93036,93026,122280828.80390278
93039,93036,93067,140310394.3876389
93036,93032,93067,139810438.5633539
93020,93014,93025,248367035.90218395
93014,950225,93025,205937105.29233804
93014,93018,950225,88418403.2669367
93018,93014,93012,107044508.3581165
93002,020947,960590,287937371.485803
020947,950213,960590,148744613.68652347
950213,020947,960581,219271660.8182534
020947,940042,960581,264624684.66517222
970806,950238,960571,86727179.71231991
970810,950238,970806,141458136.65095112
02P110,950241,020964,183291274.53772044
950241,02P110,02P109,
940046,950266,00R015,140330289.33334893
950266,940046,99R004,120122306.80126107
940046,950270,99R004,89287425.96217677
960570,950243,950245,116704658.19366351
950243,960570,950247,403453147.8933922
020967,960570,950245,168374382.87806827
950266,960570,020967,405160313.67199683
05S054,14P125,11S070,
020946,970800,020944,176502249.89687577
970800,020946,950214,126123701.77598119
950211,020946,020944,178792752.89241582
020946,950211,960581,269706381.29389274
940041,091176,020944,183364112.89089727
970800,940041,020944,94241417.43699102
091176,940041,101181,196507852.4460994
101181,940041,93022,
940041,950214,93022,
940041,970800,950214,34118828.84645979
950214,07S069,93022,
940042,07S069,960581,204021245.60278594
07S069,020946,960581,241420512.8934851
020946,07S069,950214,51458610.47600346
950211,950212,960581,182148634.21235994
950205,091176,950201,164065253.37154254
091176,950205,020944,105468664.24554133
950205,950211,020944,133292021.76222946
020943,020940,010845,155529562.6899789
950205,020943,950211,188744817.18860823
020943,950205,020940,235979915.30450368
020903,950158,950156,246167243.37514505
950158,020903,07S063,151385265.99404848
940024,960533,020894,237428571.96409875
960538,950151,960542,261437180.71708158
950151,960534,960542,212258518.72256228
940023,950149,960530,410236568.40695554
940023,02P102,960527,
02P102,940023,960530,
950154,940023,960527,
020898,940023,950154,
091174,020898,950154,264672380.38817382
020940,960560,010845,157821955.6522772
960560,960559,010845,211104555.53092498
970797,950178,950180,219091879.33294445
960560,07S067,960559,94053094.517086
07S065,02P205,960550,
960547,020905,970795,380977484.8556564
020905,960547,950164,244745915.4770648
950164,960547,940028,333925925.5054856
940028,960547,950167,142413153.33479175
020907,960547,970795,254585643.30381605
960547,020907,121191,336352359.0935396
950163,020907,970795,287007334.11038786
020907,950163,950166,309899190.40725154
950163,950165,950166,248151369.62177584
950165,071159,950166,290635370.91858447
950343,960647,950345,152067263.45332795
960647,950343,950329,139037186.740646
021001,960647,950329,112150588.17444828
960647,950342,950345,170330885.927898
950342,960647,950328,291518710.8267849
960647,021001,950328,187102207.77727136
020999,041139,960636,109917876.1224923
950309,960633,021101,147889183.16210616
950309,061148,950304,454876954.15000665
950321,051143,021101,409380947.9628481
031107,970824,950367,200296104.03440264
940066,031107,03P214,24352281.164785564
970824,031107,940066,102609311.7316916
950348,950332,950331,204791151.86937752
940067,950332,950348,257032576.552986
940067,950355,950336,108211083.72260588
950336,950355,950337,114446325.58278613
950355,950340,950337,179686062.87243146
950340,950355,950356,333059212.0925075
950261,020978,950319,141490346.0214531
020978,081170,950319,209336237.3740936
020978,950261,950259,
960643,081170,021003,108725433.15059981
081170,960643,950322,75054081.70485367
960643,950324,950322,112454220.2687404
950324,960643,960644,68185860.05012336
950371,071154,031110,57884573.972581916
071154,950371,950372,182450695.84903896
031110,071154,121193,40255891.95076277
071154,950372,03P215,50555653.779891066
031112,950374,121193,75482728.32807435
071154,031112,121193,33809680.80118545
031112,071154,03P215,44751400.62829185
960653,031112,031122,
031112,950423,031122,
950363,950361,950362,82743148.26782936
950361,950363,950369,176640942.2315153
950363,960652,950369,438903457.6148209
950363,950422,960652,
950359,950358,950360,101840249.8495474
950359,950361,950369,270920772.69821745
950361,950359,950360,127953992.64710107
021004,950359,950369,251933220.8308655
950359,021004,950356,298665914.6713647
950352,950359,950356,186651476.33678773
950358,950359,950352,54989184.03818365
960673,950363,950362,74775177.1130441
031112,03P216,950423,
950422,03P216,03P215,
03P216,031112,03P215,
031120,031121,950442,116035306.52338788
950445,031120,940083,63814292.412925445
031120,950445,031121,
950439,031120,950442,137104627.77222532
031119,010846,970830,121436628.09338304
010846,021046,970830,144646081.82071614
010846,950431,021046,129765913.59268372
950431,950419,950428,96174917.53806229
950419,960674,950428,148436548.16818243
960674,950419,111189,114730987.07087372
950423,031116,950424,106771834.10620062
03P216,031116,950423,41357441.01134761
93102,020997,071161,92561576.76868835
020997,93102,950303,80187170.57360333
031105,061149,950314,74066538.88089198
031105,061148,061149,93607768.96786907
940065,031105,950314,38812218.03870482
061148,031105,940065,63662993.10735912
940063,950300,960629,117340166.96576433
960631,950299,960633,164004837.1044442
960631,960632,950304,27190711.07192031
020993,970812,950291,43669328.07312985
950321,970812,960638,165299947.5241386
970812,950285,960638,291934306.53397435
970812,020993,950285,93203686.3207478
970812,950321,021101,317273059.166996
950294,970812,021101,136264507.13121614
970812,950294,950291,60236089.55069968
950299,970822,960633,103506789.91691382
970822,950294,960633,211721556.19965878
950294,970822,031128,124950965.92194659
970822,940060,031128,126560310.60048303
950260,960579,960580,122091975.10835269
960579,940055,020975,169803365.51663822
960579,950257,940055,133640742.90212457
950259,960579,020975,153845771.22609937
960580,960579,950259,113635666.44304617
960512,020869,950118,183873122.22760665
020869,950115,950113,113459398.53245963
950118,020869,950113,178690206.08340883
950115,020869,950109,
950109,020869,950119,
020869,05S050,950119,
960517,020884,940013,104672365.26193576
020884,960517,950120,169443585.0967039
960517,940013,970785,
950120,960517,970785,
940018,950147,081173,
950147,020892,081173,350243177.3146818
940022,950147,960529,72337306.25352372
950147,940022,020892,204537021.44584182
950139,970792,081173,
970792,940018,081173,
970792,950139,950135,320053607.4572917
061150,970792,950135,201835047.7404076
940018,970792,061150,125687091.46280535
960526,061150,960525,49619540.27641929
960526,940018,061150,35585531.39331967
020877,020872,950117,252437829.75514072
950117,020872,970785,210251490.01775265
020872,940008,970785,328976158.8339524
020872,960509,940008,515085008.4393898
960522,960523,950136,189837662.9578611
960522,950132,940014,236324071.9297092
950132,960522,950136,280893461.7588851
940013,020876,970785,
020876,950117,970785,129054748.36667399
020876,020877,950117,234174018.33889148
960523,950128,950135,355332953.3146877
950128,950129,950135,449821523.21901166
950129,950128,940013,514181027.89085317
960522,950128,960523,212177109.20223892
950239,950240,960568,168400855.2013644
020961,950239,960568,90208839.21274404
950239,950238,970810,110659595.6637422
950238,950239,020961,86520665.89559136
950240,970807,960566,64800447.0832691
960566,970807,950237,60309892.4930912
970807,970810,950237,116055722.2457891
970807,950239,970810,118982674.11273263
950239,970807,950240,199350194.7351603
020952,950242,950246,275635899.40948075
950240,950242,960568,170676387.7237802
950242,950240,950246,195876492.52497894
020963,020961,960568,319142626.14880973
020961,020963,950206,317511877.73595965
950242,020963,960568,241172438.47593933
020963,950242,020952,502778969.6086383
020963,020952,950220,322494908.48077697
020964,950244,020962,102904704.2418642
950244,950246,020962,156866189.34379804
960752,020954,020955,159695092.60010037
020952,960752,950220,243712879.56746614
020958,960613,950264,365836845.81522787
960613,020958,020957,414851616.4999451
020956,960753,93005,108578671.51915923
020956,960592,960753,249924070.72541288
950222,020956,93005,124919381.0757797
960592,020956,020955,158860317.37557697
020956,960752,020955,196113449.68184796
960506,960508,940007,167253323.9680203
020862,960508,960506,244564415.92597333
020865,960508,020862,196995386.8521598
960508,020871,940007,219278796.61921495
020871,960508,020865,256530214.65492982
020871,960514,940007,308974037.6677921
020880,960514,940012,270808436.6234385
960514,970790,940012,
970790,960516,940014,461104239.7161092
960516,020877,940014,265981151.6637765
960514,960516,970790,
960516,960514,020871,503069407.3611191
950162,950164,111184,94654835.63938786
950162,07S064,950164,90829874.66763955
940019,950162,111184,
07S064,950162,940019,
940027,020905,950164,182584765.511422
07S064,940027,950164,180047516.6026761
940027,07S064,07S063,104638964.36191303
020903,940027,07S063,234386650.05533555
940027,020903,020905,316477391.83828187
960507,05S049,970784,212707815.68555245
020870,05S049,940005,134615915.9107074
970784,05S049,020870,149599192.99409723
05S049,960513,940005,184861009.71855527
05S049,960507,960513,606830668.4456719
020861,960503,950111,311432991.04722613
020866,020861,950111,243911402.071004
020881,940010,960531,236491566.53735986
960515,020881,960531,235006701.68706226
020881,960515,950122,160136103.89842206
970787,020867,940007,262701236.77424484
960514,970787,940007,245298814.3797174
970787,960514,020880,265011057.18145674
970787,020880,960518,292167938.19061255
091177,970787,960518,290225386.87253124
020867,970787,091177,361084750.0552719
020879,020874,091177,187686345.35377198
020879,091177,960518,161744060.33566472
020879,960521,131199,323605509.818131
020874,020879,131199,195298366.83794364
020887,020891,03S047,
950144,020891,950142,156890851.51947352
020891,950144,03S047,195168873.83229566
020891,020890,950142,304926017.65089065
020891,020885,020890,
020891,020887,020885,
020887,950134,960521,194642749.02154797
950134,020887,03S047,
940011,020886,020883,227840400.46562317
950112,020886,05S053,142054707.49831936
02P203,950112,940010,46788613.194876626
02P203,05S052,950112,94949619.31694059
020881,02P203,940010,54657399.93819816
02P203,020881,950122,181864468.72096762
960513,950124,950122,308824018.8922298
950124,02P203,950122,254502077.50514087
02P203,950124,05S052,151422759.7814377
000843,950378,021016,250494074.33543795
950392,960660,950394,282082233.2219911
960660,950392,021026,196100963.3098182
960677,960766,940077,231879780.76829284
960762,950360,950354,239190003.22772178
950347,960762,950354,145554833.20739138
950344,960762,950347,170550233.3109599
970823,950344,960648,176155322.6526079
950344,950347,960648,165531341.50868252
021044,021029,960676,135246885.37499738
950417,950429,960674,107936139.57489781
950421,950417,121192,107979325.73521976
960646,950328,960645,188186895.29316783
960646,950342,950328,192689602.55358142
950341,960646,960645,124191887.43311314
970823,960646,950341,113742813.12599348
950342,960646,970823,184392631.60248873
021030,950398,950385,220575341.69496322
950381,950398,960662,261560551.83398005
950401,950398,960663,361055129.71934056
950398,021030,960663,270701061.3456123
021019,940074,950385,199723241.6540298
950398,021019,950385,323033222.3390478
021019,950398,950381,269330238.82428664
111187,021019,950381,181225939.94984543
021019,111187,960656,220931594.32101434
940074,021019,960656,136363192.83412224
071157,950403,071164,163710593.32895318
071164,950403,950399,151735843.31601843
950403,960657,950399,328569381.68838775
960657,950403,950400,142338092.6584038
950400,950403,061151,151276148.33094826
950403,940078,061151,162421310.87950763
940078,950403,960666,167084751.61386532
950403,071157,960666,169731151.65796918
960768,950402,061151,207691837.18731424
950402,021031,960663,94087094.7859828
950402,021023,061151,308350516.24482226
021023,950402,960663,209229718.43865067
960679,960667,021035,233195393.71907827
960679,021048,950433,197262288.8496307
021048,960679,950434,179672669.38818622
021036,960679,021035,237864387.61592552
960679,021036,950434,358549571.4829205
131197,960679,950433,254523520.80628794
960679,131197,960667,204682057.62068802
950472,960706,021077,238181901.2802273
970833,950472,021078,130556442.07356945
950472,960705,021078,87495282.3542816
960705,950472,021077,241073057.0072227
041137,950472,950474,102189879.03160278
950472,970833,950474,138281398.73877898
950414,960769,021038,124650388.06772724
960769,950414,960672,319557642.47775286
950414,021040,960672,163023256.12255234
051147,950410,021037,201323593.01340565
950410,051147,021038,211927765.72027415
051147,950414,021038,140423420.06066263
950414,051147,021040,172710981.7057555
051147,021037,950412,229002604.52169707
950470,051147,950412,599110947.3028901
141205,021052,970830,298378842.1945477
021052,950443,970830,211860568.00793964
081166,950445,940084,82280107.10394475
950445,081166,031121,
081166,940085,031122,
960684,081166,940084,62324034.42968591
081172,051141,950448,79985019.10103688
081172,081166,960684,69465934.82310775
031125,081172,950448,59376654.01743739
081172,031125,940085,55619571.91198042
081166,081172,940085,
021056,960684,031123,96069931.86982346
051141,021056,950447,81662554.30974194
081172,021056,051141,67935204.14130501
021056,081172,960684,105607824.00519677
021056,041134,950447,189162002.6814193
041134,021056,031123,32319159.22466099
940095,021085,960715,192131503.2978761
960713,021085,940095,37993115.95167031
021085,960713,950480,80140664.20256212
950466,950478,950477,322918160.86759305
950479,950478,021076,210217652.95829198
021076,950478,081169,323681317.374992
950478,950466,081169,182633588.05788484
950490,960722,021092,181465080.77348295
950490,960723,950491,
021093,950490,950491,157880444.56840548
950490,021093,960722,310088911.1474755
950490,021092,940098,239976251.64737865
960723,950490,940098,
940091,960770,021065,137197904.89562947
960689,960770,940091,102881318.01337817
960770,021066,021065,147623841.1332727
960770,960689,021066,135651948.44588313
02P210,021068,960772,80187476.80572584
960774,021068,02P210,139286196.5594572
021068,960693,960772,186685560.33663267
960693,950455,960772,221458700.40355822
950455,960693,950461,192921179.18919557
021074,950467,960717,171218569.44463545
021074,960774,950467,178263154.72554123
970835,940096,960777,
950488,970835,960777,
970835,970834,940096,117410882.90328287
970835,950488,970836,144887467.98567712
960718,970835,970836,118313971.46434489
970834,970835,960718,200614112.79716927
950453,960771,970831,139840437.50289673
021069,950453,970831,107266065.20195419
950453,021069,960688,138631056.93436638
950451,950453,960688,234294980.70003292
960771,950453,950451,151694357.0158839
021089,970837,960719,120898694.15818724
021089,950486,970837,89959343.67900679
960720,021089,960719,49876114.29055556
021089,960720,950489,98341954.05211513
950486,021089,950489,75024231.78302664
960709,950473,960706,136664896.2506466
950475,960709,041137,251012833.75009242
950472,960709,960706,146928880.14461124
960709,950472,041137,205513171.8046188
021079,950475,021082,135421006.20621997
021079,960709,950475,205535924.8536961
960709,021079,950473,159048948.1439355
970833,960699,960703,128616085.13728487
960699,970833,960707,108775262.62515096
960699,960701,960703,99060136.9893099
960710,960699,940089,125682233.61489493
960699,960707,940089,135771632.338677
021070,960699,960710,163647127.22232595
960699,021070,960701,204136600.52417034
950451,021063,940087,200757588.56611377
021063,960685,940087,226829014.2697763
021063,950451,960688,210471168.1614296
960685,021063,960687,103335050.15121317
950452,021063,960688,184395042.4006903
960687,021063,950452,135119091.7329227
93059,93057,960600,89000492.97172537
93057,93059,93055,
960596,93057,93055,110911582.09018125
93035,93051,93034,
93051,93048,93062,82708343.58942422
960759,93051,960594,127526003.37436089
93051,960759,93034,
95105,92106,101183,20730754.090312548
93048,95105,101183,22097851.6650218
95105,93051,93035,
93051,95105,93048,160021757.1075304
960597,93057,960596,32883046.847741853
960600,960597,141202,297764188.55215204
93057,960597,960600,114689808.48464108
93053,960596,93062,340010983.4453532
131194,93053,93062,97498318.673125
93053,960597,960596,
960597,93053,960628,
93085,02P114,990838,13168382.170559078
000841,131194,93062,25468037.709327593
000841,93048,101183,7105038.350914645
93048,000841,93062,19262637.038319286
92106,000841,101183,7459351.519918723
000841,92106,93046,24834643.70361785
131194,000841,93046,26275800.998738207
960756,93041,950226,79654093.88813531
93041,02P107,950226,14306858.592417369
02P107,93041,960756,14994253.18957339
970821,93050,041136,20719914.3674804
93099,93050,93084,131606715.225206
93050,93090,93084,167729271.42390317
93090,93050,03S045,49961966.9546589
93050,93097,03S045,57714949.57144156
93097,93050,04S048,36316605.165835425
93050,970821,04S048,37549452.261981405
93078,93077,93073,160843887.90132022
93077,93081,950296,56483369.7691006
93081,93077,93078,87417335.21549328
020847,950295,950277,125323462.44332421
950295,970818,950277,150150080.08534586
950295,93090,970819,91258250.76403692
950295,020847,93090,157045659.84885815
02S043,950295,970819,50353760.730406456
93091,93052,93093,37719669.09888879
93091,970820,141209,
93091,02S043,93052,54960482.48603053
000842,970820,02P115,72290371.20762907
93081,000842,02P115,68645793.11344993
000842,93081,93078,75235139.11349747
970818,93079,950277,119904917.04776374
93079,031102,950277,285682788.2912841
031102,93079,93074,106010605.88503636
93079,970818,141209,
020981,960606,940048,73097904.66997215
960606,020981,93070,177543926.26165393
950230,95105,93035,143607501.92195404
93065,93029,93063,165513211.8702917
93065,93066,93029,120903495.93909924
960607,93065,93064,98436044.53704275
960754,93065,93063,138217643.36928466
020957,960610,950272,172777780.08149204
950271,99R006,00R019,203090377.41679633
99R006,950271,020984,138187743.81286877
020983,950266,99R004,274326640.3411646
99R006,020983,99R004,109311541.33533065
020983,99R006,020984,70296396.6002612
960570,020983,950247,282615653.5214207
020983,960570,950266,271994093.4727576
950247,020983,950267,139782381.23032656
020983,020984,950267,132027368.96902536
940047,031127,960615,158841013.02988607
99R006,960608,00R019,94996388.71138383
950270,960608,99R004,81455907.61340828
960608,99R006,99R004,97327963.91516577
960611,960609,00R015,
960609,960608,950270,51240386.04510151
960609,940046,00R015,169890123.23086748
940046,960609,950270,51689502.83027854
960616,950278,93084,127946554.07074904
020987,950263,960612,176724865.25311524
020987,940047,960615,141106319.31714383
950275,020987,960615,137026182.24129817
950263,020987,950275,362922554.37661606
020987,960612,00R019,218512310.52730483
93069,031102,93073,202125257.19888636
93069,950263,031102,
93071,93069,93073,91756179.61662197
93069,020981,940048,102905904.81996074
020981,93069,93071,80808503.59836966
950271,020985,950268,104806482.9655596
960610,020985,950272,97852643.82512936
020985,960612,950272,210115966.46901333
020985,950271,960612,135453795.02195108
020985,03S046,950268,95692490.3970344
020985,960610,03S046,65926228.92490435
020969,960577,940054,157002934.87702173
960578,020969,940054,243705820.87992567
020969,960578,950251,316464975.52995926
020969,950251,960573,245539812.92393142
020972,020971,940053,115704420.627798
020971,020972,960576,152106389.5629117
960575,020972,940053,152760321.02098933
960576,020972,071158,166526395.62491092
020972,960575,071158,164597594.45323893
950248,020966,960577,224533344.05433658
950248,020969,960573,112111758.64974076
020969,950248,960577,249283787.34477752
020976,950258,950285,273758021.388737
950298,970822,950299,85697877.77656697
970822,950298,940060,141359040.00039956
020994,950292,960629,104336484.3146583
950292,950298,960629,110614988.71503256
960572,020967,940052,98568465.19289613
960572,950250,020967,187027846.16917473
020967,041138,00R015,175991492.8456393
950250,041138,020967,224697048.44092909
041138,960611,00R015,
93023,93016,93026,170918610.59108502
93036,93023,93026,375567091.7352588
93018,93023,950225,92468844.19078246
950225,93023,93030,152987022.3832881
93023,93036,93030,361146063.005355
93016,93023,93012,166362552.63033912
93023,93018,93012,112360953.29934406
93036,93045,93030,153327635.84146193
93045,93037,93030,149029299.58677295
020959,93045,93039,70111947.06851406
93045,93036,93039,104115956.22897114
93045,020959,93044,59940766.77040767
93037,93045,93044,188317190.58224338
950224,93008,93013,83743662.43851694
93008,950224,93012,112310275.5470116
960584,93020,93010,280509558.91996884
960584,93014,93020,178759576.97395438
940042,950216,93004,176312432.87620094
020947,950216,940042,176719645.89178002
960559,960561,010845,198883138.763491
960561,950209,020948,309477391.44852394
960567,020964,020962,180303609.56445578
960567,02P110,020964,11653147.321891092
950179,14P125,111185,
950179,970797,020920,172650470.02351645
970797,950179,950178,214553307.83541498
07S069,93009,93022,
93009,07S069,940042,
93009,940042,93004,
93009,93021,93022,173427320.57263255
93009,93004,93010,281009597.48099375
93009,93015,93021,215876744.61810556
93015,93009,93010,214018276.96911016
960561,020942,010845,98181599.87218983
020942,960561,020948,178592338.73829502
020924,950181,020922,295056421.0367139
091174,950181,950155,264584788.4143384
940024,020896,960533,235715383.96436325
020896,940024,950152,166107363.51418227
960533,020896,950158,
950150,020895,020894,259013720.45542148
020895,940024,020894,232439018.49396002
950155,960541,960538,187045204.26762047
020897,940023,020898,
960534,020897,960542,241255181.3871266
020897,960534,950149,
940023,020897,950149,
960540,960538,960542,158812034.00236696
960540,950155,960538,90707457.31636496
960540,091174,950155,109827043.50230403
950200,07S067,960560,69107578.75411487
950200,960560,020940,108693680.65061258
091179,950179,111185,145626820.51181263
950179,091179,950178,146620236.4139764
14P125,06S059,111185,
06S059,14P125,05S054,
960549,06S059,05S054,275438881.8647514
091179,020917,950178,177571163.94119903
950236,020961,950206,607483142.0484449
950204,950236,950206,214113984.67475635
950236,950197,960564,
940049,950231,960564,271377375.75739527
950197,940049,960564,217201332.20223266
950194,950231,02P105,
950194,02P104,950232,
950231,950194,950232,
940050,970806,960571,126210672.45138234
940050,950231,950232,
950233,940050,950232,
940050,950233,970806,389854708.1890238
960556,020917,020931,399854992.5379573
960556,940035,950178,222441433.59267437
020917,960556,950178,611887724.8074495
960557,07S067,950180,310923159.32116866
020921,091174,950154,409975841.3022055
950181,950182,020922,166995589.95111096
950182,950181,091174,442038859.6478855
020921,950182,091174,348732784.94806385
950182,020921,950184,95902562.60720924
02P205,950171,07S066,3777455.463895925
950171,02P205,07S065,10489575.166848335
06S057,02P205,07S066,
02P205,06S057,960550,
020911,020910,940029,168967078.49804232
020910,071159,940029,219006823.24379617
950171,960546,07S066,69862929.30697058
020910,960546,121191,227799540.75556812
960546,020910,020911,243197384.91886583
970796,071159,960544,317716082.591408
071159,970796,940029,248275845.10533312
970796,020912,940029,123514064.95646802
071159,020908,960544,273995760.8227738
950165,020908,071159,270650123.84232664
960543,950165,950163,167311470.0720383
960543,020904,970798,168577813.53399935
950165,960543,970798,335272914.355669
950311,020999,960636,95124947.85201657
020999,950311,041129,98421229.58781111
061148,950311,960636,82002393.78483076
950309,950311,061148,356593975.4857805
041139,031106,960637,72658666.0468417
020999,031106,041139,100627829.62207237
950309,02P116,960633,133067889.23352416
02P116,960631,960633,81720727.784763
960631,02P116,960632,3193697.465914736
960632,02P116,950304,3376540.5767255053
02P116,950309,950304,74324922.74012536
051143,960634,021101,166153320.14103988
940062,051143,950321,185661269.67667755
940062,950320,960639,137095039.4094328
940062,950321,950320,171696479.4519531
071156,950315,950367,85780860.44369575
950315,031107,950367,81401569.97249687
950315,071156,950316,21232723.917391945
950315,950316,03P214,40634995.15876264
031107,950315,03P214,11618858.657018835
950353,940067,950348,153923073.36248887
950353,950355,940067,63092611.769537196
950353,950348,950351,117065479.79017979
950353,950351,950356,84728697.27610771
950355,950353,950356,77779106.87371948
960642,950332,021003,75730154.68541114
950332,960642,950331,191502149.456748
021002,960642,960641,178533784.24168816
960642,021002,950331,171227287.79438666
081170,151210,021003,
020978,151210,081170,
151210,020978,950259,
151210,950327,960641,
950327,151210,950259,
950333,960643,021003,101159768.55918933
960643,950333,960644,54609351.73049982
950332,950333,021003,71017699.75043547
960644,950333,950335,110565709.33523591
950333,940067,950335,191142930.97469512
950333,950332,940067,151133506.42007688
021013,031112,960653,66218481.118094765
031112,021013,950374,85075601.47133097
950374,021013,041130,48321897.840153575
141203,021013,960653,103123035.95142083
021013,970826,041130,86434522.87073062
021013,141203,970826,133626943.55118524
960673,970827,950416,131618504.71478559
950416,970827,021041,139650286.27476907
970827,950415,021041,87089328.47528131
950363,131198,950422,118252930.3597352
960673,131198,950363,170442151.34500682
131198,960673,950416,68386593.74336149
131198,03P216,950422,49762043.72915453
071152,950439,950442,74770315.14387478
111189,041131,121192,132301926.5560762
950439,041131,111189,162108114.06574115
071152,041131,950439,64149149.42346712
041131,950421,121192,96888938.32815713
950421,041131,071153,106934993.63059336
021051,031119,940083,68937460.12342827
021051,010846,031119,127033075.75224653
950419,141207,111189,93008596.74625367
141207,950439,111189,139889639.08696437
950439,141207,031120,133362362.85246824
031120,141207,940083,133388009.62883727
141207,021051,940083,97023727.85667215
141207,950419,950431,135964628.92976218
010846,141207,950431,151611373.00908372
021051,141207,010846,177096074.12346599
950420,960675,950424,109396662.79444562
031116,950420,950424,132652902.43983509
950420,031116,021041,76166198.30465499
950415,950420,021041,98029606.66777812
950418,950420,950415,147117422.3311592
031121,950444,950442,12465452.788839275
021053,950444,031121,46254859.691367455
950444,071152,950442,70421161.72141758
950440,960675,071153,163762593.87504086
950440,950441,960675,242484780.4797877
041131,950440,071153,150216760.15907928
950440,041131,071152,95912325.88242212
950440,950444,021053,48040979.42921209
950444,950440,071152,175174818.41602632
950441,021055,031122,31147666.60844519
950440,021055,950441,148525648.96869928
021055,950440,021053,62494046.00452012
93102,93103,93099,84725739.78417754
93050,93103,041136,74995237.24728408
93103,93050,93099,74348679.92983705
020996,950305,950303,91169654.98174869
101182,960512,960519,109402561.15040271
101182,020869,960512,378726717.525157
05S050,101182,960519,73435403.59086533
020869,101182,05S050,255402210.601622
960528,950147,940018,261263936.9574003
960526,960528,940018,201812843.4198736
960528,950146,960529,71424536.75355498
950147,960528,960529,75486736.76129657
960528,960526,960525,248507844.59641114
950140,960528,960525,782217478.6884977
950146,960528,950140,202326238.1735353
020877,960520,940014,171337181.96401393
960520,960522,940014,150812706.15674084
020876,960520,020877,207964369.33094478
960520,950128,960522,236565237.57761005
950128,960520,020876,277429932.68639725
020882,020876,940013,102221907.54131189
950128,020882,940013,116742184.69126023
020882,950128,020876,148306975.7279212
960752,940044,020954,124704623.96893297
93065,141206,93064,117635499.43308017
141206,93065,960754,297907712.5087919
141206,020958,950264,229292294.0706235
93064,141206,93070,120628105.84010254
960606,141206,950264,126126975.18963082
141206,960606,93070,267129596.90840462
960753,950223,960754,108651035.11647592
960592,950223,960753,240796369.94320142
950223,141206,960754,187323236.4714418
141206,950223,020958,140047155.53904715
960593,960592,940045,111249725.79964985
020957,960593,940045,108204176.42685054
020958,960593,020957,218555013.16882408
960593,950223,960592,195272182.80667874
950223,960593,020958,163560712.45254102
022005,020872,020877,294087332.05498296
960516,022005,020877,307828093.0455191
020872,022005,960509,214276608.36675566
022005,960516,020871,430059444.02672833
022005,020865,960509,247438053.9060433
022005,020871,020865,312317734.3285861
950121,960511,020866,339069457.17986816
960511,020861,020866,203449711.13182706
970789,020887,960521,258243428.0070024
020879,970789,960521,268004131.3127035
970789,020879,960518,151223455.41499946
020887,970789,020885,368885539.0326071
020880,970789,960518,166585189.77719903
970789,020880,020885,400415333.58047444
950138,970793,940015,286111152.45675766
970793,03S047,940015,242589805.7275757
970793,950134,03S047,156557414.9649421
970791,020886,940011,161084439.87675154
970791,940011,960521,305206813.99437433
970791,950138,05S053,190217112.1865146
020886,970791,05S053,87956975.47379242
05S052,970788,950112,204098560.3613731
950124,970788,05S052,143764512.63511837
020886,970788,020883,439444705.9265186
970788,020886,950112,266107756.09906816
970788,950124,960513,327124051.1209853
970788,950121,020883,224377474.66418356
960655,950380,950390,113456344.13418509
041135,950389,021016,195723129.96751484
950389,041135,021026,118855824.78487888
950392,950389,021026,152657819.7111447
021029,021028,960766,171864168.28835535
960766,021028,950394,179117601.89321336
021028,950392,950394,248170369.12117547
021029,950397,960676,149994607.2240107
950397,021029,960766,156502965.5565278
960677,950397,960766,22668292.95434402
960674,950427,950428,183691809.89661542
950428,950427,940077,
950427,960677,940077,269084079.08407396
950429,950427,960674,147644501.42246157
950346,970823,950390,216716927.98948345
950346,950344,970823,173244245.00632298
950357,021006,950425,238603480.15661186
021006,950357,940071,97916070.118014
970827,950357,950425,
950357,970827,960673,
950357,960673,950362,
950357,960762,940071,51266714.156030476
950360,950357,950362,389485616.98015887
960762,950357,950360,463114022.1256543
960762,950350,940071,64401968.876488335
950344,950350,960762,121273370.03493379
950346,950350,950344,161950593.13376018
950350,021006,940071,100161314.66950735
950350,950346,021006,184186941.3496493
141204,021044,960676,145586685.71509588
141204,950429,950417,135326320.84040472
950397,021045,960676,119610972.21809337
021045,950397,960677,38132247.504002474
021045,141204,960676,94398512.97102733
141204,021045,950429,97478523.11965202
950427,021045,960677,119837427.29224792
021045,950427,950429,166865721.17483458
950398,960664,960662,286800625.1020786
960662,960664,950394,275483208.24699646
021032,960664,950401,195685995.03967595
960664,950398,950401,309862920.0938568
950394,960664,940077,333766144.99569505
960664,021032,940077,156263123.11186728
021047,131197,950433,161942034.31900623
131197,021047,141205,190127664.7704455
021047,021052,141205,274027549.03067714
041132,021047,950433,233984037.6139727
021052,021047,041132,192425144.83198875
960678,131197,141205,371792156.4866943
960678,021046,960767,
960678,141205,021046,222491625.714535
940088,051147,950470,
950473,940088,960706,179568952.634724
940088,950473,970828,355210459.5362927
960706,940088,021077,126034109.96499178
940088,950470,021077,149324370.12416238
021040,940088,970828,
051147,940088,021040,
021054,021052,041132,88612113.89708716
021054,960684,960683,126279404.89004052
950443,021054,960683,125733781.9586255
021052,021054,950443,170508277.2039905
021054,041132,031123,102007798.6880815
960684,021054,031123,141181093.89173356
021085,021086,960715,107709828.28066182
021086,021085,950479,158806278.466587
021086,950481,960715,157194697.18262792
021086,950479,950481,238402191.1578572
950478,021083,950477,190425189.62336248
021083,960711,950477,141491484.1699404
950463,021068,960774,161793347.63750023
950463,960693,021068,169497462.86020976
021074,950463,960774,112289400.28056939
970834,960775,960717,291239373.29131514
960775,021074,960717,127725465.43265645
960773,960775,950468,219550035.45526218
960775,970834,950468,289153232.7732052
950476,940090,021082,238145983.71214485
940090,021079,021082,268028485.92362884
940090,950476,021080,178691817.98827264
950473,940090,021080,270438923.5857627
021079,940090,950473,139101416.214649
960596,960595,93062,321870036.9535456
960595,93051,93062,71938292.74609542
960595,960596,93055,105363358.54997759
960595,93055,960594,28549562.267458893
93051,960595,960594,15157635.343583167
95105,93042,92106,59037814.64932289
92106,93042,970813,92949142.27006848
93042,93068,970813,77622637.15524614
93042,950230,93068,52792798.52145204
950230,93042,95105,54231898.6037672
960597,960598,141202,9233152.877243023
960598,960597,960628,
950297,93053,131194,76319067.25670195
93053,950297,960628,47312111.51074403
93086,091178,141202,
93086,990838,091178,
960598,93086,141202,
93086,960598,960628,
93043,93076,051144,161619471.32905018
93088,93091,141209,
93091,93088,02S043,73360646.45056087
93088,950295,02S043,57118610.34313433
970818,93088,141209,
950295,93088,970818,53415065.229628816
990838,990840,091178,
950296,990840,990838,465663535.82029355
93081,990840,950296,108338934.76971005
990840,93081,02P115,11204784.97265919
93091,93092,970820,45230026.603789225
960623,93092,93091,31501562.282429967
970820,93092,02P115,90193002.30413803
93092,990840,02P115,20398568.014837746
93092,960623,091178,26113460.913703673
990840,93092,091178,67264040.21975294
93094,960623,93091,29993319.481935114
93094,93095,091178,26637001.630199496
93094,960624,93095,11312623.499860914
970820,970817,141209,
000842,970817,970820,63113596.686204225
970817,93079,141209,
93079,970817,93074,59136467.55124274
970817,93078,93074,99709248.62296298
970817,000842,93078,97953247.99810083
960621,93043,970813,33823337.19013295
93043,960621,93038,37957548.34161758
93068,960621,970813,64615449.293253854
960621,93068,93038,81366025.734441
93066,950229,93035,53379861.64008957
950229,950230,93035,37329981.97759252
950221,960591,950265,119200845.44627106
03S046,950221,950268,101748451.5723683
950268,950221,950267,364806294.867638
950221,950265,950267,354051351.51279974
960591,020982,950265,215049164.70919815
950265,020982,020964,278553729.42010903
020982,950244,020964,163976868.1655609
950244,020982,950246,237573154.49977756
020982,960591,020954,310443989.9945012
020982,940044,950246,354217340.9104846
940044,020982,020954,193835302.14030442
950276,960616,950277,241543367.1559716
950275,950276,950277,248403226.9242811
950276,950275,960615,200598087.65823796
031127,950276,960615,219661843.1534057
020986,960609,960611,206228602.79473308
020986,031127,940047,130070320.38175844
960609,950273,960608,66285158.47326389
960608,950273,00R019,44267878.155605555
950273,020986,940047,160789464.02876505
020986,950273,960609,204063486.32234862
950273,020987,00R019,137300810.3471861
020987,950273,940047,159195475.6652152
031103,93102,93099,77722995.9700246
93102,031103,950303,66820426.31004907
950300,950293,020994,124985975.85491364
940061,950278,960616,125928402.17647561
940061,950293,950278,128581916.67106874
950263,970809,020979,151336554.82321456
93069,970809,950263,172629859.42627293
970809,93069,940048,151199081.42585543
970809,960613,020979,165155617.16514507
950264,970809,940048,146323030.1330873
960613,970809,950264,313178583.1949349
020993,950286,950285,95276958.75692196
950286,020976,950285,166254575.93910712
950256,950258,020976,191892722.37693423
950258,020977,950285,281030127.68610156
020977,950317,950285,427523538.3259846
020977,950260,950317,167971686.5080582
020977,960579,950260,131373859.51398726
960579,020977,950257,174701579.0175738
020977,950258,950257,242276307.36127818
960630,940063,960629,48911644.07319401
950298,960630,960629,103292821.56720078
960630,950298,950299,111181940.07098956
960631,960630,950299,138676064.2407573
02P207,960572,940052,152642096.2563791
960574,02P207,940052,
020966,02P207,960574,
93008,93007,93013,116471590.06031221
93007,93008,93003,161256757.70626697
93007,93011,93013,141545887.65577573
960583,960582,93003,137146995.25332063
960583,93008,93012,146662998.30713633
93008,960583,93003,121195348.59869249
950215,93002,960590,136338985.3266059
93006,960584,93010,108618987.66163224
960584,93006,93002,172281519.50197187
93004,93006,93010,152423953.52055416
950216,93006,93004,192633012.5754695
93006,020947,93002,354282921.011042
93006,950216,020947,199003289.1111585
950209,960586,020948,271908196.92127097
960586,950217,020948,309748894.26338565
950202,960561,960559,108052023.40619606
950209,950202,020939,251601722.61108005
960561,950202,950209,236043103.6702374
950217,960585,020948,169683567.6431943
960567,940051,02P110,4180803.736237589
02P109,940051,960566,
02P110,940051,02P109,
940051,960567,020962,67509652.96024527
950240,940051,020962,171232789.40249014
940051,950240,960566,202614726.81560946
940038,950179,020920,194406564.96459833
950179,940038,14P125,
14P125,940038,11S070,
11S070,940038,950201,212162668.13661954
940038,020920,950201,229699106.5912844
960535,020895,950150,218774029.65054643
960534,960535,950150,488876288.7638007
950151,960535,960534,192425107.63238892
010844,950151,960538,321292520.64209694
960541,010844,960538,194045076.5744416
950181,950183,950155,197527179.11695722
950183,960541,950155,444736591.6743088
950183,020924,970798,253052252.89856625
950183,950181,020924,422157797.65292525
020904,950183,970798,190852200.71944433
950161,950159,020904,303549550.4149037
960543,950161,020904,118285085.48826775
950161,960543,950163,89555707.1917289
950161,950163,970795,177408538.42316598
020897,940026,960542,273756253.2240535
940026,020897,020898,416601394.3664082
091174,940026,020898,255421524.42443714
940026,960540,960542,255858454.97999147
960540,940026,091174,180823027.88037825
020924,950187,970798,270319126.590797
07S067,020936,950180,101730312.32199362
950200,020936,07S067,105210424.70577984
020936,970797,950180,154812992.88236827
970797,020936,020920,215667059.18976498
020936,950200,020920,205300956.14131644
020938,950200,020940,124043535.0138635
020938,950205,950201,225369090.76373476
950205,020938,020940,205427730.46961707
020920,020938,950201,233313583.50771436
950200,020938,020920,190637858.32455266
020928,950193,020913,140743386.63609987
020928,970796,960544,274096791.52593064
970796,020928,020913,267713118.9762576
950190,020928,960544,199326252.47633898
020916,950173,020915,95941279.71329671
950173,020916,020912,265566441.76388067
950173,970796,020913,235104789.25135916
970796,950173,020912,238567147.4498739
06S055,051145,020914,142535139.08976442
051145,06S055,020911,174186377.0569883
051145,020916,020914,134274239.76054603
020916,051145,020912,211619781.9821941
051145,020911,940029,160034939.26880184
020912,051145,940029,99546113.23768705
020916,020918,020914,171800670.26690656
131201,091179,111185,146561428.37271723
020917,131201,131195,81104519.1235622
131201,020917,091179,167950678.7697052
950176,020916,020915,93133455.78936319
950176,06S059,960549,122535354.03100549
020918,950176,960549,77520204.61932245
950176,020918,020916,93881718.14503326
950174,020917,131195,113218124.36745715
950174,950173,020913,158585545.75385848
020917,950174,020931,261410531.26160195
950174,131195,020915,181374838.07749233
950173,950174,020915,122219478.41105029
950174,950193,020931,442191700.5862857
950193,950174,020913,199184999.38719887
950236,111186,020961,430492136.9385222
950238,111186,960571,57607893.26334491
111186,950238,020961,135058717.10157683
111186,940050,960571,130049675.33052063
950231,071162,02P105,68175776.69918396
940049,071162,950231,375738782.2956608
071162,940049,950197,327461835.9670081
071162,950196,02P105,70238798.83451417
071162,950197,950196,
950196,020932,02P105,171311919.20312166
020932,950194,02P105,
020934,960557,950180,113359012.04669574
960557,020934,940035,99238545.01793128
950178,020934,950180,227115113.13342202
940035,020934,950178,199455596.07727256
970803,960557,940035,128234103.6737122
960556,970803,940035,133949328.51831602
970803,020933,970799,187676583.73246878
020933,970803,960556,250922075.004272
940033,960556,020931,224118047.1141037
940033,020933,960556,153572935.81203085
07S067,950198,960559,253697106.25115645
950198,950202,960559,253529663.55741382
950202,950198,020935,410139634.4090498
960557,950198,07S067,400063521.8101329
020909,020907,950166,184516759.77699584
071159,020909,950166,209518878.78341934
020910,020909,071159,270671321.13135535
020907,020909,121191,282886367.3200999
020909,020910,121191,254053976.7100294
950170,950171,07S065,67656172.3465498
950170,960546,950171,214522386.53959447
960546,950170,121191,228854717.07187247
950170,960547,121191,382415388.2001016
950170,07S065,950167,108285258.98078753
960547,950170,950167,377256965.5759141
950175,06S055,020914,81952553.91409822
06S055,950175,06S056,40433219.61512554
020918,950175,020914,152170250.26468933
950175,020918,06S056,99554476.83199689
06S055,950172,020911,133638690.5060159
960546,950172,07S066,111150762.13284732
950172,960546,020911,199885240.08420995
950172,06S057,07S066,
06S057,950172,06S056,104969526.46776608
950172,06S055,06S056,74853839.72616196
950312,021008,960637,182000271.75612727
031106,950312,960637,56322703.00815306
950312,020999,041129,128029500.87335773
950312,031106,020999,93127052.94010743
940064,960634,041129,120432930.09550224
950311,940064,041129,114192718.05046454
940064,950311,950309,182321554.83903316
940064,950309,021101,234086095.02549526
960634,940064,021101,191960343.62156722
950364,950310,021007,104666141.21344419
950310,950364,021008,159458394.00050464
950310,950326,021007,111988804.07662624
940062,950323,051143,86372218.15340078
950310,950323,950326,134264609.19782853
950323,950310,051143,174942508.36338967
950326,950323,960639,106951727.08243923
950323,940062,960639,63546972.367138915
950262,960642,021003,116065530.74612293
151210,950262,021003,
960642,950262,960641,187482159.4701797
950262,151210,960641,
031114,031116,03P216,66754033.25395282
131198,031114,03P216,91098416.54559061
031116,031114,021041,37908259.66011147
031114,950416,021041,49973293.68202053
031114,131198,950416,77172060.80891669
950420,021042,960675,106652571.30231789
021042,950420,950418,100287293.22801863
960675,021042,071153,146466372.24003696
021042,950421,071153,97651931.8795976
021042,950418,950417,97609303.63602573
950421,021042,950417,139586407.33405194
940082,021053,031121,55655986.00488961
940082,021055,021053,87300837.2265978
021055,940082,031122,44288563.693832435
940082,081166,031122,
081166,940082,031121,
93104,93102,071161,69539211.78611831
93104,93103,93102,66581274.395656675
041136,93104,071161,29180683.350409657
93103,93104,041136,59370546.55961332
940063,950302,950300,143869217.81736645
950302,020996,950300,143596178.25199223
020996,950302,950305,70601903.10917318
950302,020998,950305,199920543.4030934
020998,950302,950304,142849824.61775026
950302,960631,950304,160947325.51159257
960630,950302,940063,47001421.63531352
950302,960630,960631,178065844.83174813
970802,020952,950246,157210730.6949573
940044,970802,950246,86860332.6473868
970802,960752,020952,170163099.8325136
970802,940044,960752,90716471.97061716
020873,960511,950121,314890414.2436302
020873,970788,960513,521796342.5042242
970788,020873,950121,444110824.6367837
960511,950114,020861,258731079.02953044
950114,960507,950108,337454595.2700583
020873,950114,960511,324872978.1816957
950114,950108,960503,564417539.7779412
020861,950114,960503,372319388.12535477
950134,020889,960521,236280691.7994039
020889,970791,960521,304900865.0207574
970791,020889,950138,190969722.5105255
020889,970793,950138,216632951.56796277
970793,020889,950134,197491347.2254431
000843,021017,950378,153657468.12185934
950380,021017,000843,108254878.25278822
950378,021017,021014,127157417.53500849
021017,960655,021014,157448449.55324087
021017,950380,960655,72397102.65873416
021027,000843,021016,283596064.1407068
950389,021027,021016,201562875.11052862
000843,021027,950393,101767554.3486808
021027,950392,950393,135384284.453387
021027,950389,950392,204981177.49230987
141204,950426,021044,238433791.48233536
950418,950426,950417,201209927.99948147
950426,141204,950417,260653132.7778044
021044,950426,950425,155687572.28548172
950426,970827,950425,182113986.4287836
950426,950418,950415,131170662.93572845
970827,950426,950415,101291490.334576
950395,960765,950393,236438904.59589168
950395,021028,021029,143172345.7004541
950392,950395,950393,222442744.9484232
021028,950395,950392,190776396.1488669
021044,950396,021029,179634285.61583042
950396,950395,021029,212464331.07083344
950395,950396,960765,189287406.63105172
950396,021044,950425,125907504.95207584
021006,950396,950425,275731826.7741411
960765,950396,021006,156973174.02227426
950391,000843,950393,249462975.02198985
960765,950391,950393,281768017.4891154
950380,950391,950390,104144301.17272183
950391,950380,000843,231330957.7761568
950391,950346,950390,77389900.54014137
950346,950391,021006,206217869.9108508
950391,960765,021006,229622191.74137878
021033,960678,960767,182168588.80063668
021032,021033,960767,139563944.12928677
021033,021032,950401,176549869.1995769
131197,950405,960667,174982525.50341552
960678,950405,131197,286218968.4873291
021033,950405,960678,209252635.03639624
960667,950405,960768,135108987.6362224
021031,950405,950401,278707580.0314979
950405,021033,950401,127056268.4471845
950405,950402,960768,227838761.3684687
950402,950405,021031,141507291.2377535
960712,021085,950480,244062902.433732
021084,960712,950480,213447530.09528214
021085,960712,950479,221978774.04423493
960711,960712,021084,294258475.5509043
021083,960712,960711,119728876.95883282
960712,950478,950479,190046960.93831965
960712,021083,950478,150246761.6565704
960697,960773,960696,70305921.58102593
960697,960775,960773,157024518.90335214
960697,950463,021074,193949430.22389862
960775,960697,021074,186140607.0790138
960694,960697,960696,27809927.4569603
93049,131194,93046,45258260.90533536
93049,950297,131194,24370322.717485256
950297,93049,051144,34072859.91483957
960620,950297,051144,84465149.49718742
950297,960620,93085,58906761.61547765
93085,960620,02P114,7269463.389891616
02P114,960620,950296,71828570.86220217
950297,970814,960628,51467721.13841177
970814,950297,93085,80260569.46038814
970814,93086,960628,38954436.888515145
970814,93085,990838,46116313.4886451
93086,970814,990838,57606095.23303348
93077,93075,93073,157679637.3092818
960622,93091,93093,24634006.428110987
960622,93094,93091,19536521.529425517
960624,960622,93093,12369849.921121746
93094,960622,960624,11870529.305321539
960623,960625,091178,16177327.518672885
960625,93094,091178,2354684.690092846
93094,960625,960623,7557010.286932434
93031,950229,93066,71619994.7062182
93031,93065,960607,73582384.04437172
93065,93031,93066,149507145.05124596
93038,93031,960607,88877998.23900372
93068,93031,93038,142104375.67136028
950230,93031,93068,80428719.85906643
950229,93031,950230,48075905.34375662
960591,950269,020954,338792325.68136305
950221,950269,960591,77099660.55532229
950269,020957,940045,137271764.81125516
020954,950269,940045,369487055.80834186
950269,960610,020957,120590390.09934951
960610,950269,03S046,72387146.6802806
950269,950221,03S046,114665416.12592763
950276,020989,960616,272227927.5263339
950251,950279,960573,316253190.90626514
020995,031103,93099,125370542.18477434
020995,93099,93084,98502280.47649641
950278,020995,93084,90472825.94299883
950293,020995,950278,136053524.578777
020995,950293,031103,238464438.3462673
950301,950293,950300,113466956.14736238
950293,950301,031103,157573187.0860405
031103,950301,950303,71568196.60046849
950301,020996,950303,89413050.48664756
020996,950301,950300,117778938.88481224
950293,020992,020994,183266050.8291087
940061,020992,950293,147062530.2332341
020992,940061,950284,180515627.2425148
940060,950288,031128,96971141.96954744
950288,950286,020993,106493727.9402762
950288,950291,031128,82030099.1547121
950288,020993,950291,77634803.42446432
950256,020974,950258,286678700.6949051
950258,020974,950257,161159007.42439964
020974,960578,950255,180963914.19323492
020974,950256,960578,269018355.63660413
940055,020974,950255,155423804.03741708
950257,020974,940055,79697402.9712836
950248,020968,020966,137739549.9453833
020968,02P207,020966,58821387.007751375
020968,950248,960573,74531519.05279517
960572,020970,950250,194998180.18628353
92110,960584,93002,123028875.2921027
960583,92110,960582,147008920.3865296
950215,92110,93002,119590588.73852308
92110,950215,960582,119271605.16445221
950213,960588,960590,96700322.66085956
960588,960585,950217,157956732.94589376
950219,960588,950217,242880110.35882562
950219,950215,960590,253931474.73650298
960588,950219,960590,184731912.8336741
950202,940040,020939,234993702.57741612
940040,950202,020935,414649081.3612404
940040,950236,950204,315926059.7495869
950236,940040,950197,
940040,020935,950197,
950210,020942,020948,185018532.40616682
960585,950210,020948,192023237.5710001
950210,020943,010845,194930428.04472917
020942,950210,010845,107541622.63473593
07S062,950153,960539,93464997.80371417
07S062,960539,950156,92388886.39749381
950158,07S062,950156,
020896,07S062,950158,
07S062,020896,950152,42547294.41427668
950153,020901,960539,129828404.49811737
960539,020901,950156,140045278.14616904
950159,020901,020899,244086150.82453927
020901,950153,020899,78616443.2796597
020901,020903,950156,205342404.98095214
020901,950159,020903,200084281.97912955
02P103,960535,950151,233304998.6077866
010844,02P103,950151,99030625.59906402
960541,020902,020899,237607616.87095577
950183,020902,960541,293655918.458576
950160,950161,970795,221244387.0103967
020905,950160,970795,193027276.44079027
020903,950160,020905,219697956.9206728
950159,950160,020903,202991907.969861
950161,950160,950159,326521249.58822083
020921,020923,950184,33536739.0832886
950194,960551,02P104,
020923,960551,960552,242477806.9467708
950182,950185,020922,122959757.7155965
950185,020924,020922,114609692.37688585
950185,950188,020924,289702502.24363655
020908,020926,960544,218234113.68475467
020926,950190,960544,177279438.27856234
940036,06S057,06S056,49080606.75734697
020918,940036,06S056,103702895.72381471
06S057,940036,960550,77761191.97744071
06S059,940037,111185,69169049.36118342
940037,131201,111185,80904026.50597093
950176,940037,06S059,134556837.1137005
131201,940037,131195,67431621.66752501
131195,940037,020915,241535089.27269945
940037,950176,020915,291151366.22485286
950234,950236,960564,209185834.10796645
950234,111186,950236,226366677.27732322
940032,020932,950196,216373933.2391029
020932,940032,950194,
970803,950199,960557,115465391.34048642
950199,950198,960557,216471067.25706464
950199,970803,970799,133136296.0164891
950196,950199,970799,314281344.59582543
950197,950199,950196,
020935,950199,950197,402370659.0397531
950198,950199,020935,247789891.08384237
960635,950312,041129,111051171.74588114
960634,960635,041129,121800171.94162205
950312,960635,021008,175642362.09446388
960635,950310,021008,190241657.39119893
960635,960634,051143,126568671.37985902
950310,960635,051143,193255459.5798871
020868,020873,960513,287462898.3886007
020868,950114,020873,374648775.29213494
960507,020868,960513,186122008.9591329
950114,020868,960507,280590409.38080305
960695,960694,950461,75252128.32362667
960695,960697,960694,63118959.602153786
960693,960695,950461,65005532.64416741
950463,960695,960693,46620740.1336314
960697,960695,950463,45714709.11255351
960626,93043,051144,37641257.299232095
93049,960626,051144,81521764.47695822
960626,93049,93046,57525239.63986629
960626,93046,970813,41844137.24079919
93043,960626,970813,22969158.543114994
970815,93075,93077,35362192.81123567
93075,970815,93076,46509182.6682131
970815,93077,950296,32608234.813765932
93076,970815,051144,135415303.99022886
960620,970815,950296,235486000.8068496
970815,960620,051144,121390874.75466073
96S007,93071,93073,34450033.607083045
93075,96S007,93073,88417149.3937486
96S007,020981,93071,22712841.099959772
950274,950276,031127,154930931.32387322
950274,020989,950276,173660844.4256207
020986,950274,031127,99826102.80363923
970811,940061,960616,204365915.528808
020989,970811,960616,170523095.10471252
940061,970811,950284,118530705.67192777
950282,950256,020976,267603008.11951575
950282,950280,950256,324007876.1024976
960617,950279,950251,163910754.0082647
950280,960617,950256,331555922.3219079
960578,960617,950251,217879360.27083838
950256,960617,960578,289830646.09575343
020990,950280,960619,210558655.28941077
020990,960617,950280,171738679.92055133
960617,020990,950279,211961178.44549644
950298,950289,940060,209267187.71239966
950292,950289,950298,98859092.30480015
950289,020992,950287,112728477.62186496
950289,950292,020994,84679924.99310039
020992,950289,020994,193988350.157708
950287,940059,960619,86487855.16124451
940059,020992,950284,202053344.62434888
020992,940059,950287,161082153.54520136
02P207,950249,960572,95488589.77884299
950249,020970,960572,162049632.17654186
020968,950249,02P207,43786964.600926995
950249,020968,960573,97066172.84871225
950279,950249,960573,245799096.37842295
020970,950249,950279,104082407.10067923
020970,960618,950250,252010713.03973854
960618,041138,950250,229891121.26597053
960618,020970,950279,170539150.3224266
960584,960627,93014,112128950.3177477
92110,960627,960584,1758498.7201603402
93014,960627,93012,156168247.22636804
960627,960583,93012,131567036.30498141
960627,92110,960583,1966923.52880514
020965,960588,950213,87068074.68849294
960588,020965,960585,175639646.55506206
020965,950213,960581,128515800.65284644
950212,020965,960581,103585641.41395818
950207,950204,950206,134316943.42511174
020963,970801,950206,180847454.12996587
970801,950207,950206,178494200.17913002
950207,970801,960563,191789360.41620916
970801,020963,950220,310452903.9506698
93001,960589,950222,314767285.5132785
93001,950222,93005,308243120.6451956
93011,93001,93005,295961815.99687165
93007,93001,93011,255615227.71058515
960563,020949,960586,291164823.6135333
970801,020949,960563,180276010.0222441
960589,020949,950220,337286505.6070591
020949,970801,950220,280958285.17249626
071163,960589,950220,183779048.78307435
960589,071163,950222,198471318.69896555
960752,071163,950220,198584440.1795569
071163,020956,950222,109852802.49025041
020956,071163,960752,358331474.48883194
960586,960587,950217,204782901.03034672
960587,950219,950217,189228476.04409647
950215,020951,960582,97253143.82619326
950219,020951,950215,133904674.86398692
960582,020951,93003,178972719.24778593
960535,091175,020895,211722219.98618448
02P103,091175,960535,156137033.43980187
091175,960541,020899,450632332.5722547
091175,010844,960541,157583177.73773697
091175,02P103,010844,33245990.78360656
950157,950159,020899,296245825.1570198
020902,950157,020899,205378980.07772356
950159,950157,020904,188988506.17543554
950157,950183,020904,241210396.41892135
950157,020902,950183,261920482.84914353
960551,940030,02P104,35375555.644658186
940030,960551,020923,128954085.47065884
940030,020923,020921,247062550.94410986
02P104,940030,950154,
940030,020921,950154,
950186,020923,960552,134405261.6339952
950186,960552,950188,169164978.90334904
950185,950186,950188,389435675.44381374
950186,950185,950182,384301335.7498914
950186,950182,950184,325495435.22600543
020923,950186,950184,122242922.1589069
960553,020926,020908,192805091.55369413
020926,960553,950187,156069292.20603582
960553,020908,950165,162790354.59438533
960553,950165,970798,378205314.2248743
950187,960553,970798,241098466.969268
06S058,05S054,960550,18043226.69821562
940036,06S058,960550,29231883.69359849
06S058,960549,05S054,91876277.14715813
06S058,020918,960549,118110092.72105882
06S058,940036,020918,58196928.36424767
111186,151212,940050,
950234,151212,111186,
940050,151212,950231,
950231,151212,960564,
151212,950234,960564,
950195,940032,950196,200435464.45111966
950195,950196,970799,307761977.3305917
020933,950195,970799,326590288.65182936
131196,940031,950192,200588210.95162112
96S007,96S006,020981,33693606.494361944
96S006,93075,93076,37253345.68561852
96S006,96S007,93075,15946322.005648995
960614,020986,960611,164538014.4103975
960614,950274,020986,122130095.90764481
950274,960614,020989,96970433.4170729
950286,020991,020976,212460083.19769168
020991,950282,020976,161259096.55278653
950288,020991,950286,160358198.57111543
020991,950288,940060,233269320.29528594
950289,950283,940060,279951744.5426007
950283,950289,950287,169391475.3721641
950283,020991,940060,208848439.80435625
020991,950283,950282,123726645.96561724
950283,950287,960619,318265284.81326926
950280,950283,960619,328133714.3489181
950282,950283,950280,142387679.77533495
041138,021099,960611,
960618,021099,041138,
020945,950210,960585,148230831.655974
020965,020945,960585,227617768.46217626
020945,020965,950212,108606990.52019529
950210,020945,020943,145116483.6734252
020945,950212,950211,159756008.88691157
020943,020945,950211,146808589.2580258
950207,020941,950204,166991704.56319046
940040,020941,020939,163041147.11207676
020941,940040,950204,321851688.36266536
020941,950209,020939,170850445.19457367
020941,950207,960563,183725640.217131
020941,960586,950209,277487096.52706885
020941,960563,960586,306408944.59726864
960587,020950,950219,171470690.14962435
020950,020951,950219,114353587.48570344
950153,960537,020899,116355667.79273114
960537,091175,020899,194131372.15344343
960537,07S062,950152,207534228.99840224
07S062,960537,950153,276327103.8039542
940024,960537,950152,443755427.4499501
020895,960537,940024,430058190.66208804
091175,960537,020895,182849945.0851276
131196,950189,950188,240333928.77130955
950189,020926,950187,241099017.57476553
020926,950189,950190,188220482.51639414
950189,131196,950190,326176798.4318219
950188,950189,020924,347562325.2936
950189,950187,020924,230955476.75724208
950193,020929,020931,264119943.12737352
020929,940033,020931,258764660.6556857
020929,131196,950192,243252481.76307485
950195,960555,940032,163890842.85326904
960552,020925,950188,261896175.78966463
020925,131196,950188,335960724.38303363
020925,940031,131196,143111255.27708143
960551,020925,960552,274383946.1809194
021100,96S006,93076,94499180.27282207
020981,021100,93070,132162370.71682589
96S006,021100,020981,114069966.0243324
020988,940059,950284,159061244.16477442
960614,020988,020989,168842673.7661638
970811,020988,950284,93643587.4161586
020988,970811,020989,144117776.18721288
950281,960614,960611,104451284.65248694
021099,950281,960611,96295993.65324049
950281,020988,960614,89569445.6976174
950218,020950,960587,222757672.69157243
020949,950218,960586,367222338.9578704
950218,960587,960586,263372052.4549084
950218,020949,960589,155809498.63719565
93001,950218,960589,221804067.4815369
020951,940043,93003,196558876.24570394
020950,940043,020951,111740218.33575045
940043,93007,93003,220833151.27581644
940043,93001,93007,240918686.6402198
940043,950218,93001,299096662.0787068
950218,940043,020950,106811433.74645078
131196,960554,950190,166686326.69655278
020929,960554,131196,188333719.18368396
960554,020929,950193,127429612.9953721
020928,960554,950193,115999009.62765923
950190,960554,020928,141309736.15038115
020929,020930,940033,303568915.7719894
020930,020929,950192,298708946.244995
940033,020930,020933,169991625.5218776
020930,950195,020933,369730500.5455195
960555,020930,950192,270219802.28490895
020930,960555,950195,304504105.17916185
020925,950191,940031,81609010.63989909
950191,960551,950194,
950191,020925,960551,
940032,950191,950194,528265508.6721217
960555,950191,940032,120117292.07660894
940031,950191,950192,263051898.42768633
950191,960555,950192,227944127.49427754
93072,021100,93076,45157118.60062499
93072,93043,93038,120568567.36839293
93072,93076,93043,136616319.69433054
93072,93038,93070,103786042.13050617
021100,93072,93070,60283179.350073755
940058,021099,960618,154291283.93755794
940058,950281,021099,146117142.80669466
940058,020990,960619,302900346.2305682
950281,940058,020988,216094186.495835
020990,940058,950279,262147529.46957943
940058,960618,950279,164718176.96116033
940059,940058,960619,135443209.7971845
020988,940058,940059,333444010.7265887
