st1,st2,st3,area
960605,051140,021098,
950497,950498,051140,
020859,950109,020848,
950101,020859,020848,
02P213,052007,021098,
052007,960603,021098,
960603,052007,02P213,
960605,960604,02P213,
960604,960603,02P213,
960604,960605,021098,
960603,960604,021098,
960602,960605,02P213,
960605,960602,051140,
950498,960751,051140,
950102,02P201,020848,
93022,960602,02P213,
960602,02P208,051140,
960751,950500,131200,
950500,960698,131200,
960747,960748,950498,
950456,950102,131200,
950376,960602,950314,
950382,960527,950102,
950456,950382,950102,
960750,960751,950498,
960748,960750,950498,
960750,950500,960751,778438418.5606701
960743,960747,950498,
960743,960748,960747,
960748,960743,960698,
031113,02P208,960602,
950376,031113,960602,
020875,950106,950102,
960746,940085,02P211,
940085,960746,031122,
960746,950497,051140,
031122,960746,051140,
960750,960749,950500,
960749,960750,960748,
950500,960749,960698,
960749,960748,960698,
111190,950498,950497,
960602,091178,950314,
141202,091178,960602,
950382,950252,960527,
950252,950232,960527,
940008,950106,970785,
950106,960501,950102,
02P201,940001,020848,
950104,960501,950106,
020859,020864,950109,219539358.26186204
940004,020864,020859,426306227.0240857
940002,960503,020859,
960504,020854,020858,344855085.850149
020854,960504,940002,242632773.93462652
02P122,021059,021080,
960743,960739,960698,
960739,960736,960698,
960734,960729,960698,
960736,960734,960698,
960746,960731,950497,
960731,960732,950497,
960692,960691,960698,
960729,950487,960698,
950456,950408,960668,
960550,93022,02P213,
950106,970783,940003,482055934.5158953
940008,970783,950106,
950104,970781,020852,295934354.97433686
970781,950106,940003,461304272.3531578
970781,950104,950106,
950104,970778,960501,
970778,02P201,950102,
960501,970778,950102,306869717.3095941
970778,940001,02P201,
020851,950104,020852,214423841.72980034
020855,970782,020852,704530247.3144811
020855,970781,940003,137570363.9000245
970781,020855,020852,383043520.45803124
970783,020855,940003,160661176.3484469
960503,020856,950111,290142048.71965426
020856,960503,940002,167388737.3273837
020856,960504,950111,316812593.84768796
960504,020856,940002,263611335.20325765
950103,020859,950101,
950103,940002,020859,
020854,950107,020858,243507953.73237163
02P118,960645,950382,
940075,950383,960668,
950383,950456,960668,
950383,950382,950456,
950386,950383,940075,
021059,021088,02P211,
021088,021059,02P122,
960745,111190,950497,
021094,960745,950497,
960736,960738,960737,301182434.3595803
960744,960743,950498,
111190,960744,950498,
960735,960734,960736,
960726,960731,960746,
950457,950458,950456,
960691,950457,960698,
960698,950457,131200,
950457,950456,131200,
950459,950457,960691,
950457,950459,950458,
960692,081168,970832,
950487,081168,960692,
950462,960692,960698,218760073.61266184
950487,950462,960698,
950462,950487,960692,
021060,950408,950456,
950235,950253,950245,
950253,950235,950252,
950318,950320,960638,154548710.37370756
020849,970778,950104,411602444.63419706
020851,020849,950104,400816509.1766365
970778,020849,940001,219772834.03973597
020849,020851,950101,458929629.37742025
020849,950101,020848,322412580.0740749
940001,020849,020848,217490731.4201883
950113,950115,020864,123217324.81886812
020864,950115,950109,151356116.69490302
020851,020850,950101,449456236.14602256
020850,950105,950103,279581090.07808715
970782,950105,020852,362282675.64435077
950105,020851,020852,171252364.19840938
950105,020850,020851,302116882.7561321
950105,970780,950103,483308354.79399437
940020,020888,020875,
960527,940020,950102,
940020,020875,950102,
020888,940017,950143,
940017,950145,950143,437197358.4130483
940020,940017,020888,
940017,940020,950145,695581529.3115402
020860,020855,970783,236441159.5941786
020860,970783,940008,323772484.0356817
960509,020860,940008,498736516.84018886
960510,960504,020858,829769232.5496668
950408,960669,960668,
960669,950407,960668,529273586.99002934
02P209,940075,960668,
950388,02P209,960668,
02P119,950388,960668,
950388,02P119,021025,
950407,02P119,960668,
950412,950411,950413,240976863.64059484
960669,950411,950407,271992678.0750822
021016,021014,950382,
021014,02P118,950382,
021046,940077,960767,
031118,970828,021080,707439452.0061705
021022,950386,940075,120079130.71784134
950386,950384,950383,
021059,041133,021080,
041133,031118,021080,447562944.2917972
960742,960739,960743,
960744,960742,960743,
960742,960744,960739,328619490.8945765
960739,950496,960736,
021095,950496,960739,
950496,960738,960736,334540068.7732242
960744,02P212,960739,
02P212,021095,960739,
02P212,960744,111190,
960738,960740,021094,117754171.00553605
950496,960740,960738,292682721.12390846
950495,960736,960737,375057379.0771338
950495,960735,960736,
960735,950495,950497,
950495,021094,950497,
960738,950495,960737,53275998.209438145
950495,960738,021094,
960735,141208,960734,
950494,960730,960729,
960730,950494,960732,323523152.8952045
960730,960731,960729,
960731,960730,960732,208255302.21960816
960725,950487,960729,
950460,950459,960691,
960692,950460,960691,
950460,960692,970832,
021065,021062,950458,
950458,021062,950456,
021062,021060,950456,
021060,021062,940087,124442056.89449134
960725,960777,950487,
93055,02P206,960594,
93022,95113,960602,
95113,141202,960602,
93021,950226,93022,
950226,95113,93022,
950252,960565,950232,
950235,960565,950252,
940028,950167,111184,
940066,03P214,960637,
940068,021010,021009,114442534.17146444
021010,950366,111188,
021010,940068,950366,113020752.05183947
031111,021000,950373,40359457.733126655
031111,950316,021000,72945301.17972866
950334,960763,960764,128059073.60544528
970825,021000,111188,
021000,970825,950373,130644484.67896587
021011,950370,051146,210827645.62017345
950366,950370,111188,
950370,970825,111188,
970825,950370,021011,255754368.06781164
970825,041130,950373,168580911.0347195
041130,970825,021011,184755541.52660036
950368,031109,051146,116728718.5191552
031109,950368,940069,81350051.7790819
960652,031109,940069,65062946.61050237
071160,071161,950314,
071161,950306,950314,
950317,950318,960638,130118011.5602043
950317,940056,950318,75019616.76029892
950285,950317,960638,226795269.246064
950352,950351,950349,148620430.2532284
950351,950352,950356,137407803.96099555
960519,940009,950167,
950119,960519,021098,
970779,950103,950101,71262786.63755158
020850,970779,950101,162695500.89907318
970779,020850,950103,143018063.21943748
020853,950107,020854,355575788.7331265
020853,970780,950105,432531615.286433
950107,020853,970782,385824687.86952734
020853,950105,970782,491435963.3187322
950145,02P102,960530,
940020,02P102,950145,
02P102,940020,960527,
950140,020888,950143,
940021,950145,960530,117794303.32313557
970794,940021,960530,261392020.23134404
950145,940021,950143,192482709.1053895
940021,970794,950143,334362357.38226485
081173,020892,020894,341043696.88608587
950139,081173,950141,
020855,950110,970782,599605765.8415138
020860,950110,020855,346535535.6115377
950110,020860,960509,400858756.7792004
020870,020864,940004,606455370.924157
020870,950113,020864,293303135.5320717
960513,950122,940005,418385226.6854685
02P119,940076,021025,
940076,02P119,950407,
081167,950341,960645,131687856.28680563
960680,970829,031117,96908839.29862379
021046,141205,970830,
960658,950388,021025,178433055.2993634
950399,021022,940075,256844010.9396606
021018,950384,021020,154497116.81242034
950384,021018,950383,
021088,950483,02P211,
960715,950483,021088,123927146.1605408
021096,02P212,111190,
02P212,021096,021095,
960745,021096,111190,
02P124,021096,960745,
021096,02P124,021095,
02P124,960745,021094,
960741,950496,021095,50698999.1646151
960741,960740,950496,178240689.3149867
02P124,960741,021095,
960740,960741,021094,78581041.34797506
960741,02P124,021094,
141208,960733,960734,
960734,960733,960729,
960733,950494,960729,
950494,960733,960732,
960732,960733,950497,
960733,960735,950497,
960733,141208,960735,
950484,960715,950482,510093613.5931039
950484,950483,960715,200128630.00421977
950492,960746,02P211,
950492,960726,960746,
950459,960690,950458,
950460,960690,950459,160013579.40267473
081168,02P210,970832,
021091,960777,940098,192609693.5620362
021092,021091,940098,211952340.88673782
021062,950451,940087,224112626.52441588
021075,940093,950468,161186320.2518019
950485,021075,950468,209989079.28745362
021075,950485,950469,250610263.31738582
021075,960702,940093,159506913.13197356
960705,950471,021078,134690589.42353895
960686,950471,950413,
950471,960705,950413,
021039,960686,950413,307644427.3148585
950411,021039,950413,200877767.31677172
021039,950411,960669,328652215.19122726
950452,960710,940089,137253117.67606342
960710,950452,960688,243447532.11055145
950474,950477,021081,237717404.65329018
02P206,960759,960594,
93034,960759,93067,121887826.14219598
960759,93039,93067,127734848.42496319
93039,960759,02P206,
93055,960599,02P206,
93090,03S045,970819,
93095,93098,091178,36664520.950484045
091178,93098,950314,
93098,071160,950314,
93096,93098,93095,49053052.70444214
960606,950264,940048,51038275.46410301
950253,940052,950245,
940053,02P111,950252,
960755,93019,93011,121080050.10788074
960755,93063,960758,92069118.46969527
93019,960755,960758,111417614.02820893
93024,950226,93021,
950243,950247,960569,157006036.92795575
950243,950235,950245,
950203,11S070,950201,
091176,950203,950201,269262292.39141476
950203,091176,101181,
020892,950150,020894,280705594.0338074
950150,020892,02P204,
950149,970794,960530,431299204.38337
950364,940068,021009,235654435.54922947
021008,950364,021009,189283226.70336884
940068,950364,960764,212134548.7159181
950364,950334,960764,204514748.94684067
950334,950364,021007,128092153.34736247
950351,950348,950349,106901611.65579323
960761,960763,950335,43358868.714508526
960763,950365,960764,76384694.4604123
950365,940068,960764,87802345.94545878
940068,950365,950366,112794096.12675384
960761,950365,960763,80412320.64951394
041139,03P214,950314,
03P214,041139,960637,
021010,950367,021009,182384774.10120732
021000,950367,111188,
950367,021010,111188,
021012,031111,950373,58689015.48089991
021012,031113,950376,50611235.21734221
950316,071155,03P214,
071155,950376,950314,
03P214,071155,950314,
071155,021012,950376,37144237.20167602
071155,950316,031111,69775428.16083625
021012,071155,031111,59084382.35145795
950320,950319,960639,179521509.76942393
950319,950322,960639,195610320.87139124
950319,950320,950318,109653044.44342607
960763,960760,950335,52995259.014160946
950334,960760,960763,126846219.45370357
950326,950334,021007,145670347.63006738
950339,950370,950366,120839209.82500936
041130,970826,950373,150340894.84148708
021012,970826,031113,124854898.13786048
970826,021012,950373,146855224.18409577
950370,960650,051146,118870554.5147412
960650,950368,051146,167906038.60827377
950339,960650,950370,62749177.53913625
960650,950339,950337,91452011.72899711
950368,021004,940069,118447797.38508044
960652,02P117,950369,
02P117,960652,940069,
02P117,021004,950369,
021004,02P117,940069,
950372,960652,03P215,
960652,950372,031109,74164895.86811237
960652,950422,03P215,
021046,950428,940077,
071161,020997,950306,105019739.98292021
041136,071161,071160,38914805.58266126
950306,950307,950314,
950307,031104,950314,73707771.26071516
031104,940065,950314,128699141.79367366
950317,950260,940056,108938412.22842504
950260,960580,940056,155133917.35268176
950352,960649,950354,116996681.79565221
950345,960649,950349,180042019.68212473
960649,950352,950349,156241928.45420283
960645,950327,950382,
960640,950327,960645,76506224.77028035
950327,950252,950382,
02P112,950327,020975,
950327,950259,020975,
020878,05S051,940009,
940009,05S051,950167,
020878,950118,950113,203058678.32683042
05S050,960519,950119,
960502,020853,020854,429287417.4740195
020853,960502,970780,382353228.1116342
960502,020854,940002,305722550.43485916
950103,960502,940002,
970780,960502,950103,
950126,950120,020875,244934611.3652162
950106,950120,970785,
950120,950106,020875,
950130,950140,960525,516638262.2116208
950140,950131,020888,350070834.9714327
020888,950131,020875,
950131,950126,020875,
950130,950131,950140,500647588.30908316
081173,960533,950141,
960533,940016,950141,
960533,081173,020894,
940016,960533,950142,
960533,950158,950142,
940016,020890,950141,292179482.87751025
020890,940016,950142,199084522.20047575
950146,950140,950143,435250056.3486554
970794,950146,950143,371187771.88353
940022,960529,02P204,
020892,940022,02P204,
950136,950139,950141,
960755,960754,93063,111848803.89468522
950110,020857,970782,317486473.5474428
950107,020857,020858,165898250.9644847
020857,950107,970782,277114506.3135285
950167,940019,111184,
960505,970784,940004,384611036.53593445
970784,020870,940004,317852915.50962615
960503,02P202,020859,
950108,02P202,960503,
02P202,940004,020859,
02P202,960505,940004,
950116,020878,950113,306598599.6703964
020870,950116,950113,165999255.61102286
950112,05S053,940010,
950378,021014,021016,92540825.15763563
02P118,091180,960645,
091180,081167,960645,117290893.45165254
081167,960655,950341,162691123.72354347
091180,960655,081167,183865766.22801027
021014,960655,02P118,
960655,091180,02P118,
960655,970823,950341,201179076.64374945
970823,960655,950390,349721804.4431064
950328,960640,960645,199447744.8529639
021026,021015,950379,214510912.69402063
950383,960656,950382,
960656,021015,950382,
021018,960656,950383,
970829,940086,031118,232724895.9135836
960680,940086,970829,232646257.899144
940086,970828,031118,365004692.1875358
940086,960680,960672,411208064.5160527
021035,960768,061151,233201249.26258746
950434,960680,031117,146715272.89777803
950436,950434,031117,179860829.79083052
960659,960658,021025,176375483.39700648
940076,960659,021025,189893364.56973642
021037,960659,940076,432451043.0496192
950409,940076,950407,285915529.6965479
950409,021037,940076,314947165.11665493
021037,950409,950412,214267010.9388802
950411,950409,950407,243221882.17739302
950409,950411,950412,235562630.97861192
021024,02P209,950388,
960658,021024,950388,190645988.97887996
02P209,021024,940075,
021024,950399,940075,217536889.20274374
021021,950384,950386,112782899.63660182
950384,021021,021020,159364220.59909758
021023,950400,061151,237044242.08244303
021030,950385,021020,128979001.62948692
031126,021058,950449,118929591.61136456
031126,950449,021059,117097142.44596891
940085,031126,02P211,
031126,021059,02P211,
950448,051141,021058,103857280.10981734
041134,021049,950447,145021756.4866738
021049,041134,950436,153203441.12367985
021049,021050,950447,128967095.93679793
950443,031119,970830,150825927.6569407
021058,051142,950449,75116762.68699367
950449,051142,021059,81872254.47103499
041133,960681,031118,137997606.3691695
960681,970829,031118,187364849.16014263
960714,021076,950469,201038893.24685812
960715,950481,950482,305386372.64234334
960714,950481,021076,325182599.01908183
021084,021088,02P122,
021084,950480,021088,
940095,960715,021088,202526419.27435735
950483,960716,02P211,
950484,960716,950483,152624050.78423432
960716,950492,02P211,
950492,960716,960724,
950491,950492,960724,
021067,960690,950460,181161176.76991183
021067,950460,970832,201006272.26699325
021067,02P210,960772,
02P210,021067,970832,
940091,021065,950458,330765549.9197927
960690,940091,950458,
950450,021062,021065,122080368.67445375
021066,950450,021065,189563467.9643186
950450,021066,950454,229882486.63339093
950467,081168,950487,
950467,02P210,081168,
940093,960773,950468,302549954.7441917
960696,960773,950464,228697086.8080945
960773,940093,950464,415645749.0091209
960777,940096,950487,
940096,950467,950487,
950467,940096,960717,177511053.81824344
940097,021091,021092,105273363.54375862
021090,950484,950482,214420854.42496815
960716,940099,960724,
940099,960716,950484,146501124.4746812
021090,940099,950484,308492141.09026444
940099,021090,942004,258757464.40689152
960726,960728,960731,
960731,960728,960729,
960728,960725,960729,
960728,960727,960725,146088904.53255308
960727,960723,960725,416093532.31676024
960777,960723,940098,
960723,960777,960725,
950491,960723,960727,
950461,970831,950454,408240365.7722376
960701,950465,081169,233688021.5329486
960700,960710,960688,317346255.27259076
021076,021073,950469,144147814.0416032
021073,021075,950469,133617866.24842654
021073,960702,021075,169986126.17672527
021073,021076,081169,318035449.6414967
960702,021073,081169,197320220.23543894
950465,021071,081169,167924478.6740424
021071,960702,081169,156384184.44600835
960702,021071,940093,110393253.87889475
940093,021071,950464,289512226.8915503
021071,950465,950464,157392278.85530242
960718,970837,950485,195031389.8675397
950489,021090,950482,156448220.42012942
021090,950489,942004,152240117.00222442
950470,960705,021077,138005369.54011652
950470,950412,950413,497897577.63059634
960705,950470,950413,518867946.7677928
950471,021064,940089,218674438.1933351
021064,950471,960686,126076244.35373317
021064,950452,940089,186694254.02306738
950471,960707,021078,170894470.63212737
960707,950471,940089,193910568.89991078
960670,960669,950408,166375044.3062038
960670,021039,960669,129191986.40171644
960670,940079,021039,168497738.7768781
021060,940079,950408,282210249.82757175
940079,960670,950408,204087327.8677976
960687,021064,960686,125336099.20670132
021064,960687,950452,152738325.78840697
950476,02P122,021080,
950466,960701,081169,110972742.11696377
93047,02P206,950227,
93039,93047,950227,111462233.94216739
93047,93039,02P206,
93044,020959,950227,77974902.44744733
020959,93039,950227,89035513.07022347
93020,93025,93027,123873701.81167464
93024,93020,93027,124168391.68454355
93059,960599,93055,
960601,960600,141202,
95113,960601,141202,
02P206,960601,950227,
960599,960601,02P206,
93098,04S048,071160,
03S045,93089,970819,
93096,93089,03S045,
93052,93096,93095,49904482.76802042
960624,93052,93095,65697904.911932886
93052,960624,93093,11453602.658191448
93052,93089,93096,44480702.215565786
93097,93096,03S045,
93096,93097,93098,67383711.20641923
93097,04S048,93098,
93090,020847,93084,171493137.53533277
02P114,950296,990838,
93063,93029,960758,93918354.62569049
93046,92106,970813,41349309.82202075
960607,93064,93070,122666322.5580064
940052,020967,950245,160348678.1908402
93019,93028,950228,139940707.62934488
93028,93019,960758,102773890.41819715
93029,93028,960758,88563707.67225796
081171,93019,950228,70691550.28699437
93011,081171,93013,168091682.55285192
93019,081171,93011,174426950.36311445
93026,081171,950228,27251922.681975137
93016,081171,93026,167499602.3206639
950224,93016,93012,117754799.71131863
081171,950224,93013,131058441.12078126
950224,081171,93016,99591474.63342929
93025,950225,93030,144038496.10663092
93033,93024,93027,82050018.33705713
93024,93033,950226,152249988.1495535
93033,960756,950226,111031116.85570043
93025,93033,93027,70832475.34740284
960756,93033,93025,155480752.18177766
970810,970806,950237,112988886.04637213
950233,960566,950237,
970806,950233,950237,
960565,950233,950232,119088368.23228902
950233,02P109,960566,
02P109,960565,950235,
02P109,950233,960565,
020964,950241,960569,162166709.95873487
950241,950243,960569,169160760.88616398
950243,950241,950235,
950241,02P109,950235,
950266,020967,00R015,
950203,05S054,11S070,
05S054,950203,101181,
960550,05S054,93022,
05S054,101181,93022,
950164,940028,111184,
020893,950150,02P204,
950149,020893,970794,311472445.06983423
960529,020893,02P204,
020893,950146,970794,326945941.60468346
950146,020893,960529,280366418.62444526
020893,960534,950150,
960534,020893,950149,
950232,02P104,960527,
02P104,950154,960527,
07S065,960550,02P213,
07S065,02P213,021098,
960519,07S065,021098,
07S065,960519,950167,
950343,950345,950349,169535023.11028686
950329,950343,950331,180196219.13689783
950348,950343,950349,120717078.31505758
950343,950348,950331,162875930.4896672
021002,950329,950331,156691481.3770195
950336,960761,950335,99220876.26338862
960761,950336,950337,87603543.35587458
061149,041139,950314,41068985.49715184
041139,061149,960636,108947211.26712853
950367,970824,021009,146564722.16678208
970824,021008,021009,195857298.5361653
970824,940066,960637,165532749.68296462
021008,970824,960637,384637712.1166279
950316,071156,021000,42923361.16845528
071156,950367,021000,89748048.84231508
950261,950319,950318,132770062.17748967
940056,950261,950318,118009044.48284012
960580,950261,940056,250583441.65471536
950261,960580,950259,180962306.04164165
940067,950336,950335,144608978.0294305
950319,081170,950322,118808381.96502225
960760,960644,950335,46639734.28195364
950320,950321,960638,138833670.60368302
950324,960760,950334,101345992.51126541
950326,950324,950334,160239626.11574507
950324,960644,960760,46718882.959889166
950322,950324,960639,161009206.6707431
950324,950326,960639,158195710.1082653
950338,950365,960761,77531638.39969465
950338,960761,950337,103442143.78831919
950339,950338,950337,50322884.068028934
950365,950338,950366,71503898.75928462
950338,950339,950366,39985808.117396705
031113,940070,02P208,
970826,940070,031113,65780331.22130986
950371,021011,051146,111796013.05393098
950371,031110,021011,91443062.09947363
031109,950371,051146,87199362.16742332
950372,950371,031109,158793166.93261334
950374,031110,121193,
950374,041130,021011,73943901.72269581
031110,950374,021011,103273077.13515049
141203,940070,970826,
940070,141203,02P208,
141203,960653,031122,
141203,031122,051140,
02P208,141203,051140,
950340,021004,950368,108123425.41857758
950340,960650,950337,157757614.4091048
960650,950340,950368,128997473.21787024
021004,950340,950356,284553356.05690056
950361,950360,950362,108831622.81701647
950358,950352,950354,112744375.80265768
950360,950358,950354,185191874.2105712
950423,950424,031122,
950431,950428,021046,144787032.26653352
950424,950441,031122,74649994.14505346
960675,950441,950424,113276500.62623276
950305,950307,950306,187791864.24828246
020997,950305,950306,155941163.9608389
950305,020997,950303,147515727.19984627
061148,940065,950304,226212302.19602364
061149,061148,960636,87950885.71231776
940065,020998,950304,135814624.25715864
020998,940065,031104,147813944.22664732
950307,020998,031104,100499420.90081584
950305,020998,950307,156037097.61280632
960633,950294,021101,143077891.90646425
950291,950294,031128,137114986.71405408
950300,020994,960629,146448412.10066763
940055,950255,02P112,
940055,02P112,020975,
960648,950347,950345,182829122.55226377
950347,960649,950345,145947920.01736948
960649,950347,950354,162980989.59297338
940057,950327,960640,161813741.38175464
021002,940057,950329,215133602.4372512
950327,940057,960641,165576333.6843634
940057,021002,960641,162200669.38489023
05S051,950125,960531,
950125,05S051,020878,
950116,950125,020878,252043220.75586128
960512,020878,940009,202750832.94439793
960512,950118,020878,204587924.4317689
960519,960512,940009,212693543.78722328
020884,950120,950126,321176678.6144746
020884,950130,950129,303671715.0781627
020884,950129,940013,254350945.52357632
950137,950130,960525,137286317.55363572
950130,950137,950129,254627499.0643517
061150,950137,960525,55045785.34113597
950129,950137,950135,234510855.02082613
950137,061150,950135,107570317.23319784
950131,950127,950126,141289317.17823455
950127,950131,950130,311478631.2926055
950127,020884,950126,106298034.602303
020884,950127,950130,247021644.65398774
020890,950133,950141,298287263.5637029
950133,970790,950141,
970790,950133,940012,342066676.7123418
950133,020885,940012,193092439.1540325
020885,950133,020890,260284204.39894694
970790,950132,950141,
950132,950136,950141,361569979.95008624
950132,970790,940014,377520625.63707
950136,960523,950139,223030154.9210525
950139,960523,950135,316075417.7474852
950246,950240,020962,263285371.6152932
950265,950247,950267,220187349.82503295
950247,950265,960569,238828717.9230566
950265,020964,960569,318518359.49345654
020955,020954,940045,262190761.3907555
960753,960754,960755,146565704.62860063
960753,93011,93005,144024737.3163947
960753,960755,93011,160224269.44519773
960592,020955,940045,155142915.6535905
020979,960613,950272,151048224.86704442
960613,020957,950272,231691496.21159297
960506,960510,020858,314147544.65556026
020857,960506,020858,188822159.75753063
020885,020880,940012,176138895.83475175
020862,020857,950110,190293823.19047052
020862,960506,020857,406388219.63210005
020865,950110,960509,326515168.78936744
020865,020862,950110,116680366.42693053
03S047,960532,940015,
940019,960532,03S047,
05S053,960532,940010,
940010,960532,960531,
960532,05S051,960531,
05S051,960532,950167,
960532,940019,950167,
07S064,940019,07S063,
950144,940019,03S047,
950158,950144,950142,
950144,950158,07S063,
940019,950144,07S063,
960507,970784,960505,364683356.29153246
960507,02P202,950108,
02P202,960507,960505,
950125,960515,960531,223021268.6024412
960515,950125,950116,311104771.96563244
950122,960515,940005,296469447.9910349
960515,020870,940005,269104353.06434774
960515,950116,020870,134496310.87237605
020863,020866,950111,233938645.2912804
960504,020863,950111,275518405.48514456
960510,020863,960504,431005880.3746306
020867,091177,960510,238205717.7991014
960506,020867,960510,247795105.5804284
020867,960506,940007,421528195.7223165
950121,020874,131199,
020874,950121,020866,648696436.7049063
091177,020874,960510,
020874,020863,960510,
020863,020874,020866,
960532,950138,940015,100183369.78585829
950138,960532,05S053,
960521,940011,131199,
950121,940011,020883,118946650.50271095
940011,950121,131199,
960674,111189,121192,
960766,950394,940077,293299800.22939056
950417,960674,121192,
950342,960648,950345,172161143.86659494
950342,970823,960648,169394499.42433184
950328,021001,960640,170858625.1214681
021001,940057,960640,229816573.28661683
940057,021001,950329,143544524.20065933
021026,041135,021015,215065914.97515562
041135,021016,950382,
021015,041135,950382,
950381,960662,950379,193168341.66144466
960660,960662,950394,336302977.942668
960660,021026,950379,175142248.71800554
960662,960660,950379,260578261.2266435
940077,021032,960767,170936821.68417054
021015,111187,950379,
960656,111187,021015,
111187,950381,950379,
940074,960656,021018,112372415.07895242
940074,021018,021020,131060745.4784515
950385,940074,021020,147853485.45453817
940078,021035,061151,149860456.63358423
021024,071164,950399,131390333.14234324
071164,960658,960665,264884999.48781583
071164,021024,960658,266590681.91798463
071157,071164,960665,141773785.65022025
021036,960666,960672,232276135.72046968
940078,021036,021035,196453136.91469184
021036,940078,960666,148265351.63312095
960680,021036,960672,
950434,021036,960680,
021031,950401,960663,191608859.550958
960667,960768,021035,131093722.05300501
950433,021048,950435,153538880.42853054
021048,950434,950436,158729949.9608326
021048,041134,950435,134746614.35322204
041134,021048,950436,261903905.16689688
041137,950474,021081,112153636.2426165
021082,950475,021081,121083424.0391361
950475,041137,021081,162714206.97542578
021038,960769,960665,165244342.77277744
960769,071157,960665,136034679.02098235
960666,960769,960672,389515537.707386
071157,960769,960666,205638308.63067204
021040,940086,960672,514103186.1020822
940086,021040,970828,
960659,950410,960658,196942558.20606098
960658,950410,960665,350036627.0619047
950410,021038,960665,264859963.54589316
950410,960659,021037,230194181.05217063
950387,021021,950386,186534208.3471372
950387,021023,960663,145780300.1910445
021030,950387,960663,201682659.64651096
021021,950387,021020,271530861.41783786
950387,021030,021020,252404874.01896176
960657,950400,021023,232075516.75011918
021022,960657,950386,141753385.60493064
950399,960657,021022,187565016.95960414
960657,950387,950386,358688141.6278245
950387,960657,021023,194827063.41163805
041132,950433,950435,121453100.7476088
041134,041132,950435,99160165.79179859
041132,041134,031123,90103853.00225995
950443,950445,031119,95850268.88030827
031119,950445,940083,106652422.74467061
02P120,950443,960683,
940084,02P120,960683,
02P120,950445,950443,
950445,02P120,940084,
031125,950448,021058,103234831.73218112
031125,031126,940085,92581063.3293118
031126,031125,021058,165509885.76954457
960684,940084,960683,35552848.22289623
031124,051142,021058,81574962.08663473
031124,051141,950447,87266274.72679986
051141,031124,021058,73714550.74724051
021050,031124,950447,103316329.17705014
051142,031124,021050,156509940.62741238
950437,041133,021059,87758662.88935769
051142,950437,021059,134408533.14542735
950437,051142,021050,91622970.39587307
950437,960681,041133,73799386.86359908
960681,950437,021050,91821912.05181836
021049,081165,021050,160651590.3068924
081165,960681,021050,83621868.03599572
081165,021049,950436,106292489.69765857
081165,950436,031117,122958286.97380574
970829,081165,031117,113791513.32685785
960681,081165,970829,103300996.17321354
950481,021087,950482,93691269.19375095
021087,950481,960714,141430795.33466595
021087,950489,950482,162882524.38268715
940094,021084,02P122,
950476,940094,02P122,
940094,960711,021084,97128980.80371659
950477,960711,021081,301885153.5525757
960711,021082,021081,311445790.8613907
960711,950476,021082,271969436.2656497
960711,940094,950476,209226219.59789914
950480,960713,021088,35671013.88117695
960713,940095,021088,20273267.75151522
950481,950479,021076,317978440.2770911
950489,960722,942004,165444969.00640908
950492,950493,960726,181152320.01154414
950491,950493,950492,
950493,960728,960726,197357542.1633472
950493,950491,960727,
960728,950493,960727,172042147.00591224
021067,960689,960690,186529858.05323726
960689,940091,960690,329321887.7980806
960689,021067,960772,131598654.68885942
960771,950450,950454,243741892.63145778
970831,960771,950454,233848782.47854927
960771,950451,021062,251195400.17239112
950450,960771,021062,191838357.97578484
021066,950455,950454,171739806.3288151
950455,950461,950454,367580249.5758203
950455,960689,960772,174712172.26234487
960689,950455,021066,155733869.85662222
950467,960774,02P210,
021091,950488,960777,298827652.0449182
940096,970834,960717,168742839.67425427
970834,950485,950468,280439098.52037203
970834,960718,950485,218534325.39187053
960721,940097,021092,132888131.41206937
960722,960721,021092,85780430.61783834
021093,940099,942004,211535680.15589288
960722,021093,942004,176591417.44705963
021093,950491,960724,
940099,021093,960724,
021069,970831,950464,117085808.45973916
021069,960700,960688,195580155.00019842
950465,021069,950464,177712478.09402552
960700,021069,950465,107043533.4151711
960694,970831,950461,154010984.9353426
960694,960696,950464,89315371.64497437
970831,960694,950464,240362278.3585306
960700,021070,960710,128610265.23745061
960701,021070,950465,168720437.65708873
021070,960700,950465,107490626.81224656
970837,960776,960719,177785523.25064632
960776,960721,960719,72854107.42670877
960721,960776,940097,153434848.41750458
940097,960776,021091,113429639.70481493
960776,960718,970836,56528916.485078685
960776,970837,960718,182979976.11521444
950488,960776,970836,107893601.6279238
960776,950488,021091,254908256.8257324
960720,960722,950489,62992595.00082453
960721,960720,960719,23892037.468341462
960720,960721,960722,33950720.53022569
970837,950486,950485,196394757.64127043
950486,021087,960714,206683419.6171419
021087,950486,950489,280484519.3263908
950485,950486,950469,370081548.93193346
950486,960714,950469,169471371.4251184
970828,950473,021080,548593091.5678821
960707,970833,021078,175791827.45415887
950474,970833,960703,142690894.46271956
021039,021061,960686,159154223.6282566
940079,021061,021039,139436743.44888997
021061,960687,960686,181350722.48117843
960685,940079,021060,189815300.24153957
960685,021060,940087,260295981.81736642
960685,021061,940079,183258962.03539395
021061,960685,960687,165959907.41413543
950474,960704,950477,294537561.85549
960704,950466,950477,133431653.50523949
960704,950474,960703,117254385.48378552
960701,960704,960703,69368388.41875158
950466,960704,960701,78041501.78034867
93020,93015,93010,78790567.03946075
93015,93020,93024,92038579.00931628
93015,93024,93021,188286513.93264344
02P107,93044,950227,
950226,02P107,95113,
960601,02P107,950227,
02P107,960601,95113,
93037,93025,93030,124395554.42726044
93037,960756,93025,117955191.9911265
02P107,93037,93044,
93037,02P107,960756,
960601,93060,960600,55608914.24125689
93060,960601,960599,24776588.409252472
93060,93059,960600,17983676.42449785
93059,93060,960599,12312101.217104193
970821,041136,071160,28596552.276408475
04S048,970821,071160,
93078,93073,93074,146498447.83604887
93089,02S043,970819,
93052,02S043,93089,
031102,950275,950277,311308932.33333373
93073,031102,93074,147938726.78388843
93038,960607,93070,191757419.1081361
020960,93035,93034,77432845.44975846
020960,93029,93035,66493782.38129108
93028,020960,93034,98726261.88776626
020960,93028,93029,75141444.91603948
93029,93066,93035,89349099.93030758
020984,950268,950267,228309691.80359736
020847,960616,93084,239922426.12274033
960616,020847,950277,204582578.25110155
950263,020979,950272,140631061.6502771
960612,950263,950272,263009249.70029554
031102,950263,950275,
960612,950271,00R019,
020984,950271,950268,250839314.72314522
960577,071158,940054,83123092.83133243
960575,940053,950252,
950327,960575,950252,
960575,950327,02P112,
950255,960575,02P112,
960575,950255,020973,
960575,020973,940054,
071158,960575,940054,
020971,950253,950252,
02P111,020971,950252,
020971,02P111,940053,
960574,940052,950253,
020971,960574,950253,152418080.43879953
960574,020971,960576,182458631.5766019
020966,960574,960576,170344447.7331366
020966,960576,071158,243018012.700912
960577,020966,071158,236711075.30267844
020973,960578,940054,131252698.06761564
950255,960578,020973,172225574.21525425
970804,93026,950228,107424463.57228632
93028,970804,950228,122324813.6805056
970804,93032,93026,82607181.62899801
970804,93028,93034,53973250.10967338
970804,93034,93067,109630330.67140709
93032,970804,93067,113461860.99286558
93032,93036,93026,122280728.4130686
93039,93036,93067,140310306.3508582
93036,93032,93067,139810354.36159518
93020,93014,93025,248365855.5371439
93014,950225,93025,205935686.2263854
93014,93018,950225,88418578.1641009
93018,93014,93012,107044233.95653814
93002,020947,960590,287935759.2440284
020947,950213,960590,148743584.2537383
950213,020947,960581,219270593.91461462
020947,940042,960581,264622685.6482421
970806,950238,960571,86726661.0848639
970810,950238,970806,141457614.31624976
02P110,950241,020964,
950241,02P110,02P109,
940046,950266,00R015,
950266,940046,99R004,
940046,950270,99R004,
960570,950243,950245,116704296.71418948
950243,960570,950247,403452333.4778395
020967,960570,950245,168374012.4283854
950266,960570,020967,405160201.3206139
05S054,14P125,11S070,
020946,970800,020944,176497808.69523144
970800,020946,950214,126119096.89751562
950211,020946,020944,178791739.96166298
020946,950211,960581,269702472.85373706
940041,091176,020944,183360232.87226626
970800,940041,020944,94240315.91448042
091176,940041,101181,
101181,940041,93022,
940041,950214,93022,
940041,970800,950214,34119754.192256935
950214,07S069,93022,
940042,07S069,960581,
07S069,020946,960581,
020946,07S069,950214,
950211,950212,960581,182145897.0286332
950205,091176,950201,164063169.95949337
091176,950205,020944,105467298.74782506
950205,950211,020944,133290331.19096026
020943,020940,010845,155527084.6678651
950205,020943,950211,188742008.93896404
020943,950205,020940,235975596.04779267
020903,950158,950156,246165671.8626031
950158,020903,07S063,
940024,960533,020894,237428257.90024695
960538,950151,960542,261436036.2435135
950151,960534,960542,212257964.9975229
940023,950149,960530,410236408.3304174
940023,02P102,960527,
02P102,940023,960530,
950154,940023,960527,
020898,940023,950154,
091174,020898,950154,264671658.38828173
020940,960560,010845,157820210.4532318
960560,960559,010845,211101076.6712481
970797,950178,950180,219088118.59395918
960560,07S067,960559,
07S065,02P205,960550,
960547,020905,970795,380971205.7243798
020905,960547,950164,244743247.79737324
950164,960547,940028,333920002.3831658
940028,960547,950167,142410623.4132508
020907,960547,970795,254581107.5407147
960547,020907,121191,
950163,020907,970795,287003369.71208054
020907,950163,950166,309894168.7327829
950163,950165,950166,248148215.78154197
950165,071159,950166,290631731.6252208
950343,960647,950345,152067235.42046642
960647,950343,950329,139037238.80255517
021001,960647,950329,112150567.12034708
960647,950342,950345,170330886.23133537
950342,960647,950328,291518781.4180529
960647,021001,950328,187102167.83446416
020999,041139,960636,109917679.64167726
950309,960633,021101,147889325.9823193
950309,061148,950304,454876703.74175215
950321,051143,021101,409380846.63110095
031107,970824,950367,200296218.4679036
940066,031107,03P214,
970824,031107,940066,102609309.06002587
950348,950332,950331,204791037.44583702
940067,950332,950348,257032381.3117864
940067,950355,950336,108211144.24962671
950336,950355,950337,114446399.82919738
950355,950340,950337,179686138.19686884
950340,950355,950356,333059370.6476647
950261,020978,950319,141490324.38453183
020978,081170,950319,209336074.3377027
020978,950261,950259,
960643,081170,021003,108725565.34331784
081170,960643,950322,75054134.5913329
960643,950324,950322,112454376.63405783
950324,960643,960644,68185960.63149732
950371,071154,031110,57884576.954743125
071154,950371,950372,182450831.2674478
031110,071154,121193,
071154,950372,03P215,
031112,950374,121193,
071154,031112,121193,
031112,071154,03P215,
960653,031112,031122,
031112,950423,031122,
950363,950361,950362,82743664.11378606
950361,950363,950369,176641004.63790643
950363,960652,950369,438902866.40772426
950363,950422,960652,
950359,950358,950360,101840264.72023425
950359,950361,950369,270920816.37828267
950361,950359,950360,127954192.38097334
021004,950359,950369,251933628.46801734
950359,021004,950356,298666084.0245276
950352,950359,950356,186651474.86000916
950358,950359,950352,54989211.67336398
960673,950363,950362,74775486.24609382
031112,03P216,950423,
950422,03P216,03P215,
03P216,031112,03P215,
031120,031121,950442,116035200.7256611
950445,031120,940083,63814402.44219244
031120,950445,031121,
950439,031120,950442,137104515.76644957
031119,010846,970830,121436723.15725835
010846,021046,970830,144646214.4008903
010846,950431,021046,129766158.44655932
950431,950419,950428,96174830.85755096
950419,960674,950428,148436432.01751316
960674,950419,111189,
950423,031116,950424,106771890.23934774
03P216,031116,950423,
93102,020997,071161,92561509.37868719
020997,93102,950303,80187116.1875079
031105,061149,950314,74066628.29818363
031105,061148,061149,93607787.5829232
940065,031105,950314,38812212.311782815
061148,031105,940065,63662933.21219828
940063,950300,960629,117340099.28784253
960631,950299,960633,164004906.66557848
960631,960632,950304,27190687.21849856
020993,970812,950291,43669345.417228974
950321,970812,960638,165299979.4593283
970812,950285,960638,291934008.79385036
970812,020993,950285,93203745.9435758
970812,950321,021101,317273145.51851004
950294,970812,021101,136264586.25419456
970812,950294,950291,60236182.1187277
950299,970822,960633,103506743.32535513
970822,950294,960633,211721436.73969355
950294,970822,031128,124951103.52185708
970822,940060,031128,126560396.16795601
950260,960579,960580,122092097.99354859
960579,940055,020975,169802999.5233389
960579,950257,940055,133640719.11374508
950259,960579,020975,153845876.2018376
960580,960579,950259,113635797.04767741
960512,020869,950118,183873218.3706665
020869,950115,950113,113459373.5373835
950118,020869,950113,178690421.6255355
950115,020869,950109,
950109,020869,950119,
020869,05S050,950119,
960517,020884,940013,104672372.49825247
020884,960517,950120,169443490.07297838
960517,940013,970785,
950120,960517,970785,
940018,950147,081173,
950147,020892,081173,350242534.1606667
940022,950147,960529,72337416.36512014
950147,940022,020892,204537038.12141025
950139,970792,081173,
970792,940018,081173,
970792,950139,950135,320053711.58419
061150,970792,950135,201835068.84668437
940018,970792,061150,125687089.9779955
960526,061150,960525,49619467.65593912
960526,940018,061150,35585480.18073663
020877,020872,950117,252437816.81681192
950117,020872,970785,210251285.22832096
020872,940008,970785,328976171.02174634
020872,960509,940008,515084930.20046496
960522,960523,950136,189837517.28256723
960522,950132,940014,236324188.1079097
950132,960522,950136,280893801.4198922
940013,020876,970785,
020876,950117,970785,129054682.4965077
020876,020877,950117,234174088.0817843
960523,950128,950135,355332931.342309
950128,950129,950135,449820954.2100023
950129,950128,940013,514181033.16882455
960522,950128,960523,212176842.34047976
950239,950240,960568,168400079.70921522
020961,950239,960568,90208200.12998252
950239,950238,970810,110659197.75950117
950238,950239,020961,86520151.50372595
950240,970807,960566,64800018.467791125
960566,970807,950237,60309659.55018557
970807,970810,950237,116055255.0486365
970807,950239,970810,118982195.02410647
950239,970807,950240,199349410.75916857
020952,950242,950246,275634887.23517287
950240,950242,960568,170675956.34921494
950242,950240,950246,195875712.60175782
020963,020961,960568,319140548.5720618
020961,020963,950206,317510199.30907613
950242,020963,960568,241171387.1891252
020963,950242,020952,502776588.70370895
020963,020952,950220,322494327.3759822
020964,950244,020962,102906839.64026634
950244,950246,020962,156871272.43377542
960752,020954,020955,159694396.70426834
020952,960752,950220,243712379.7216369
020958,960613,950264,365836199.89183706
960613,020958,020957,414850704.85489035
020956,960753,93005,108578434.44069637
020956,960592,960753,249923085.82643408
950222,020956,93005,124918840.71879157
960592,020956,020955,158859854.4773185
020956,960752,020955,196112587.65759695
960506,960508,940007,167253448.52576563
020862,960508,960506,244564629.48524675
020865,960508,020862,196995520.87410054
960508,020871,940007,219278897.41436005
020871,960508,020865,256530255.8035767
020871,960514,940007,308974312.9202202
020880,960514,940012,270808733.26880884
960514,970790,940012,
970790,960516,940014,461104360.3041055
960516,020877,940014,265981389.39925504
960514,960516,970790,
960516,960514,020871,503069678.80483097
950162,950164,111184,
950162,07S064,950164,
940019,950162,111184,
07S064,950162,940019,
940027,020905,950164,182582103.1908529
07S064,940027,950164,
940027,07S064,07S063,
020903,940027,07S063,
940027,020903,020905,316475148.664797
960507,05S049,970784,
020870,05S049,940005,
970784,05S049,020870,
05S049,960513,940005,
05S049,960507,960513,
020861,960503,950111,311433112.78766567
020866,020861,950111,243911562.7838985
020881,940010,960531,236491749.72560528
960515,020881,960531,235006670.30258137
020881,960515,950122,160136047.9281438
970787,020867,940007,262701495.71106204
960514,970787,940007,245299075.70697874
970787,960514,020880,265011142.84201112
970787,020880,960518,292167855.0740544
091177,970787,960518,290225540.4590172
020867,970787,091177,361085059.38374066
020879,020874,091177,187686323.3727734
020879,091177,960518,161744111.27996463
020879,960521,131199,
020874,020879,131199,
020887,020891,03S047,
950144,020891,950142,156891346.1879596
020891,950144,03S047,
020891,020890,950142,304926471.30958235
020891,020885,020890,
020891,020887,020885,
020887,950134,960521,194642896.85325012
950134,020887,03S047,
940011,020886,020883,227840640.8426515
950112,020886,05S053,
02P203,950112,940010,
02P203,05S052,950112,
020881,02P203,940010,
02P203,020881,950122,
960513,950124,950122,308824603.378214
950124,02P203,950122,
02P203,950124,05S052,
000843,950378,021016,250494205.91410914
950392,960660,950394,282082365.11486286
960660,950392,021026,196100988.00743705
960677,960766,940077,231879833.29666945
960762,950360,950354,239189847.7966783
950347,960762,950354,145554714.28273204
950344,960762,950347,170550077.00575036
970823,950344,960648,176155331.8148892
950344,950347,960648,165531306.40960938
021044,021029,960676,135246896.2630852
950417,950429,960674,107936192.89243542
950421,950417,121192,
960646,950328,960645,188186978.73769933
960646,950342,950328,192689471.3170959
950341,960646,960645,124191924.59492755
970823,960646,950341,113742935.10497795
950342,960646,970823,184392730.70840412
021030,950398,950385,220575297.7237313
950381,950398,960662,261560571.91360685
950401,950398,960663,361055398.2505061
950398,021030,960663,270701111.30848235
021019,940074,950385,199723485.7258095
950398,021019,950385,323033430.9084621
021019,950398,950381,269330359.39597094
111187,021019,950381,
021019,111187,960656,
940074,021019,960656,136363195.57498804
071157,950403,071164,163710478.9546162
071164,950403,950399,151735767.61882767
950403,960657,950399,328569506.3377581
960657,950403,950400,142338148.4165545
950400,950403,061151,151276214.44977218
950403,940078,061151,162421485.94207487
940078,950403,960666,167084735.15744025
950403,071157,960666,169731146.90747625
960768,950402,061151,207691862.3729745
950402,021031,960663,94087165.4756416
950402,021023,061151,308350502.74703234
021023,950402,960663,209229530.8350255
960679,960667,021035,233195478.32343856
960679,021048,950433,197262483.40026346
021048,960679,950434,179672674.1540507
021036,960679,021035,237864449.49952397
960679,021036,950434,358549649.5214786
131197,960679,950433,
960679,131197,960667,
950472,960706,021077,238182196.00708136
970833,950472,021078,130556427.3317635
950472,960705,021078,87495445.17434515
960705,950472,021077,241073111.95367953
041137,950472,950474,102189804.36523621
950472,970833,950474,138281307.32176435
950414,960769,021038,124650458.37995993
960769,950414,960672,319558028.06386095
950414,021040,960672,163023323.0098422
051147,950410,021037,201323623.86429745
950410,051147,021038,211927659.449565
051147,950414,021038,140423471.0731441
950414,051147,021040,172710940.7494693
051147,021037,950412,229002632.96086022
950470,051147,950412,599111661.0872835
141205,021052,970830,
021052,950443,970830,211860498.11004618
081166,950445,940084,82280309.55761345
950445,081166,031121,
081166,940085,031122,
960684,081166,940084,62324046.18490428
081172,051141,950448,79985140.74691013
081172,081166,960684,69466152.66704324
031125,081172,950448,59376678.62545748
081172,031125,940085,55619704.40828486
081166,081172,940085,
021056,960684,031123,96069789.7347202
051141,021056,950447,81662690.43940213
081172,021056,051141,67935361.09326014
021056,081172,960684,105608127.54320735
021056,041134,950447,189162074.9178864
041134,021056,031123,32319094.029466055
940095,021085,960715,192131420.95646456
960713,021085,940095,37993052.99691621
021085,960713,950480,80140608.9658872
950466,950478,950477,322917962.09854877
950479,950478,021076,210217887.69131678
021076,950478,081169,323681251.6159996
950478,950466,081169,182633398.28749394
950490,960722,021092,181465143.62832558
950490,960723,950491,
021093,950490,950491,157880262.9793999
950490,021093,960722,310088905.3770933
950490,021092,940098,239976588.79293105
960723,950490,940098,
940091,960770,021065,137198147.469013
960689,960770,940091,102881499.16600826
960770,021066,021065,147623687.2043651
960770,960689,021066,135651780.85568798
02P210,021068,960772,
960774,021068,02P210,
021068,960693,960772,186685543.51650006
960693,950455,960772,221458589.129214
950455,960693,950461,192921345.11996013
021074,950467,960717,171218628.988317
021074,960774,950467,178263179.1498033
970835,940096,960777,
950488,970835,960777,
970835,970834,940096,117410899.58697748
970835,950488,970836,144887490.28392226
960718,970835,970836,118313904.3279847
970834,970835,960718,200614239.66885084
950453,960771,970831,139840213.85747534
021069,950453,970831,107266056.01687852
950453,021069,960688,138631174.96984285
950451,950453,960688,234294929.98569572
960771,950453,950451,151694332.59526235
021089,970837,960719,120898525.73051548
021089,950486,970837,89959426.30189213
960720,021089,960719,49876011.63796374
021089,960720,950489,98341804.28652354
950486,021089,950489,75024236.40432742
960709,950473,960706,136665015.70138273
950475,960709,041137,251012947.31889904
950472,960709,960706,146929027.66327444
960709,950472,041137,205513214.7990643
021079,950475,021082,135420930.42170453
021079,960709,950475,205535914.37487698
960709,021079,950473,159048890.73893693
970833,960699,960703,128616259.98557904
960699,970833,960707,108775375.67097144
960699,960701,960703,99060134.30304404
960710,960699,940089,125682431.464699
960699,960707,940089,135771541.57341084
021070,960699,960710,163647082.29566017
960699,021070,960701,204136722.87107858
950451,021063,940087,200757552.1356063
021063,960685,940087,226828738.09280396
021063,950451,960688,210471270.80293685
960685,021063,960687,103334944.24620372
950452,021063,960688,184395297.5675398
960687,021063,950452,135119351.97184858
93059,93057,960600,88999678.87344557
93057,93059,93055,
960596,93057,93055,110911291.64911447
93035,93051,93034,
93051,93048,93062,82708431.94324611
960759,93051,960594,127525333.09531106
93051,960759,93034,
95105,92106,101183,
93048,95105,101183,
95105,93051,93035,
93051,95105,93048,160021732.92800823
960597,93057,960596,32882650.062352624
960600,960597,141202,
93057,960597,960600,114689129.26224011
93053,960596,93062,340010888.03682077
131194,93053,93062,
93053,960597,960596,
960597,93053,960628,
93085,02P114,990838,
000841,131194,93062,
000841,93048,101183,
93048,000841,93062,19262618.359690025
92106,000841,101183,
000841,92106,93046,24834756.619676284
131194,000841,93046,
960756,93041,950226,79653864.99285415
93041,02P107,950226,
02P107,93041,960756,
970821,93050,041136,20720050.824062984
93099,93050,93084,131606525.41413133
93050,93090,93084,167729467.58443484
93090,93050,03S045,
93050,93097,03S045,
93097,93050,04S048,
93050,970821,04S048,
93078,93077,93073,160843851.7541059
93077,93081,950296,56483623.353461295
93081,93077,93078,87417250.83564876
020847,950295,950277,125323335.44585371
950295,970818,950277,150149977.43058968
950295,93090,970819,91258324.9326106
950295,020847,93090,157045673.65395874
02S043,950295,970819,
93091,93052,93093,37719714.52596497
93091,970820,141209,
93091,02S043,93052,
000842,970820,02P115,
93081,000842,02P115,
000842,93081,93078,75235135.91535921
970818,93079,950277,119904889.31656991
93079,031102,950277,285682690.72018164
031102,93079,93074,106010839.61963835
93079,970818,141209,
020981,960606,940048,73097441.63994214
960606,020981,93070,177543698.8738222
950230,95105,93035,143607570.03160757
93065,93029,93063,165512925.78345007
93065,93066,93029,120903347.63492674
960607,93065,93064,98436005.963359
960754,93065,93063,138217254.50222287
020957,960610,950272,172777258.6916872
950271,99R006,00R019,
99R006,950271,020984,
020983,950266,99R004,
99R006,020983,99R004,
020983,99R006,020984,
960570,020983,950247,282615195.1388203
020983,960570,950266,271994145.70319164
950247,020983,950267,139782353.01944438
020983,020984,950267,132027250.07126164
940047,031127,960615,158841015.3073755
99R006,960608,00R019,
950270,960608,99R004,
960608,99R006,99R004,
960611,960609,00R015,
960609,960608,950270,51240321.24335093
960609,940046,00R015,
940046,960609,950270,51689485.557527654
960616,950278,93084,127946376.72723137
020987,950263,960612,176724430.81399325
020987,940047,960615,141106261.0123834
950275,020987,960615,137026002.7613386
950263,020987,950275,362922260.80864745
020987,960612,00R019,
93069,031102,93073,202125071.6658148
93069,950263,031102,
93071,93069,93073,91756131.51443273
93069,020981,940048,102905786.2402573
020981,93069,93071,80808508.87257266
950271,020985,950268,104806118.13620682
960610,020985,950272,97852425.48198336
020985,960612,950272,210115602.6675338
020985,950271,960612,135453578.40234303
020985,03S046,950268,
020985,960610,03S046,
020969,960577,940054,157002817.70453885
960578,020969,940054,243705644.06516534
020969,960578,950251,316465191.0722944
020969,950251,960573,245539901.4743477
020972,020971,940053,115704339.91969036
020971,020972,960576,152106266.51675165
960575,020972,940053,152760161.67305586
960576,020972,071158,166526241.86027813
020972,960575,071158,164597418.47084412
950248,020966,960577,224533393.09692317
950248,020969,960573,112111849.16872568
020969,950248,960577,249283679.03291076
020976,950258,950285,273758269.05572724
950298,970822,950299,85697788.03217474
970822,950298,940060,141358962.2657513
020994,950292,960629,104336562.21250181
950292,950298,960629,110615041.3391847
960572,020967,940052,98568348.85332207
960572,950250,020967,187027790.98014638
020967,041138,00R015,
950250,041138,020967,224696383.38696435
041138,960611,00R015,
93023,93016,93026,170918182.3376692
93036,93023,93026,375566537.55520386
93018,93023,950225,92469043.55170229
950225,93023,93030,152987771.02877948
93023,93036,93030,361145667.0915881
93016,93023,93012,166362191.60162842
93023,93018,93012,112360574.08895317
93036,93045,93030,153327499.16190565
93045,93037,93030,149029102.26375225
020959,93045,93039,70111960.83543858
93045,93036,93039,104116054.25037073
93045,020959,93044,59940767.41348921
93037,93045,93044,188316931.76822546
950224,93008,93013,83743526.3062746
93008,950224,93012,112310113.04442464
960584,93020,93010,280507995.83624345
960584,93014,93020,178758589.3977413
940042,950216,93004,176310725.57755715
020947,950216,940042,176718140.9727418
960559,960561,010845,198880315.81888407
960561,950209,020948,309475390.99771637
960567,020964,020962,180303099.76178977
960567,02P110,020964,
950179,14P125,111185,
950179,970797,020920,172646765.04534274
970797,950179,950178,214548753.18916753
07S069,93009,93022,
93009,07S069,940042,
93009,940042,93004,
93009,93021,93022,173425715.2223758
93009,93004,93010,281007869.34356946
93009,93015,93021,215875464.46087372
93015,93009,93010,214016805.60624403
960561,020942,010845,98180312.57388893
020942,960561,020948,178590037.6564183
020924,950181,020922,295053975.2292978
091174,950181,950155,264583605.40305594
940024,020896,960533,235714798.79304314
020896,940024,950152,166107193.0570451
960533,020896,950158,
950150,020895,020894,259013187.18633556
020895,940024,020894,232438753.16732982
950155,960541,960538,187044574.81315053
020897,940023,020898,
960534,020897,960542,241254712.69724837
020897,960534,950149,
940023,020897,950149,
960540,960538,960542,158812135.5192695
960540,950155,960538,90707357.33629443
960540,091174,950155,109826341.1390221
950200,07S067,960560,
950200,960560,020940,108692115.96470429
091179,950179,111185,
950179,091179,950178,146617483.22594282
14P125,06S059,111185,
06S059,14P125,05S054,
960549,06S059,05S054,
091179,020917,950178,177567453.3601934
950236,020961,950206,607480347.1153021
950204,950236,950206,214112659.6479996
950236,950197,960564,
940049,950231,960564,271375238.73049456
950197,940049,960564,217199691.8805197
950194,950231,02P105,
950194,02P104,950232,
950231,950194,950232,
940050,970806,960571,126209811.43206389
940050,950231,950232,
950233,940050,950232,
940050,950233,970806,389852527.8938386
960556,020917,020931,399848701.48460233
960556,940035,950178,222438656.8124496
020917,960556,950178,611881924.7047335
960557,07S067,950180,
020921,091174,950154,409974458.1859442
950181,950182,020922,166994433.04434073
950182,950181,091174,442036875.4965075
020921,950182,091174,348731064.19374335
950182,020921,950184,95902181.60603781
02P205,950171,07S066,
950171,02P205,07S065,
06S057,02P205,07S066,
02P205,06S057,960550,
020911,020910,940029,168962713.99806595
020910,071159,940029,219002066.36992195
950171,960546,07S066,
020910,960546,121191,
960546,020910,020911,243191795.69431862
970796,071159,960544,317712071.4169987
071159,970796,940029,248269582.92875525
970796,020912,940029,123511312.72193474
071159,020908,960544,273991823.4114108
950165,020908,071159,270646274.84081525
960543,950165,950163,167309226.9267352
960543,020904,970798,168576784.52843094
950165,960543,970798,335271273.2596576
950311,020999,960636,95124794.03255534
020999,950311,041129,98421228.98429836
061148,950311,960636,82002397.72332463
950309,950311,061148,356594112.391759
041139,031106,960637,72658780.42894961
020999,031106,041139,100627790.9507802
950309,02P116,960633,
02P116,960631,960633,
960631,02P116,960632,
960632,02P116,950304,
02P116,950309,950304,
051143,960634,021101,166153476.99681315
940062,051143,950321,185661179.25411278
940062,950320,960639,137095003.20403513
940062,950321,950320,171696627.79979455
071156,950315,950367,85780753.87474778
950315,031107,950367,81401660.00317073
950315,071156,950316,21232709.32052264
950315,950316,03P214,
031107,950315,03P214,
950353,940067,950348,153923069.04518318
950353,950355,940067,63092659.02756177
950353,950348,950351,117065656.41511738
950353,950351,950356,84728824.29632434
950355,950353,950356,77779212.4740923
960642,950332,021003,75730082.02937828
950332,960642,950331,191502184.06908602
021002,960642,960641,178533703.3230186
960642,021002,950331,171227342.50283757
081170,151210,021003,
020978,151210,081170,
151210,020978,950259,
151210,950327,960641,
950327,151210,950259,
950333,960643,021003,101159925.50232978
960643,950333,960644,54609314.95684005
950332,950333,021003,71017843.67377356
960644,950333,950335,110565737.30393247
950333,940067,950335,191143067.7267996
950333,950332,940067,151133584.68001178
021013,031112,960653,66218589.62232995
031112,021013,950374,85075431.57855086
950374,021013,041130,48321830.74038772
141203,021013,960653,
021013,970826,041130,86434516.73779343
021013,141203,970826,
960673,970827,950416,131618659.28668809
950416,970827,021041,139650396.9293062
970827,950415,021041,87089259.99236664
950363,131198,950422,
960673,131198,950363,
131198,960673,950416,
131198,03P216,950422,
071152,950439,950442,74770380.89263277
111189,041131,121192,
950439,041131,111189,
071152,041131,950439,64149272.45089367
041131,950421,121192,
950421,041131,071153,106934886.03634027
021051,031119,940083,68937536.9843305
021051,010846,031119,127033009.99389191
950419,141207,111189,
141207,950439,111189,
950439,141207,031120,
031120,141207,940083,
141207,021051,940083,
141207,950419,950431,
010846,141207,950431,
021051,141207,010846,
950420,960675,950424,109396666.36913347
031116,950420,950424,132653033.13926975
950420,031116,021041,76166287.58050068
950415,950420,021041,98029597.91755721
950418,950420,950415,147117538.28322437
031121,950444,950442,12465556.216967486
021053,950444,031121,46254878.71544212
950444,071152,950442,70421221.70240763
950440,960675,071153,163762850.42052564
950440,950441,960675,242484836.94433406
041131,950440,071153,150217025.27012122
950440,041131,071152,95912541.5137584
950440,950444,021053,48041077.18291832
950444,950440,071152,175174884.61881247
950441,021055,031122,31147579.837384764
950440,021055,950441,148525743.70354486
021055,950440,021053,62494097.35514643
93102,93103,93099,84725754.80694911
93050,93103,041136,74995159.79109317
93103,93050,93099,74348589.90647858
020996,950305,950303,91169705.83291593
101182,960512,960519,
101182,020869,960512,
05S050,101182,960519,
020869,101182,05S050,
960528,950147,940018,261263507.3062335
960526,960528,940018,201812682.41401485
960528,950146,960529,71424497.06074186
950147,960528,960529,75486673.59467259
960528,960526,960525,248507473.3376085
950140,960528,960525,782216837.8785659
950146,960528,950140,202326326.74327415
020877,960520,940014,171337227.35551754
960520,960522,940014,150812646.52186108
020876,960520,020877,207964534.68512765
960520,950128,960522,236565138.31800824
950128,960520,020876,277430137.0134812
020882,020876,940013,102221904.11885467
950128,020882,940013,116742367.58919482
020882,950128,020876,148307053.2821178
960752,940044,020954,124704203.56253448
93065,141206,93064,
141206,93065,960754,
141206,020958,950264,
93064,141206,93070,
960606,141206,950264,
141206,960606,93070,
960753,950223,960754,108650813.4788076
960592,950223,960753,240795690.51355764
950223,141206,960754,
141206,950223,020958,
960593,960592,940045,111249261.7218923
020957,960593,940045,108203907.47441766
020958,960593,020957,218554632.26998416
960593,950223,960592,195271639.01804766
950223,960593,020958,163560338.4127889
022005,020872,020877,294087345.92040163
960516,022005,020877,307828661.78165585
020872,022005,960509,214276543.55303538
022005,960516,020871,430059820.785899
022005,020865,960509,247437991.92510247
022005,020871,020865,312317802.1132743
950121,960511,020866,339069802.179998
960511,020861,020866,203450067.29634342
970789,020887,960521,258243435.35435033
020879,970789,960521,268004394.74342242
970789,020879,960518,151223436.3436648
020887,970789,020885,368885716.6162633
020880,970789,960518,166585150.17842156
970789,020880,020885,400415357.7853915
950138,970793,940015,286111163.29593515
970793,03S047,940015,
970793,950134,03S047,
970791,020886,940011,161084645.26970813
970791,940011,960521,305207129.17693424
970791,950138,05S053,
020886,970791,05S053,
05S052,970788,950112,
950124,970788,05S052,
020886,970788,020883,439444844.45361346
970788,020886,950112,266107609.07490718
970788,950124,960513,327124308.95384425
970788,950121,020883,224377588.38246518
960655,950380,950390,113456186.53217039
041135,950389,021016,195723436.17835832
950389,041135,021026,118855869.68081145
950392,950389,021026,152657796.59841913
021029,021028,960766,171864341.46330327
960766,021028,950394,179117762.8202244
021028,950392,950394,248170234.22690946
021029,950397,960676,149994453.15889806
950397,021029,960766,156502646.21426016
960677,950397,960766,22668566.12314174
960674,950427,950428,183691836.6748488
950428,950427,940077,
950427,960677,940077,269083994.8331656
950429,950427,960674,147644575.52390233
950346,970823,950390,216716550.14563987
950346,950344,970823,173244475.0173746
950357,021006,950425,238603569.78715616
021006,950357,940071,97915950.26078747
970827,950357,950425,
950357,970827,960673,
950357,960673,950362,
950357,960762,940071,51266615.6486271
950360,950357,950362,389485215.11299145
960762,950357,950360,463114204.78231746
960762,950350,940071,64402046.01662732
950344,950350,960762,121273296.3835985
950346,950350,950344,161950576.4335546
950350,021006,940071,100161408.02412152
950350,950346,021006,184186912.59249565
141204,021044,960676,
141204,950429,950417,
950397,021045,960676,119610981.76314235
021045,950397,960677,38132519.88154879
021045,141204,960676,
141204,021045,950429,
950427,021045,960677,119837342.45968817
021045,950427,950429,166865809.5602997
950398,960664,960662,286800626.13076264
960662,960664,950394,275483290.73616874
021032,960664,950401,195685911.2306223
960664,950398,950401,309862924.3513141
950394,960664,940077,333766242.37611663
960664,021032,940077,156263176.2654941
021047,131197,950433,
131197,021047,141205,
021047,021052,141205,
041132,021047,950433,233983625.99973992
021052,021047,041132,192425641.52535924
960678,131197,141205,
960678,021046,960767,
960678,141205,021046,
940088,051147,950470,
950473,940088,960706,179568962.1414246
940088,950473,970828,355210330.70724016
960706,940088,021077,126034222.43129504
940088,950470,021077,149324204.99216723
021040,940088,970828,
051147,940088,021040,
021054,021052,041132,88612733.97807294
021054,960684,960683,126279552.1995072
950443,021054,960683,125733840.84465504
021052,021054,950443,170508217.9288786
021054,041132,031123,102008347.04512006
960684,021054,031123,141181137.68782836
021085,021086,960715,107709766.95554985
021086,021085,950479,158806140.22294006
021086,950481,960715,157194809.5173269
021086,950479,950481,238402223.19719064
950478,021083,950477,190425250.00525245
021083,960711,950477,141491350.6145099
950463,021068,960774,161793213.0178984
950463,960693,021068,169497185.40460864
021074,950463,960774,112289327.42608565
970834,960775,960717,291238988.84370977
960775,021074,960717,127725605.97591873
960773,960775,950468,219550333.5812294
960775,970834,950468,289153323.68955123
950476,940090,021082,238146284.91260836
940090,021079,021082,268028727.8156697
940090,950476,021080,178692000.69284263
950473,940090,021080,270439217.94948894
021079,940090,950473,139101379.43924323
960596,960595,93062,321870907.60345685
960595,93051,93062,71937776.07101107
960595,960596,93055,105362904.65790915
960595,93055,960594,28549290.582707968
93051,960595,960594,15157424.438354272
95105,93042,92106,59037657.8431273
92106,93042,970813,92948918.57675466
93042,93068,970813,77622475.88664444
93042,950230,93068,52792774.44674985
950230,93042,95105,54231651.90159177
960597,960598,141202,
960598,960597,960628,
950297,93053,131194,
93053,950297,960628,47312089.20716402
93086,091178,141202,
93086,990838,091178,
960598,93086,141202,
93086,960598,960628,
93043,93076,051144,161619324.4532706
93088,93091,141209,
93091,93088,02S043,
93088,950295,02S043,
970818,93088,141209,
950295,93088,970818,53414991.86242069
990838,990840,091178,
950296,990840,990838,465663534.37959725
93081,990840,950296,108339186.18375714
990840,93081,02P115,
93091,93092,970820,45230006.78214959
960623,93092,93091,31501537.089465633
970820,93092,02P115,
93092,990840,02P115,
93092,960623,091178,26113390.584099144
990840,93092,091178,67264081.47511537
93094,960623,93091,29993350.31594088
93094,93095,091178,26637126.72790617
93094,960624,93095,11312612.343395105
970820,970817,141209,
000842,970817,970820,63113581.82237281
970817,93079,141209,
93079,970817,93074,59136413.24395575
970817,93078,93074,99708816.1746813
970817,000842,93078,97953229.93697065
960621,93043,970813,33823331.0781396
93043,960621,93038,37957711.84234995
93068,960621,970813,64615155.22790955
960621,93068,93038,81365958.7143482
93066,950229,93035,53379843.4195888
950229,950230,93035,37329879.52448725
950221,960591,950265,119200614.23498425
03S046,950221,950268,
950268,950221,950267,364805258.1810611
950221,950265,950267,354050896.24316305
960591,020982,950265,215047960.2684728
950265,020982,020964,278553097.9498969
020982,950244,020964,163972224.33395717
950244,020982,950246,237571136.89091465
020982,960591,020954,310442464.85148984
020982,940044,950246,354216738.477514
940044,020982,020954,193834489.30390492
950276,960616,950277,241543000.22055304
950275,950276,950277,248402949.8769107
950276,950275,960615,200597931.45541796
031127,950276,960615,219661626.32349464
020986,960609,960611,206227937.79138088
020986,031127,940047,130070293.23278606
960609,950273,960608,66284982.93012051
960608,950273,00R019,
950273,020986,940047,160789086.79770643
020986,950273,960609,204063244.80096528
950273,020987,00R019,
020987,950273,940047,159195015.38854143
031103,93102,93099,77723011.71779971
93102,031103,950303,66820379.72384778
950300,950293,020994,124986024.21844439
940061,950278,960616,125928318.62291451
940061,950293,950278,128581791.40948202
950263,970809,020979,151336232.55500615
93069,970809,950263,172629694.25721323
970809,93069,940048,151199374.02407458
970809,960613,020979,165155216.68277982
950264,970809,940048,146322928.93134815
960613,970809,950264,313178210.6831911
020993,950286,950285,95276992.42513557
950286,020976,950285,166254672.81147027
950256,950258,020976,191892815.88840002
950258,020977,950285,281030190.1967484
020977,950317,950285,427523482.6737703
020977,950260,950317,167971348.5031148
020977,960579,950260,131373823.02425995
960579,020977,950257,174701477.1237317
020977,950258,950257,242276289.41282338
960630,940063,960629,48911550.00437487
950298,960630,960629,103292814.76450874
960630,950298,950299,111181933.42886339
960631,960630,950299,138676117.19305974
02P207,960572,940052,
960574,02P207,940052,
020966,02P207,960574,
93008,93007,93013,116471082.41645314
93007,93008,93003,161256200.55710852
93007,93011,93013,141545409.34867772
960583,960582,93003,137146379.34711918
960583,93008,93012,146662603.8548757
93008,960583,93003,121194866.066508
950215,93002,960590,136338386.17819923
93006,960584,93010,108618448.70461519
960584,93006,93002,172280712.7677644
93004,93006,93010,152423006.60055548
950216,93006,93004,192631669.27321064
93006,020947,93002,354281210.944299
93006,950216,020947,199002014.62327707
950209,960586,020948,271906964.4797911
960586,950217,020948,309746587.1362837
950202,960561,960559,108050579.50175026
950209,950202,020939,251599467.0378425
960561,950202,950209,236040799.8842783
950217,960585,020948,169681969.05113238
960567,940051,02P110,
02P109,940051,960566,
02P110,940051,02P109,
940051,960567,020962,67509447.37318213
950240,940051,020962,171232108.1345772
940051,950240,960566,202614215.25605825
940038,950179,020920,194402627.9896622
950179,940038,14P125,
14P125,940038,11S070,
11S070,940038,950201,
940038,020920,950201,229694000.62115547
960535,020895,950150,218773621.54524413
960534,960535,950150,488875385.36693245
950151,960535,960534,192424658.49122193
010844,950151,960538,321291631.3130631
960541,010844,960538,194044039.344568
950181,950183,950155,197526176.40539464
950183,960541,950155,444734186.95023996
950183,020924,970798,253049729.2311893
950183,950181,020924,422155987.27454
020904,950183,970798,190850741.6080212
950161,950159,020904,303545854.56355983
960543,950161,020904,118283720.14048052
950161,960543,950163,89554542.68497595
950161,950163,970795,177406640.80328232
020897,940026,960542,273756033.7211338
940026,020897,020898,416600531.43819535
091174,940026,020898,255420704.00806227
940026,960540,960542,255857280.50871474
960540,940026,091174,180822155.47673008
020924,950187,970798,270317685.24842495
07S067,020936,950180,
950200,020936,07S067,
020936,970797,950180,154810012.40968922
970797,020936,020920,215663000.2604375
020936,950200,020920,205296695.15148574
020938,950200,020940,124041813.05320147
020938,950205,950201,225365559.04376036
950205,020938,020940,205424878.18578684
020920,020938,950201,233310049.93161488
950200,020938,020920,190634853.9005039
020928,950193,020913,140741434.6190654
020928,970796,960544,274092211.1956795
970796,020928,020913,267709516.20843133
950190,020928,960544,199323765.9394772
020916,950173,020915,95937805.83681718
950173,020916,020912,265558285.7047555
950173,970796,020913,235099770.2629929
970796,950173,020912,238561789.5446972
06S055,051145,020914,
051145,06S055,020911,
051145,020916,020914,134270159.20146453
020916,051145,020912,211612512.70535308
051145,020911,940029,160031035.35398328
020912,051145,940029,99542692.82472855
020916,020918,020914,171796342.22434384
131201,091179,111185,
020917,131201,131195,
131201,020917,091179,
950176,020916,020915,93130138.59673364
950176,06S059,960549,
020918,950176,960549,77517871.43631561
950176,020918,020916,93878477.3644841
950174,020917,131195,
950174,950173,020913,158582108.3041803
020917,950174,020931,261406980.35663298
950174,131195,020915,
950173,950174,020915,122216177.46988988
950174,950193,020931,442185678.07954335
950193,950174,020913,199182843.54131925
950236,111186,020961,
950238,111186,960571,
111186,950238,020961,
111186,940050,960571,
950231,071162,02P105,
940049,071162,950231,375736432.1665413
071162,940049,950197,327459586.5710343
071162,950196,02P105,
071162,950197,950196,
950196,020932,02P105,
020932,950194,02P105,
020934,960557,950180,113358190.69636983
960557,020934,940035,99236736.73692037
950178,020934,950180,227113262.05702278
940035,020934,950178,199451903.53016278
970803,960557,940035,128231724.88825816
960556,970803,940035,133946373.76352684
970803,020933,970799,187674615.29639632
020933,970803,960556,250917233.30288792
940033,960556,020931,224114993.4399782
940033,020933,960556,153570737.39830735
07S067,950198,960559,
950198,950202,960559,253527596.34976983
950202,950198,020935,410135498.3178552
960557,950198,07S067,
020909,020907,950166,184513710.92712304
071159,020909,950166,209514695.25857732
020910,020909,071159,270664800.41905844
020907,020909,121191,
020909,020910,121191,
950170,950171,07S065,
950170,960546,950171,214516468.22297016
960546,950170,121191,
950170,960547,121191,
950170,07S065,950167,
960547,950170,950167,377250648.0239793
950175,06S055,020914,
06S055,950175,06S056,
020918,950175,020914,152165273.74089313
950175,020918,06S056,
06S055,950172,020911,
960546,950172,07S066,
950172,960546,020911,199879663.19475913
950172,06S057,07S066,
06S057,950172,06S056,
950172,06S055,06S056,
950312,021008,960637,182000369.2700562
031106,950312,960637,56322714.48007302
950312,020999,041129,128029555.34581828
950312,031106,020999,93127026.57548001
940064,960634,041129,120432898.5219481
950311,940064,041129,114192858.30285364
940064,950311,950309,182321700.375632
940064,950309,021101,234086100.44348198
960634,940064,021101,191960300.31599635
950364,950310,021007,104666096.31490017
950310,950364,021008,159458367.0344033
950310,950326,021007,111988728.02302949
940062,950323,051143,86372310.76302569
950310,950323,950326,134264533.4714747
950323,950310,051143,174942609.98204455
950326,950323,960639,106951578.3817062
950323,940062,960639,63546952.48288078
950262,960642,021003,116065318.33968188
151210,950262,021003,
960642,950262,960641,187482276.52069256
950262,151210,960641,
031114,031116,03P216,
131198,031114,03P216,
031116,031114,021041,37908361.79004768
031114,950416,021041,49973374.09352946
031114,131198,950416,
950420,021042,960675,106652649.74403642
021042,950420,950418,100287335.67979732
960675,021042,071153,146466567.58644885
021042,950421,071153,97651893.03492472
021042,950418,950417,97609296.8880949
950421,021042,950417,139586646.76308605
940082,021053,031121,55656028.81827489
940082,021055,021053,87300979.01167272
021055,940082,031122,44288632.54931069
940082,081166,031122,
081166,940082,031121,
93104,93102,071161,69539164.81606643
93104,93103,93102,66581267.501851596
041136,93104,071161,29180570.994732838
93103,93104,041136,59370501.16193749
940063,950302,950300,143869313.4734653
950302,020996,950300,143596091.3335944
020996,950302,950305,70601970.82202229
950302,020998,950305,199920499.27940273
020998,950302,950304,142849793.98451948
950302,960631,950304,160947413.26031923
960630,950302,940063,47001399.20258688
950302,960630,960631,178065823.1887567
970802,020952,950246,157210142.24227017
940044,970802,950246,86859825.96370786
970802,960752,020952,170162693.3148866
970802,940044,960752,90716167.17137238
020873,960511,950121,314890522.45676535
020873,970788,960513,521796759.19204944
970788,020873,950121,444111269.77351415
960511,950114,020861,258731287.87581983
950114,960507,950108,337454761.3085101
020873,950114,960511,324873001.0290096
950114,950108,960503,564417684.3447057
020861,950114,960503,372319343.3753806
950134,020889,960521,236280768.75927222
020889,970791,960521,304900702.0258087
970791,020889,950138,190969601.59939042
020889,970793,950138,216633118.1267312
970793,020889,950134,197491475.133093
000843,021017,950378,153657369.6529551
950380,021017,000843,108255137.73664
950378,021017,021014,127157249.07377087
021017,960655,021014,157448442.46973175
021017,950380,960655,72397204.71707991
021027,000843,021016,283596087.8081252
950389,021027,021016,201563038.3357187
000843,021027,950393,101767637.67657419
021027,950392,950393,135384433.81786534
021027,950389,950392,204981203.45492917
141204,950426,021044,
950418,950426,950417,201209884.57882366
950426,141204,950417,
021044,950426,950425,155687542.28712338
950426,970827,950425,182114058.15868556
950426,950418,950415,131170656.02564208
970827,950426,950415,101291474.79216938
950395,960765,950393,236438568.33783528
950395,021028,021029,143172473.23890117
950392,950395,950393,222442454.97546205
021028,950395,950392,190776347.27794203
021044,950396,021029,179634494.9777722
950396,950395,021029,212464920.48618487
950395,950396,960765,189287715.63257462
950396,021044,950425,125907398.44942588
021006,950396,950425,275731279.0186821
960765,950396,021006,156973248.20919028
950391,000843,950393,249462957.17713514
960765,950391,950393,281767948.20196754
950380,950391,950390,104144168.44577199
950391,950380,000843,231330968.13683993
950391,950346,950390,77389693.43668613
950346,950391,021006,206217698.6415986
950391,960765,021006,229622162.62485912
021033,960678,960767,182168458.98954374
021032,021033,960767,139564000.9727093
021033,021032,950401,176549519.6265732
131197,950405,960667,
960678,950405,131197,
021033,950405,960678,209252711.2729005
960667,950405,960768,135109225.56201532
021031,950405,950401,278707595.984972
950405,021033,950401,127056186.9909519
950405,950402,960768,227838981.45124277
950402,950405,021031,141507382.67617592
960712,021085,950480,244062760.3329312
021084,960712,950480,213447586.7548123
021085,960712,950479,221978545.32864603
960711,960712,021084,294258545.5434286
021083,960712,960711,119728792.94382842
960712,950478,950479,190047090.9705348
960712,021083,950478,150246890.3701659
960697,960773,960696,70306002.73176175
960697,960775,960773,157024648.02839544
960697,950463,021074,193949542.52311796
960775,960697,021074,186140644.4494222
960694,960697,960696,27809921.744780853
93049,131194,93046,
93049,950297,131194,
950297,93049,051144,34072749.759631045
960620,950297,051144,84465228.90706576
950297,960620,93085,58906689.389384344
93085,960620,02P114,
02P114,960620,950296,
950297,970814,960628,51467690.034051515
970814,950297,93085,80260632.0115074
970814,93086,960628,38954429.38107725
970814,93085,990838,46116365.523024224
93086,970814,990838,57606123.93585894
93077,93075,93073,157679246.98690534
960622,93091,93093,24634009.34890325
960622,93094,93091,19536572.118184485
960624,960622,93093,12369836.469797142
93094,960622,960624,11870525.182201318
960623,960625,091178,16177375.967464503
960625,93094,091178,2354591.7054978586
93094,960625,960623,7557062.326797238
93031,950229,93066,71620050.51337007
93031,93065,960607,73582206.22655866
93065,93031,93066,149507047.74674147
93038,93031,960607,88877950.02730519
93068,93031,93038,142104378.56106243
950230,93031,93068,80428659.93140139
950229,93031,950230,48075876.83866139
960591,950269,020954,338791396.0854205
950221,950269,960591,77099552.10838291
950269,020957,940045,137271406.44829082
020954,950269,940045,369486078.80762744
950269,960610,020957,120590132.2063128
960610,950269,03S046,
950269,950221,03S046,
950276,020989,960616,272227851.8072743
950251,950279,960573,316252843.15607566
020995,031103,93099,125370505.36622591
020995,93099,93084,98502184.47603834
950278,020995,93084,90472762.80381174
950293,020995,950278,136053428.400897
020995,950293,031103,238464208.27852052
950301,950293,950300,113466971.85343567
950293,950301,031103,157572969.81833673
031103,950301,950303,71568091.135286
950301,020996,950303,89413011.67830001
020996,950301,950300,117778929.61180368
950293,020992,020994,183266027.15324152
940061,020992,950293,147062397.71901575
020992,940061,950284,180515507.96843833
940060,950288,031128,96971008.51072676
950288,950286,020993,106493712.44005756
950288,950291,031128,82029952.34441653
950288,020993,950291,77634761.9295279
950256,020974,950258,286678818.05596256
950258,020974,950257,161158870.39020926
020974,960578,950255,180963597.19492123
020974,950256,960578,269018440.3378146
940055,020974,950255,155423633.02247554
950257,020974,940055,79697327.89631487
950248,020968,020966,137739465.67405248
020968,02P207,020966,
020968,950248,960573,74531499.43596695
960572,020970,950250,194997952.59432533
92110,960584,93002,123028380.57884213
960583,92110,960582,147008467.30270675
950215,92110,93002,119589916.21199183
92110,950215,960582,119271062.71659221
950213,960588,960590,96699599.92135346
960588,960585,950217,157955295.51796
950219,960588,950217,242878014.21327707
950219,950215,960590,253930060.8384218
960588,950219,960590,184730287.36734295
950202,940040,020939,234991089.8278753
940040,950202,020935,414646036.82546246
940040,950236,950204,315923577.01427585
950236,940040,950197,
940040,020935,950197,
950210,020942,020948,185016274.95821106
960585,950210,020948,192021038.34970474
950210,020943,010845,194927771.912356
020942,950210,010845,107540200.47660375
07S062,950153,960539,
07S062,960539,950156,
950158,07S062,950156,
020896,07S062,950158,
07S062,020896,950152,
950153,020901,960539,129827446.63474722
960539,020901,950156,140044395.83638373
950159,020901,020899,244084656.79154447
020901,950153,020899,78615943.46799068
020901,020903,950156,205340891.54308268
020901,950159,020903,200082649.4184905
02P103,960535,950151,
010844,02P103,950151,
960541,020902,020899,237606068.3205863
950183,020902,960541,293654625.9144939
950160,950161,970795,221241715.54836684
020905,950160,970795,193025356.022814
020903,950160,020905,219695042.97904104
950159,950160,020903,202990171.54711267
950161,950160,950159,326517848.4815484
020921,020923,950184,33536498.826507606
950194,960551,02P104,
020923,960551,960552,242475894.89118004
950182,950185,020922,122959147.11152112
950185,020924,020922,114608506.2868571
950185,950188,020924,289700123.183265
020908,020926,960544,218231799.7594476
020926,950190,960544,177276977.38461173
940036,06S057,06S056,
020918,940036,06S056,
06S057,940036,960550,
06S059,940037,111185,
940037,131201,111185,
950176,940037,06S059,
131201,940037,131195,
131195,940037,020915,
940037,950176,020915,291141420.9866264
950234,950236,960564,209184817.72868854
950234,111186,950236,
940032,020932,950196,216371958.0915258
020932,940032,950194,
970803,950199,960557,115464027.90960455
950199,950198,960557,216467993.92031494
950199,970803,970799,133134620.31351663
950196,950199,970799,314277792.44336885
950197,950199,950196,
020935,950199,950197,402366417.6049299
950198,950199,020935,247786420.79082602
960635,950312,041129,111051045.87468527
960634,960635,041129,121800053.3593855
950312,960635,021008,175642352.22160104
960635,950310,021008,190241680.04602602
960635,960634,051143,126568748.07856011
950310,960635,051143,193255790.93409377
020868,020873,960513,287463133.9144306
020868,950114,020873,374648936.899442
960507,020868,960513,186122002.7260095
950114,020868,960507,280590342.2073686
960695,960694,950461,75252238.46296345
960695,960697,960694,63119109.40026236
960693,960695,950461,65005539.89847007
950463,960695,960693,46620699.82022323
960697,960695,950463,45714752.922430314
960626,93043,051144,37641288.14976446
93049,960626,051144,81521613.32577904
960626,93049,93046,57525163.41161658
960626,93046,970813,41844170.44802952
93043,960626,970813,22969238.227585398
970815,93075,93077,35362446.696737885
93075,970815,93076,46509348.87132968
970815,93077,950296,32608483.534872923
93076,970815,051144,135415185.673436
960620,970815,950296,235486061.5038415
970815,960620,051144,121391098.17758442
96S007,93071,93073,
93075,96S007,93073,
96S007,020981,93071,
950274,950276,031127,154931001.94953486
950274,020989,950276,173660834.22699398
020986,950274,031127,99826162.6013313
970811,940061,960616,204365865.0323637
020989,970811,960616,170523104.51610643
940061,970811,950284,118530533.0898314
950282,950256,020976,267603023.03998628
950282,950280,950256,324008164.3446296
960617,950279,950251,163910600.28447956
950280,960617,950256,331555913.5114468
960578,960617,950251,217879424.53169554
950256,960617,960578,289830611.58603716
020990,950280,960619,210558485.1808986
020990,960617,950280,171738687.84919345
960617,020990,950279,211961147.11644608
950298,950289,940060,209267128.31749496
950292,950289,950298,98858949.8520713
950289,020992,950287,112728573.09846304
950289,950292,020994,84679825.55778354
020992,950289,020994,193988246.80294535
950287,940059,960619,86487862.74914238
940059,020992,950284,202053246.47656766
020992,940059,950287,161082121.25024194
02P207,950249,960572,
950249,020970,960572,162049143.362307
020968,950249,02P207,
950249,020968,960573,97066235.15234236
950279,950249,960573,245798929.1164855
020970,950249,950279,104082381.73043245
020970,960618,950250,252010501.21261585
960618,041138,950250,229890534.66718638
960618,020970,950279,170539265.81057686
960584,960627,93014,112128301.15869588
92110,960627,960584,1758563.1307592436
93014,960627,93012,156167769.50144643
960627,960583,93012,131566604.53879721
960627,92110,960583,1966998.1445819053
020965,960588,950213,87067675.08119524
960588,020965,960585,175638499.21558893
020965,950213,960581,128515067.26208432
950212,020965,960581,103584593.27233906
950207,950204,950206,134316424.26102182
020963,970801,950206,180846918.03098837
970801,950207,950206,178493220.67571616
950207,970801,960563,191788370.62880427
970801,020963,950220,310451884.7422045
93001,960589,950222,314766122.0753142
93001,950222,93005,308241650.33664674
93011,93001,93005,295960662.4717918
93007,93001,93011,255614165.78750673
960563,020949,960586,291163346.4348647
970801,020949,960563,180275429.24839467
960589,020949,950220,337284696.225266
020949,970801,950220,280957532.0938333
071163,960589,950220,183778389.14295098
960589,071163,950222,198470771.70135581
960752,071163,950220,198583777.9743881
071163,020956,950222,109852363.33181454
020956,071163,960752,358330115.98197675
960586,960587,950217,204781233.8669271
960587,950219,950217,189226861.30567887
950215,020951,960582,97252576.95355177
950219,020951,950215,133903697.23324639
960582,020951,93003,178971760.60494626
960535,091175,020895,211721435.0880996
02P103,091175,960535,
091175,960541,020899,450630376.2019297
091175,010844,960541,157582580.47721723
091175,02P103,010844,
950157,950159,020899,296243933.447379
020902,950157,020899,205377563.9442722
950159,950157,020904,188987161.0035232
950157,950183,020904,241207993.13104525
950157,020902,950183,261919140.28392032
960551,940030,02P104,
940030,960551,020923,128953629.56225911
940030,020923,020921,247060798.97160956
02P104,940030,950154,
940030,020921,950154,
950186,020923,960552,134404554.67939368
950186,960552,950188,169163419.04785421
950185,950186,950188,389432871.10520416
950186,950185,950182,384298621.6614018
950186,950182,950184,325494040.43597394
020923,950186,950184,122241988.15205461
960553,020926,020908,192802387.30047357
020926,960553,950187,156067620.5585693
960553,020908,950165,162788266.6033353
960553,950165,970798,378201934.22241056
950187,960553,970798,241096915.14805588
06S058,05S054,960550,
940036,06S058,960550,
06S058,960549,05S054,
06S058,020918,960549,
06S058,940036,020918,
111186,151212,940050,
950234,151212,111186,
940050,151212,950231,
950231,151212,960564,
151212,950234,960564,
950195,940032,950196,200433216.4265585
950195,950196,970799,307759257.58109874
020933,950195,970799,326586192.98473716
131196,940031,950192,
96S007,96S006,020981,
96S006,93075,93076,
96S006,96S007,93075,
960614,020986,960611,164537784.51064047
960614,950274,020986,122130112.6877447
950274,960614,020989,96970442.5932341
950286,020991,020976,212460018.03530216
020991,950282,020976,161258994.39338565
950288,020991,950286,160358262.3395002
020991,950288,940060,233269547.28135762
950289,950283,940060,279951642.58276755
950283,950289,950287,169391514.51512194
950283,020991,940060,208848514.42462334
020991,950283,950282,123726692.94241172
950283,950287,960619,318264928.58488244
950280,950283,960619,328133516.0091182
950282,950283,950280,142387863.9606374
041138,021099,960611,
960618,021099,041138,
020945,950210,960585,148229459.39184988
020965,020945,960585,227615681.8693329
020945,020965,950212,108606243.25904714
950210,020945,020943,145114718.3685411
020945,950212,950211,159753642.03772694
020943,020945,950211,146806321.43441886
950207,020941,950204,166990642.28211436
940040,020941,020939,163039417.03315467
020941,940040,950204,321849376.2538152
020941,950209,020939,170849101.09169745
020941,950207,960563,183724471.69239065
020941,960586,950209,277484613.37697476
020941,960563,960586,306407492.7532759
960587,020950,950219,171469909.0047424
020950,020951,950219,114352923.50585742
950153,960537,020899,116355382.92871337
960537,091175,020899,194130570.01240754
960537,07S062,950152,
07S062,960537,950153,
940024,960537,950152,443754461.20992625
020895,960537,940024,430056566.89417726
091175,960537,020895,182849127.64855468
131196,950189,950188,
950189,020926,950187,241096193.1648083
020926,950189,950190,188218332.91973612
950189,131196,950190,
950188,950189,020924,347559586.8906466
950189,950187,020924,230952578.57751444
950193,020929,020931,264116966.16962624
020929,940033,020931,258761119.435475
020929,131196,950192,
950195,960555,940032,163889224.52453974
960552,020925,950188,261893697.38500094
020925,131196,950188,
020925,940031,131196,
960551,020925,960552,274381807.2839914
021100,96S006,93076,
020981,021100,93070,132162418.01790054
96S006,021100,020981,
020988,940059,950284,159061181.8069969
960614,020988,020989,168842570.64512587
970811,020988,950284,93643440.38594341
020988,970811,020989,144117750.3326817
950281,960614,960611,104451298.14769743
021099,950281,960611,96296155.57790402
950281,020988,960614,89569414.93318737
950218,020950,960587,222756452.8245652
020949,950218,960586,367219977.61432934
950218,960587,960586,263370959.08211118
950218,020949,960589,155808743.28917915
93001,950218,960589,221802922.43872848
020951,940043,93003,196558022.2054435
020950,940043,020951,111739638.8378798
940043,93007,93003,220832319.08411944
940043,93001,93007,240917821.2285489
940043,950218,93001,299095476.34952396
950218,940043,020950,106810965.97769621
131196,960554,950190,
020929,960554,131196,
960554,020929,950193,127427574.60001557
020928,960554,950193,115997318.44227004
950190,960554,020928,141307513.17007032
020929,020930,940033,303565821.7815346
020930,020929,950192,298705696.1589207
940033,020930,020933,169989076.51090997
020930,950195,020933,369726836.51842076
960555,020930,950192,270217031.4811862
020930,960555,950195,304501110.7277457
020925,950191,940031,81607861.28981389
950191,960551,950194,
950191,020925,960551,
940032,950191,950194,528261641.98760766
960555,950191,940032,120115548.71947287
940031,950191,950192,263049039.93561363
950191,960555,950192,227941667.50495398
93072,021100,93076,45156849.31121992
93072,93043,93038,120568504.32846276
93072,93076,93043,136616321.11344728
93072,93038,93070,103785934.61592565
021100,93072,93070,60282933.65424849
940058,021099,960618,154291099.83999747
940058,950281,021099,146117166.4275123
940058,020990,960619,302900338.35791487
950281,940058,020988,216093997.14098015
020990,940058,950279,262147512.14272705
940058,960618,950279,164718059.28769007
940059,940058,960619,135443170.49772972
020988,940058,940059,333443795.48042184
