st1,st2,st3,area
960605,051140,021098,
950497,950498,051140,
020859,950109,020848,
950101,020859,020848,
02P213,052007,021098,
052007,960603,021098,
960603,052007,02P213,
960605,960604,02P213,
960604,960603,02P213,
960604,960605,021098,
960603,960604,021098,
960602,960605,02P213,
960605,960602,051140,
950498,960751,051140,
950102,02P201,020848,
93022,960602,02P213,
960602,02P208,051140,
960751,950500,131200,
950500,960698,131200,
960747,960748,950498,
950456,950102,131200,
950376,960602,950314,
950382,960527,950102,
950456,950382,950102,
960750,960751,950498,
960748,960750,950498,
960750,950500,960751,778438137.911313
960743,960747,950498,
960743,960748,960747,
960748,960743,960698,
031113,02P208,960602,
950376,031113,960602,
020875,950106,950102,
960746,940085,02P211,
940085,960746,031122,
960746,950497,051140,
031122,960746,051140,
960750,960749,950500,
960749,960750,960748,
950500,960749,960698,
960749,960748,960698,
111190,950498,950497,
960602,091178,950314,
141202,091178,960602,
950382,950252,960527,
950252,950232,960527,
940008,950106,970785,
950106,960501,950102,
02P201,940001,020848,35837657.65188338
950104,960501,950106,
020859,020864,950109,219539373.4927129
940004,020864,020859,426306065.2843181
940002,960503,020859,
960504,020854,020858,344854772.21069443
020854,960504,940002,242632579.06494844
02P122,021059,021080,
960743,960739,960698,
960739,960736,960698,
960734,960729,960698,
960736,960734,960698,
960746,960731,950497,
960731,960732,950497,
960692,960691,960698,
960729,950487,960698,
950456,950408,960668,
960550,93022,02P213,
950106,970783,940003,482056037.4611738
940008,970783,950106,
950104,970781,020852,295934402.10534483
970781,950106,940003,461303997.527336
970781,950104,950106,
950104,970778,960501,
970778,02P201,950102,
960501,970778,950102,306869360.45756495
970778,940001,02P201,55083883.9695323
020851,950104,020852,214423961.71113476
020855,970782,020852,704529798.0230206
020855,970781,940003,137570362.80093852
970781,020855,020852,383043387.603484
970783,020855,940003,160661344.63918993
960503,020856,950111,290141676.91700953
020856,960503,940002,167388675.85717082
020856,960504,950111,316812512.4881962
960504,020856,940002,263611379.0143293
950103,020859,950101,
950103,940002,020859,
020854,950107,020858,243508088.6415853
02P118,960645,950382,
940075,950383,960668,
950383,950456,960668,
950383,950382,950456,
950386,950383,940075,
021059,021088,02P211,
021088,021059,02P122,
960745,111190,950497,
021094,960745,950497,
960736,960738,960737,301182465.25948435
960744,960743,950498,
111190,960744,950498,
960735,960734,960736,
960726,960731,960746,
950457,950458,950456,
960691,950457,960698,
960698,950457,131200,
950457,950456,131200,
950459,950457,960691,
950457,950459,950458,
960692,081168,970832,
950487,081168,960692,
950462,960692,960698,218760195.75394234
950487,950462,960698,
950462,950487,960692,
021060,950408,950456,
950235,950253,950245,
950253,950235,950252,
950318,950320,960638,154548784.1122293
020849,970778,950104,411602094.31760985
020851,020849,950104,400816481.0356224
970778,020849,940001,219772764.58168295
020849,020851,950101,458929660.28245074
020849,950101,020848,322412601.25986207
940001,020849,020848,217490580.11310592
950113,950115,020864,123217133.55187419
020864,950115,950109,151356110.1290343
020851,020850,950101,449455926.57103354
020850,950105,950103,279580843.74994457
970782,950105,020852,362282530.68739986
950105,020851,020852,171252381.13352472
950105,020850,020851,302116443.2817565
950105,970780,950103,483308243.89259344
940020,020888,020875,
960527,940020,950102,
940020,020875,950102,
020888,940017,950143,
940017,950145,950143,437197418.130032
940020,940017,020888,
940017,940020,950145,695581825.4249836
020860,020855,970783,236441133.7871736
020860,970783,940008,323772326.74694055
960509,020860,940008,498736260.938811
960510,960504,020858,829768556.336697
950408,960669,960668,
960669,950407,960668,529273640.75379044
02P209,940075,960668,
950388,02P209,960668,
02P119,950388,960668,
950388,02P119,021025,151604204.6739388
950407,02P119,960668,562726656.8519127
950412,950411,950413,240976936.98868817
960669,950411,950407,271992504.58271027
021016,021014,950382,
021014,02P118,950382,
021046,940077,960767,
031118,970828,021080,707439355.9880617
021022,950386,940075,120079184.73246413
950386,950384,950383,
021059,041133,021080,
041133,031118,021080,447562630.8095439
960742,960739,960743,
960744,960742,960743,
960742,960744,960739,328619492.1500612
960739,950496,960736,
021095,950496,960739,
950496,960738,960736,334540204.7491692
960744,02P212,960739,
02P212,021095,960739,
02P212,960744,111190,211669537.7064489
960738,960740,021094,117753963.83752342
950496,960740,960738,292682843.5442818
950495,960736,960737,375057602.53624326
950495,960735,960736,
960735,950495,950497,
950495,021094,950497,
960738,950495,960737,53276054.80928378
950495,960738,021094,
960735,141208,960734,
950494,960730,960729,
960730,950494,960732,323523363.7644913
960730,960731,960729,
960731,960730,960732,208255465.4523212
960725,950487,960729,
950460,950459,960691,
960692,950460,960691,
950460,960692,970832,
021065,021062,950458,
950458,021062,950456,
021062,021060,950456,
021060,021062,940087,124441806.38723181
960725,960777,950487,
93055,02P206,960594,147485011.88405222
93022,95113,960602,
95113,141202,960602,
93021,950226,93022,
950226,95113,93022,
950252,960565,950232,
950235,960565,950252,
940028,950167,111184,26709685.939890407
940066,03P214,960637,79971470.88323046
940068,021010,021009,114442559.27900475
021010,950366,111188,199263063.03974497
021010,940068,950366,113020688.42227904
031111,021000,950373,40359516.25038818
031111,950316,021000,72945270.2371892
950334,960763,960764,128059096.84328824
970825,021000,111188,119851895.08715002
021000,970825,950373,130644560.3565828
021011,950370,051146,210827831.44578728
950366,950370,111188,220660804.53136048
950370,970825,111188,106622728.26535723
970825,950370,021011,255754584.10885262
970825,041130,950373,168580700.48839578
041130,970825,021011,184755565.12869698
950368,031109,051146,116728820.86132379
031109,950368,940069,81350088.96652071
960652,031109,940069,65062983.730049044
071160,071161,950314,
071161,950306,950314,
950317,950318,960638,130117853.53478475
950317,940056,950318,75019519.4995348
950285,950317,960638,226795236.09980088
950352,950351,950349,148620619.8735401
950351,950352,950356,137407750.59673554
960519,940009,950167,
950119,960519,021098,
970779,950103,950101,71262822.20051293
020850,970779,950101,162695500.66812265
970779,020850,950103,143018053.9688296
020853,950107,020854,355575567.88791806
020853,970780,950105,432531722.110849
950107,020853,970782,385824411.7278848
020853,950105,970782,491435926.8451972
950145,02P102,960530,
940020,02P102,950145,169294330.75998113
02P102,940020,960527,12244337.52493509
950140,020888,950143,
940021,950145,960530,117794452.32587957
970794,940021,960530,261392178.79756373
950145,940021,950143,192483114.9862057
940021,970794,950143,334362824.80622834
081173,020892,020894,341044805.8213873
950139,081173,950141,
020855,950110,970782,599605421.3154563
020860,950110,020855,346535258.29208565
950110,020860,960509,400858448.6670315
020870,020864,940004,606455132.7706795
020870,950113,020864,293303146.2549769
960513,950122,940005,418384667.77480674
02P119,940076,021025,11519933.183449226
940076,02P119,950407,16108434.364575496
081167,950341,960645,131687827.64861211
960680,970829,031117,96908779.1935277
021046,141205,970830,175245378.05179045
960658,950388,021025,178433147.74330592
950399,021022,940075,256843879.17039502
021018,950384,021020,154497204.06714872
950384,021018,950383,
021088,950483,02P211,76210452.76648988
960715,950483,021088,123927132.68288305
021096,02P212,111190,8087817.798998948
02P212,021096,021095,16707245.561301248
960745,021096,111190,84369989.86102115
02P124,021096,960745,8727118.208220238
021096,02P124,021095,103094316.49775793
02P124,960745,021094,11905765.117467528
960741,950496,021095,50699176.332396366
960741,960740,950496,178240910.28180996
02P124,960741,021095,101075480.87720348
960740,960741,021094,78581082.74866043
960741,02P124,021094,240659194.9518635
141208,960733,960734,
960734,960733,960729,
960733,950494,960729,
950494,960733,960732,
960732,960733,950497,
960733,960735,950497,
960733,141208,960735,
950484,960715,950482,510093530.45074296
950484,950483,960715,200128933.79203096
950492,960746,02P211,
950492,960726,960746,
950459,960690,950458,
950460,960690,950459,160013597.7116671
081168,02P210,970832,164410469.69379005
021091,960777,940098,192609733.72755545
021092,021091,940098,211952091.33639914
021062,950451,940087,224112711.64363673
021075,940093,950468,161186348.08822677
950485,021075,950468,209989007.1691035
021075,950485,950469,250610027.33913112
021075,960702,940093,159506960.8429083
960705,950471,021078,134690501.84886634
960686,950471,950413,
950471,960705,950413,
021039,960686,950413,307644201.0718439
950411,021039,950413,200877683.66531935
021039,950411,960669,328651959.7034237
950452,960710,940089,137253107.73756704
960710,950452,960688,243447621.76143515
950474,950477,021081,237717161.69920215
02P206,960759,960594,648009520.749967
93034,960759,93067,121887676.38917853
960759,93039,93067,127734716.06039666
93039,960759,02P206,262776297.6556711
93055,960599,02P206,
93090,03S045,970819,41056047.8732879
93095,93098,091178,36664341.75418311
091178,93098,950314,
93098,071160,950314,
93096,93098,93095,49053097.81120853
960606,950264,940048,51038491.72568344
950253,940052,950245,
940053,02P111,950252,
960755,93019,93011,121080398.00543903
960755,93063,960758,92069315.13720432
93019,960755,960758,111417620.34869823
93024,950226,93021,
950243,950247,960569,157006347.98769176
950243,950235,950245,
950203,11S070,950201,123384292.9589315
091176,950203,950201,269267070.96985745
950203,091176,101181,255129883.46730998
020892,950150,020894,280706153.8529514
950150,020892,02P204,279079480.13419807
950149,970794,960530,431299916.82515603
950364,940068,021009,235654597.46018428
021008,950364,021009,189283257.97723395
940068,950364,960764,212134637.19860408
950364,950334,960764,204514825.02471584
950334,950364,021007,128092033.41384551
950351,950348,950349,106901642.20232645
960761,960763,950335,43358956.428524226
960763,950365,960764,76384722.75939201
950365,940068,960764,87802426.64050679
940068,950365,950366,112793964.86318429
960761,950365,960763,80412216.482555
041139,03P214,950314,
03P214,041139,960637,
021010,950367,021009,182384495.36113945
021000,950367,111188,181658087.38903946
950367,021010,111188,195334694.6056697
021012,031111,950373,58689094.87541464
021012,031113,950376,50611318.580952026
950316,071155,03P214,28917583.587473195
071155,950376,950314,
03P214,071155,950314,
071155,021012,950376,37144259.935770944
071155,950316,031111,69775357.73780735
021012,071155,031111,59084431.46448611
950320,950319,960639,179521684.9444691
950319,950322,960639,195610259.2755818
950319,950320,950318,109653256.92664787
960763,960760,950335,52995373.9629982
950334,960760,960763,126846150.22262295
950326,950334,021007,145670313.22773325
950339,950370,950366,120839097.15733536
041130,970826,950373,150340799.96002966
021012,970826,031113,124854802.05339198
970826,021012,950373,146855202.4170253
950370,960650,051146,118870809.41439301
960650,950368,051146,167906228.40188444
950339,960650,950370,62749139.726266645
960650,950339,950337,91451896.14051853
950368,021004,940069,118447798.31522273
960652,02P117,950369,91684634.49334055
02P117,960652,940069,16542274.570094751
02P117,021004,950369,135400571.64624536
021004,02P117,940069,25968771.887549352
950372,960652,03P215,12050864.994249484
960652,950372,031109,74164387.85626042
960652,950422,03P215,
021046,950428,940077,
071161,020997,950306,105019718.02690004
041136,071161,071160,38914892.816390894
950306,950307,950314,
950307,031104,950314,73707641.4276075
031104,940065,950314,128699020.31317994
950317,950260,940056,108938357.32631345
950260,960580,940056,155133851.9856968
950352,960649,950354,116996513.86755085
950345,960649,950349,180042076.20485798
960649,950352,950349,156241966.44902578
960645,950327,950382,
960640,950327,960645,76506601.88600346
950327,950252,950382,
02P112,950327,020975,
950327,950259,020975,
020878,05S051,940009,95640083.75808713
940009,05S051,950167,
020878,950118,950113,203058273.71552455
05S050,960519,950119,43552549.386714935
960502,020853,020854,429287414.65317374
020853,960502,970780,382353230.76120394
960502,020854,940002,305722585.1756961
950103,960502,940002,
970780,960502,950103,
950126,950120,020875,244934412.7420553
950106,950120,970785,
950120,950106,020875,
950130,950140,960525,516638547.08671474
950140,950131,020888,350070870.1743027
020888,950131,020875,
950131,950126,020875,
950130,950131,950140,500647659.1111171
081173,960533,950141,
960533,940016,950141,
960533,081173,020894,
940016,960533,950142,
960533,950158,950142,
940016,020890,950141,292179324.1292452
020890,940016,950142,199084528.1558769
950146,950140,950143,435250486.96582985
970794,950146,950143,371187977.5229188
940022,960529,02P204,22819744.191154104
020892,940022,02P204,46420090.83379928
950136,950139,950141,
960755,960754,93063,111849078.66421717
950110,020857,970782,317486498.51130414
950107,020857,020858,165898337.69105986
020857,950107,970782,277114543.0318279
950167,940019,111184,
960505,970784,940004,384610762.34408283
970784,020870,940004,317852780.7258445
960503,02P202,020859,
950108,02P202,960503,
02P202,940004,020859,
02P202,960505,940004,49853387.154053226
950116,020878,950113,306598447.86057603
020870,950116,950113,165999101.86552963
950112,05S053,940010,
950378,021014,021016,92540608.32218619
02P118,091180,960645,14723336.769034354
091180,081167,960645,117291348.65313354
081167,960655,950341,162690964.99139723
091180,960655,081167,183865930.72048187
021014,960655,02P118,144001193.1498649
960655,091180,02P118,16630964.021403309
960655,970823,950341,201178966.25075242
970823,960655,950390,349721801.21641564
950328,960640,960645,199447961.8249986
021026,021015,950379,214511279.25877997
950383,960656,950382,
960656,021015,950382,
021018,960656,950383,
970829,940086,031118,232724767.2539318
960680,940086,970829,232645913.25712842
940086,970828,031118,365004690.68561816
940086,960680,960672,411207912.27049065
021035,960768,061151,233201271.5905012
950434,960680,031117,146715289.65745994
950436,950434,031117,179860806.11526904
960659,960658,021025,176375492.94182682
940076,960659,021025,189893437.411195
021037,960659,940076,432451017.28395736
950409,940076,950407,285915611.3536818
950409,021037,940076,314947199.04587966
021037,950409,950412,214267093.85971946
950411,950409,950407,243221988.45511052
950409,950411,950412,235562754.39552552
021024,02P209,950388,115294547.34897664
960658,021024,950388,190646007.48138782
02P209,021024,940075,109516560.71928325
021024,950399,940075,217536941.80709678
021021,950384,950386,112782986.24782263
950384,021021,021020,159364396.29641494
021023,950400,061151,237044292.35919043
021030,950385,021020,128978987.46341068
031126,021058,950449,118929554.45796345
031126,950449,021059,117097312.88676341
940085,031126,02P211,
031126,021059,02P211,
950448,051141,021058,103857250.25350617
041134,021049,950447,145021594.7022171
021049,041134,950436,153203206.4637957
021049,021050,950447,128966801.97854656
950443,031119,970830,150825978.45599657
021058,051142,950449,75116663.42114457
950449,051142,021059,81872163.36289062
041133,960681,031118,137997639.7336662
960681,970829,031118,187364835.89637324
960714,021076,950469,201038768.55998182
960715,950481,950482,305386337.7957122
960714,950481,021076,325182443.25302345
021084,021088,02P122,
021084,950480,021088,
940095,960715,021088,202526387.18967834
950483,960716,02P211,92112394.86104275
950484,960716,950483,152624048.5267358
960716,950492,02P211,
950492,960716,960724,
950491,950492,960724,
021067,960690,950460,181160922.39627752
021067,950460,970832,201006014.58457035
021067,02P210,960772,220243309.33144063
02P210,021067,970832,253747208.27507657
940091,021065,950458,330765640.7039512
960690,940091,950458,
950450,021062,021065,122080455.35865548
021066,950450,021065,189563546.2044981
950450,021066,950454,229882483.2903569
950467,081168,950487,
950467,02P210,081168,286869883.0025342
940093,960773,950468,302549917.8213477
960696,960773,950464,228697162.1489632
960773,940093,950464,415646048.980526
960777,940096,950487,
940096,950467,950487,
950467,940096,960717,177510996.57904622
940097,021091,021092,105273124.38824493
021090,950484,950482,214420960.32441568
960716,940099,960724,
940099,960716,950484,146501024.26043203
021090,940099,950484,308492071.23370653
940099,021090,942004,258757516.22488186
960726,960728,960731,
960731,960728,960729,
960728,960725,960729,
960728,960727,960725,146088869.3097643
960727,960723,960725,416093440.59971446
960777,960723,940098,
960723,960777,960725,
950491,960723,960727,
950461,970831,950454,408240245.3365754
960701,950465,081169,233688128.75042003
960700,960710,960688,317346206.7928339
021076,021073,950469,144147705.92098063
021073,021075,950469,133617753.78359257
021073,960702,021075,169986103.6703272
021073,021076,081169,318035395.3886743
960702,021073,081169,197320075.39388984
950465,021071,081169,167924317.25982386
021071,960702,081169,156384174.20872724
960702,021071,940093,110393313.42673376
940093,021071,950464,289512112.0642015
021071,950465,950464,157392148.92900524
960718,970837,950485,195031433.91399193
950489,021090,950482,156448299.22936994
021090,950489,942004,152240046.8484043
950470,960705,021077,138005706.30819583
950470,950412,950413,497897047.0897286
960705,950470,950413,518868046.42137444
950471,021064,940089,218674408.02395037
021064,950471,960686,126076296.22451454
021064,950452,940089,186694319.98594484
950471,960707,021078,170894355.24599528
960707,950471,940089,193910470.93974403
960670,960669,950408,166375141.12437794
960670,021039,960669,129192100.33923863
960670,940079,021039,168497689.47292644
021060,940079,950408,282210251.28940237
940079,960670,950408,204087288.0540133
960687,021064,960686,125336173.0887267
021064,960687,950452,152738091.81259385
950476,02P122,021080,
950466,960701,081169,110972794.31566389
93047,02P206,950227,10155212.41200546
93039,93047,950227,111462176.3633746
93047,93039,02P206,41318578.57467163
93044,020959,950227,77974804.18704812
020959,93039,950227,89035432.391676
93020,93025,93027,123874068.81200998
93024,93020,93027,124168964.68979058
93059,960599,93055,
960601,960600,141202,
95113,960601,141202,
02P206,960601,950227,
960599,960601,02P206,
93098,04S048,071160,34746562.495557964
03S045,93089,970819,34811381.82345762
93096,93089,03S045,52680281.65029587
93052,93096,93095,49904508.54129193
960624,93052,93095,65697803.611611314
93052,960624,93093,11453609.996506782
93052,93089,93096,44480689.24280118
93097,93096,03S045,56970898.37097089
93096,93097,93098,67383747.6087461
93097,04S048,93098,21385201.612637494
93090,020847,93084,171493042.85550955
02P114,950296,990838,148104831.24975777
93063,93029,960758,93918914.7218267
93046,92106,970813,41349238.48952551
960607,93064,93070,122666253.7481297
940052,020967,950245,160349136.8680005
93019,93028,950228,139940918.702571
93028,93019,960758,102773719.76093173
93029,93028,960758,88563854.6439239
081171,93019,950228,70691641.89084996
93011,081171,93013,168092137.72917712
93019,081171,93011,174427604.75325415
93026,081171,950228,27252110.874933604
93016,081171,93026,167500193.84674883
950224,93016,93012,117755362.57300073
081171,950224,93013,131058767.61181703
950224,081171,93016,99591922.07671587
93025,950225,93030,144038922.88306823
93033,93024,93027,82050634.7813579
93024,93033,950226,152250283.42937288
93033,960756,950226,111031265.98119672
93025,93033,93027,70832712.51340115
960756,93033,93025,155481236.5813742
970810,970806,950237,112989323.58790344
950233,960566,950237,
970806,950233,950237,
960565,950233,950232,119088859.01413152
950233,02P109,960566,
02P109,960565,950235,8854475.363288885
02P109,950233,960565,86405231.565154
020964,950241,960569,162167837.6548262
950241,950243,960569,169161213.04870105
950243,950241,950235,
950241,02P109,950235,
950266,020967,00R015,353400373.9801475
950203,05S054,11S070,
05S054,950203,101181,
960550,05S054,93022,
05S054,101181,93022,
950164,940028,111184,141498878.9757785
020893,950150,02P204,336541302.8831513
950149,020893,970794,311472585.63080287
960529,020893,02P204,173772687.4650971
020893,950146,970794,326946067.59466493
950146,020893,960529,280366832.56011987
020893,960534,950150,
960534,020893,950149,
950232,02P104,960527,
02P104,950154,960527,
07S065,960550,02P213,
07S065,02P213,021098,
960519,07S065,021098,
07S065,960519,950167,
950343,950345,950349,169534968.5946711
950329,950343,950331,180196038.6874583
950348,950343,950349,120717010.58743548
950343,950348,950331,162875950.795293
021002,950329,950331,156691403.5862428
950336,960761,950335,99221084.59672385
960761,950336,950337,87603639.21614067
061149,041139,950314,41069081.12580585
041139,061149,960636,108947212.61252554
950367,970824,021009,146564487.46362674
970824,021008,021009,195857111.5320404
970824,940066,960637,165532763.07277027
021008,970824,960637,384637346.25122845
950316,071156,021000,42923290.27283695
071156,950367,021000,89748082.46219432
950261,950319,950318,132770068.66577226
940056,950261,950318,118008980.99398486
960580,950261,940056,250583647.5993706
950261,960580,950259,180962104.99185133
940067,950336,950335,144608976.92536813
950319,081170,950322,118808370.37723088
960760,960644,950335,46639741.58526126
950320,950321,960638,138833372.35379973
950324,960760,950334,101345772.61872268
950326,950324,950334,160239817.9735253
950324,960644,960760,46718844.323591836
950322,950324,960639,161009221.79887187
950324,950326,960639,158196113.74205038
950338,950365,960761,77531493.56486085
950338,960761,950337,103442100.07004066
950339,950338,950337,50322998.34883436
950365,950338,950366,71503893.36330716
950338,950339,950366,39985915.49550951
031113,940070,02P208,4325673.053460066
970826,940070,031113,65780229.01258608
950371,021011,051146,111795913.55485223
950371,031110,021011,91443084.12552212
031109,950371,051146,87199303.41847546
950372,950371,031109,158792968.51352748
950374,031110,121193,67252228.48814352
950374,041130,021011,73943853.85454497
031110,950374,021011,103272882.63231204
141203,940070,970826,74361556.95194781
940070,141203,02P208,3253849.033965856
141203,960653,031122,
141203,031122,051140,
02P208,141203,051140,
950340,021004,950368,108123457.78593013
950340,960650,950337,157757466.125552
960650,950340,950368,128997539.21216819
021004,950340,950356,284553300.73512745
950361,950360,950362,108831522.72917517
950358,950352,950354,112744180.89214073
950360,950358,950354,185191681.81936854
950423,950424,031122,
950431,950428,021046,144787389.98533818
950424,950441,031122,74649996.32555382
960675,950441,950424,113276608.61648884
950305,950307,950306,187791710.29437846
020997,950305,950306,155940981.4927771
950305,020997,950303,147515732.58818516
061148,940065,950304,226212501.53884837
061149,061148,960636,87950770.13808657
940065,020998,950304,135814640.0143601
020998,940065,031104,147813883.60121492
950307,020998,031104,100499381.6046232
950305,020998,950307,156036967.47346187
960633,950294,021101,143078041.6390203
950291,950294,031128,137114817.188477
950300,020994,960629,146448303.82940564
940055,950255,02P112,44816083.24313984
940055,02P112,020975,29095224.319097117
960648,950347,950345,182829171.04201567
950347,960649,950345,145947953.8049578
960649,950347,950354,162980909.8811578
940057,950327,960640,161813994.8408647
021002,940057,950329,215133499.4356444
950327,940057,960641,165576591.18031773
940057,021002,960641,162200711.71123612
05S051,950125,960531,76347288.90209629
950125,05S051,020878,148117754.66639367
950116,950125,020878,252043097.5489626
960512,020878,940009,202750853.75042674
960512,950118,020878,204587712.94844294
960519,960512,940009,212693595.73278704
020884,950120,950126,321176701.23827773
020884,950130,950129,303671716.0232213
020884,950129,940013,254350994.92617735
950137,950130,960525,137286491.11786297
950130,950137,950129,254627770.13304698
061150,950137,960525,55045880.456785426
950129,950137,950135,234511001.0145854
950137,061150,950135,107570435.18827935
950131,950127,950126,141289461.0849446
950127,950131,950130,311478359.0189505
950127,020884,950126,106298093.74069782
020884,950127,950130,247021342.37169352
020890,950133,950141,298286989.4787237
950133,970790,950141,
970790,950133,940012,342066656.0374153
950133,020885,940012,193092396.38232875
020885,950133,020890,260284023.83346492
970790,950132,950141,
950132,950136,950141,361569586.4592856
950132,970790,940014,377520501.77883077
950136,960523,950139,223030150.89545944
950139,960523,950135,316075143.13094556
950246,950240,020962,263286153.6980151
950265,950247,950267,220187477.75905746
950247,950265,960569,238829025.7223871
950265,020964,960569,318519321.8043802
020955,020954,940045,262191603.4465498
960753,960754,960755,146566038.5494843
960753,93011,93005,144025029.06539813
960753,960755,93011,160224791.82382566
960592,020955,940045,155143275.39731124
020979,960613,950272,151048607.29418993
960613,020957,950272,231692150.4107527
960506,960510,020858,314147421.35666496
020857,960506,020858,188822125.0211662
020885,020880,940012,176138859.37116483
020862,020857,950110,190293957.478403
020862,960506,020857,406387924.26494217
020865,950110,960509,326515109.21255547
020865,020862,950110,116680489.90836558
03S047,960532,940015,265084566.3251459
940019,960532,03S047,281594383.38794273
05S053,960532,940010,
940010,960532,960531,
960532,05S051,960531,
05S051,960532,950167,
960532,940019,950167,
07S064,940019,07S063,
950144,940019,03S047,227517270.47419658
950158,950144,950142,
950144,950158,07S063,
940019,950144,07S063,
960507,970784,960505,364683034.6544223
960507,02P202,950108,251995231.320736
02P202,960507,960505,29740471.59970712
950125,960515,960531,223021130.1671749
960515,950125,950116,311104650.3399178
950122,960515,940005,296469356.5824911
960515,020870,940005,269104056.2584208
960515,950116,020870,134496143.0226389
020863,020866,950111,233938631.9495957
960504,020863,950111,275518481.16820556
960510,020863,960504,431005935.541135
020867,091177,960510,238205572.26419705
960506,020867,960510,247795274.9710441
020867,960506,940007,421528256.0857462
950121,020874,131199,189385013.01031938
020874,950121,020866,648696019.1854265
091177,020874,960510,
020874,020863,960510,
020863,020874,020866,
960532,950138,940015,100183615.83341815
950138,960532,05S053,
960521,940011,131199,330746992.2529216
950121,940011,020883,118946374.36959305
940011,950121,131199,283426346.2430496
960674,111189,121192,138766486.121288
960766,950394,940077,293299834.29735875
950417,960674,121192,147373623.36929026
950342,960648,950345,172161092.87611657
950342,970823,960648,169394235.89563534
950328,021001,960640,170858730.20914403
021001,940057,960640,229816700.01423857
940057,021001,950329,143544526.0881904
021026,041135,021015,215065868.91041723
041135,021016,950382,
021015,041135,950382,
950381,960662,950379,193168247.80730158
960660,960662,950394,336302965.1993569
960660,021026,950379,175142486.7525615
960662,960660,950379,260578640.91490835
940077,021032,960767,170936593.49280864
021015,111187,950379,106662599.21331476
960656,111187,021015,174130182.93697068
111187,950381,950379,150268947.65447408
940074,960656,021018,112372641.61371525
940074,021018,021020,131060839.50088239
950385,940074,021020,147853416.08884624
940078,021035,061151,149860351.32731438
021024,071164,950399,131390360.81664634
071164,960658,960665,264884893.84978643
071164,021024,960658,266590542.7712754
071157,071164,960665,141773794.9995246
021036,960666,960672,232275980.60382098
940078,021036,021035,196453255.22077486
021036,940078,960666,148265371.20359904
960680,021036,960672,
950434,021036,960680,
021031,950401,960663,191608915.6333772
960667,960768,021035,131093484.08387122
950433,021048,950435,153538831.1443638
021048,950434,950436,158730094.95457217
021048,041134,950435,134746706.89479762
041134,021048,950436,261903868.82932365
041137,950474,021081,112153699.99362962
021082,950475,021081,121083404.56011514
950475,041137,021081,162714173.83796448
021038,960769,960665,165244465.98886386
960769,071157,960665,136034784.10390297
960666,960769,960672,389515290.2841655
071157,960769,960666,205638343.06235617
021040,940086,960672,514103335.77260125
940086,021040,970828,
960659,950410,960658,196942500.35533845
960658,950410,960665,350036572.42044413
950410,021038,960665,264860082.62719375
950410,960659,021037,230194071.4420337
950387,021021,950386,186534175.16968757
950387,021023,960663,145780388.82683536
021030,950387,960663,201682697.40339088
021021,950387,021020,271530797.9662441
950387,021030,021020,252404940.63138786
960657,950400,021023,232075606.2881996
021022,960657,950386,141753462.20650196
950399,960657,021022,187564891.8668552
960657,950387,950386,358688108.18063104
950387,960657,021023,194827184.10652626
041132,950433,950435,121453466.3692232
041134,041132,950435,99160601.0559058
041132,041134,031123,90103910.69200037
950443,950445,031119,95850097.55575573
031119,950445,940083,106652217.5160909
02P120,950443,960683,9200737.607659409
940084,02P120,960683,4645309.061710483
02P120,950445,950443,96663901.26333356
950445,02P120,940084,49201483.71071786
031125,950448,021058,103234898.05134413
031125,031126,940085,92580851.62694941
031126,031125,021058,165509724.9404189
960684,940084,960683,35552835.88595067
031124,051142,021058,81574875.97878887
031124,051141,950447,87266188.28279126
051141,031124,021058,73714371.89970581
021050,031124,950447,103316236.28646645
051142,031124,021050,156509709.11848795
950437,041133,021059,87758679.01648809
051142,950437,021059,134408267.29320294
950437,051142,021050,91622698.41708846
950437,960681,041133,73799418.00684115
960681,950437,021050,91821776.89977705
021049,081165,021050,160651433.525484
081165,960681,021050,83621773.77291508
081165,021049,950436,106292252.28068982
081165,950436,031117,122958088.30533363
970829,081165,031117,113791411.05006616
960681,081165,970829,103300918.11854963
950481,021087,950482,93691284.06664434
021087,950481,960714,141430906.5175513
021087,950489,950482,162882615.90073636
940094,021084,02P122,29446005.35614684
950476,940094,02P122,61177809.101471856
940094,960711,021084,97128856.52154014
950477,960711,021081,301884820.110026
960711,021082,021081,311445730.5532684
960711,950476,021082,271969183.9599005
960711,940094,950476,209225961.02555394
950480,960713,021088,35670938.77372527
960713,940095,021088,20273298.715471145
950481,950479,021076,317978130.7509882
950489,960722,942004,165444847.28184754
950492,950493,960726,181152456.99623382
950491,950493,950492,
950493,960728,960726,197357432.10031915
950493,950491,960727,
960728,950493,960727,172042111.53243643
021067,960689,960690,186529955.8155783
960689,940091,960690,329321827.6111588
960689,021067,960772,131598910.67062815
960771,950450,950454,243741779.69020498
970831,960771,950454,233848881.8954749
960771,950451,021062,251195146.28449425
950450,960771,021062,191838178.71005
021066,950455,950454,171739833.65658504
950455,950461,950454,367580162.6681609
950455,960689,960772,174712285.65207976
960689,950455,021066,155733884.4990366
950467,960774,02P210,333363547.4113026
021091,950488,960777,298827888.0196579
940096,970834,960717,168742938.55547792
970834,950485,950468,280439107.50718606
970834,960718,950485,218534331.19263062
960721,940097,021092,132887947.3492906
960722,960721,021092,85780556.41987568
021093,940099,942004,211535450.72967717
960722,021093,942004,176591139.7066938
021093,950491,960724,
940099,021093,960724,
021069,970831,950464,117085724.73347321
021069,960700,960688,195580238.1288465
950465,021069,950464,177712363.77178425
960700,021069,950465,107043683.51593673
960694,970831,950461,154010930.6127331
960694,960696,950464,89315414.35802725
970831,960694,950464,240362386.96628356
960700,021070,960710,128610268.13708262
960701,021070,950465,168720432.79386398
021070,960700,950465,107490635.75158387
970837,960776,960719,177785582.5741514
960776,960721,960719,72854038.10733582
960721,960776,940097,153435124.56395513
940097,960776,021091,113429872.77709764
960776,960718,970836,56528882.62839978
960776,970837,960718,182979905.25328338
950488,960776,970836,107893411.78481133
960776,950488,021091,254908210.9042358
960720,960722,950489,62992621.192464285
960721,960720,960719,23892075.996771768
960720,960721,960722,33950753.569733754
970837,950486,950485,196394820.28243524
950486,021087,960714,206683741.5327399
021087,950486,950489,280484635.8971474
950485,950486,950469,370081785.53828573
950486,960714,950469,169471433.11457017
970828,950473,021080,548593257.4105163
960707,970833,021078,175791707.17170134
950474,970833,960703,142690717.3375609
021039,021061,960686,159154324.65966073
940079,021061,021039,139436814.31333154
021061,960687,960686,181350727.6850932
960685,940079,021060,189815206.96686664
960685,021060,940087,260295754.4621264
960685,021061,940079,183258995.1517125
021061,960685,960687,165960022.9995165
950474,960704,950477,294537380.6728032
960704,950466,950477,133431274.05648977
960704,950474,960703,117254369.98844042
960701,960704,960703,69368344.00513229
950466,960704,960701,78041246.93123494
93020,93015,93010,78790839.33725874
93015,93020,93024,92038921.17409046
93015,93024,93021,188287379.03477967
02P107,93044,950227,84485588.25291257
950226,02P107,95113,
960601,02P107,950227,
02P107,960601,95113,
93037,93025,93030,124395716.78672335
93037,960756,93025,117955354.56349039
02P107,93037,93044,184412957.68221927
93037,02P107,960756,82025040.14045121
960601,93060,960600,55609355.26860968
93060,960601,960599,24776748.313047115
93060,93059,960600,17983964.799238496
93059,93060,960599,12312282.17577899
970821,041136,071160,28596518.50692569
04S048,970821,071160,33908135.562460266
93078,93073,93074,146498640.46121177
93089,02S043,970819,22578925.135415647
93052,02S043,93089,39146882.42747853
031102,950275,950277,311309290.24086905
93073,031102,93074,147938497.72979778
93038,960607,93070,191757749.24436814
020960,93035,93034,77432772.34061277
020960,93029,93035,66493792.33122858
93028,020960,93034,98726232.66265152
020960,93028,93029,75141536.52956024
93029,93066,93035,89349166.91904904
020984,950268,950267,228309983.5317916
020847,960616,93084,239922688.60434687
960616,020847,950277,204582923.32729143
950263,020979,950272,140631358.14441434
960612,950263,950272,263010170.6517358
031102,950263,950275,
960612,950271,00R019,143076379.26344484
020984,950271,950268,250839986.5138473
960577,071158,940054,83123130.59923412
960575,940053,950252,
950327,960575,950252,
960575,950327,02P112,
950255,960575,02P112,
960575,950255,020973,
960575,020973,940054,
071158,960575,940054,
020971,950253,950252,
02P111,020971,950252,289428352.6533469
020971,02P111,940053,13865866.457839867
960574,940052,950253,
020971,960574,950253,152418172.66119847
960574,020971,960576,182458594.36689565
020966,960574,960576,170344636.44935158
020966,960576,071158,243018598.99850202
960577,020966,071158,236711228.86213204
020973,960578,940054,131253015.974567
950255,960578,020973,172225712.70137453
970804,93026,950228,107424997.3609461
93028,970804,950228,122324974.08275604
970804,93032,93026,82607265.4181171
970804,93028,93034,53973265.838471554
970804,93034,93067,109630415.21114567
93032,970804,93067,113462043.39987506
93032,93036,93026,122280842.74643755
93039,93036,93067,140310426.91382912
93036,93032,93067,139810461.979729
93020,93014,93025,248367028.57172427
93014,950225,93025,205937127.85894507
93014,93018,950225,88418408.34305851
93018,93014,93012,107044484.78343517
93002,020947,960590,287937444.17576736
020947,950213,960590,148744666.40702048
950213,020947,960581,219271725.23812038
020947,940042,960581,264624595.42252246
970806,950238,960571,86727190.6096131
970810,950238,970806,141458155.83418456
02P110,950241,020964,183291527.13844743
950241,02P110,02P109,
940046,950266,00R015,140330308.71349365
950266,940046,99R004,120122274.45905188
940046,950270,99R004,89287418.56123754
960570,950243,950245,116704697.75824511
950243,960570,950247,403453206.40140426
020967,960570,950245,168374450.86312842
950266,960570,020967,405160238.2289712
05S054,14P125,11S070,
020946,970800,020944,176502233.05495462
970800,020946,950214,126123678.3831429
950211,020946,020944,178792729.69848505
020946,950211,960581,269706419.9722774
940041,091176,020944,183364179.8215908
970800,940041,020944,94241447.9418847
091176,940041,101181,196507809.89818713
101181,940041,93022,
940041,950214,93022,
940041,970800,950214,34118839.18329176
950214,07S069,93022,
940042,07S069,960581,204021237.70797542
07S069,020946,960581,241420533.0293147
020946,07S069,950214,51458608.194660865
950211,950212,960581,182148655.64702865
950205,091176,950201,164065325.00398603
091176,950205,020944,105468700.18503277
950205,950211,020944,133292000.30175057
020943,020940,010845,155529564.2753112
950205,020943,950211,188744857.0996771
020943,950205,020940,235979942.66213968
020903,950158,950156,246167240.22030586
950158,020903,07S063,151385239.89960313
940024,960533,020894,237428557.18816507
960538,950151,960542,261437184.71437335
950151,960534,960542,212258527.41552714
940023,950149,960530,410236533.8316462
940023,02P102,960527,
02P102,940023,960530,
950154,940023,960527,
020898,940023,950154,
091174,020898,950154,264672390.08543494
020940,960560,010845,157821943.60562098
960560,960559,010845,211104581.10911545
970797,950178,950180,219091923.32327086
960560,07S067,960559,94053087.79307553
07S065,02P205,960550,
960547,020905,970795,380977467.65584993
020905,960547,950164,244745890.9087864
950164,960547,940028,333925918.9586181
940028,960547,950167,142413146.97560656
020907,960547,970795,254585658.9607984
960547,020907,121191,336352371.71778315
950163,020907,970795,287007334.582015
020907,950163,950166,309899241.0174849
950163,950165,950166,248151438.5748781
950165,071159,950166,290635349.37550855
950343,960647,950345,152067289.44314626
960647,950343,950329,139037217.25861442
021001,960647,950329,112150544.01463892
960647,950342,950345,170330916.8617936
950342,960647,950328,291518703.44116676
960647,021001,950328,187102122.28147322
020999,041139,960636,109917875.22797857
950309,960633,021101,147889191.55523992
950309,061148,950304,454876948.7051773
950321,051143,021101,409380920.5717627
031107,970824,950367,200296104.4923517
940066,031107,03P214,24352376.42559224
970824,031107,940066,102609312.2309512
950348,950332,950331,204791193.5221014
940067,950332,950348,257032561.2434636
940067,950355,950336,108211089.60784954
950336,950355,950337,114446345.5367046
950355,950340,950337,179686091.59057096
950340,950355,950356,333059280.39392215
950261,020978,950319,141490335.8311299
020978,081170,950319,209336235.99720684
020978,950261,950259,
960643,081170,021003,108725446.26034425
081170,960643,950322,75054093.72388661
960643,950324,950322,112454242.29163139
950324,960643,960644,68185872.22057177
950371,071154,031110,57884591.951197185
071154,950371,950372,182450685.92352867
031110,071154,121193,40255912.123866595
071154,950372,03P215,50555571.56528174
031112,950374,121193,75482689.31894517
071154,031112,121193,33809692.83357994
031112,071154,03P215,44751322.23605129
960653,031112,031122,
031112,950423,031122,
950363,950361,950362,82743284.28461233
950361,950363,950369,176640861.43274188
950363,960652,950369,438903492.5871733
950363,950422,960652,
950359,950358,950360,101840317.79832524
950359,950361,950369,270920712.5155475
950361,950359,950360,127954150.11797275
021004,950359,950369,251933209.02678877
950359,021004,950356,298665912.1196721
950352,950359,950356,186651482.93664122
950358,950359,950352,54989187.26099059
960673,950363,950362,74775220.35463499
031112,03P216,950423,
950422,03P216,03P215,
03P216,031112,03P215,
031120,031121,950442,116035344.93134134
950445,031120,940083,63814335.52667735
031120,950445,031121,
950439,031120,950442,137104518.47847217
031119,010846,970830,121436649.28273216
010846,021046,970830,144646084.1220083
010846,950431,021046,129765972.80417886
950431,950419,950428,96174895.80915609
950419,960674,950428,148436500.39123043
960674,950419,111189,114730943.58056104
950423,031116,950424,106771810.37503095
03P216,031116,950423,41357456.35816847
93102,020997,071161,92561579.42026946
020997,93102,950303,80187180.31900269
031105,061149,950314,74066538.62159266
031105,061148,061149,93607757.37705861
940065,031105,950314,38812218.71791419
061148,031105,940065,63662979.27374777
940063,950300,960629,117340142.42262226
960631,950299,960633,164004833.4037108
960631,960632,950304,27190700.77524744
020993,970812,950291,43669399.50613363
950321,970812,960638,165299837.889317
970812,950285,960638,291934213.04434305
970812,020993,950285,93203805.43789347
970812,950321,021101,317272792.7687982
950294,970812,021101,136264552.93934765
970812,950294,950291,60236221.631623104
950299,970822,960633,103506796.73118864
970822,950294,960633,211721591.17670876
950294,970822,031128,124950957.84616606
970822,940060,031128,126560296.03478609
950260,960579,960580,122091980.05469832
960579,940055,020975,169803354.23393384
960579,950257,940055,133640749.65510064
950259,960579,020975,153845745.65440485
960580,960579,950259,113635669.08781385
960512,020869,950118,183873137.4442505
020869,950115,950113,113459391.89626059
950118,020869,950113,178690159.77941436
950115,020869,950109,
950109,020869,950119,
020869,05S050,950119,
960517,020884,940013,104672357.00982954
020884,960517,950120,169443597.4013571
960517,940013,970785,
950120,960517,970785,
940018,950147,081173,
950147,020892,081173,350243200.91176265
940022,950147,960529,72337312.51876004
950147,940022,020892,204537034.41215405
950139,970792,081173,
970792,940018,081173,
970792,950139,950135,320053634.21499246
061150,970792,950135,201835047.42375478
940018,970792,061150,125687090.37261921
960526,061150,960525,49619531.780943744
960526,940018,061150,35585522.83010307
020877,020872,950117,252437827.04567218
950117,020872,970785,210251510.64644665
020872,940008,970785,328976150.86772734
020872,960509,940008,515084987.98614526
960522,960523,950136,189837688.24855947
960522,950132,940014,236324061.7237269
950132,960522,950136,280893537.21154916
940013,020876,970785,
020876,950117,970785,129054780.46054846
020876,020877,950117,234174018.88959128
960523,950128,950135,355332973.3546198
950128,950129,950135,449821510.27594084
950129,950128,940013,514181045.60096395
960522,950128,960523,212177149.18063414
950239,950240,960568,168400834.8618585
020961,950239,960568,90208793.9672387
950239,950238,970810,110659608.59363125
950238,950239,020961,86520645.25534102
950240,970807,960566,64800462.95756972
960566,970807,950237,60309890.03195765
970807,970810,950237,116055705.79064626
970807,950239,970810,118982668.95748913
950239,970807,950240,199350235.39649558
020952,950242,950246,275635922.5630902
950240,950242,960568,170676406.21088913
950242,950240,950246,195876532.0650442
020963,020961,960568,319142575.1652544
020961,020963,950206,317511859.582268
950242,020963,960568,241172423.37287557
020963,950242,020952,502778888.4800253
020963,020952,950220,322494917.21420914
020964,950244,020962,102904738.47584891
950244,950246,020962,156866149.59025314
960752,020954,020955,159695119.93707222
020952,960752,950220,243712864.94334263
020958,960613,950264,365836932.3324387
960613,020958,020957,414851710.7047927
020956,960753,93005,108578650.90650854
020956,960592,960753,249924101.0829121
950222,020956,93005,124919347.0814593
960592,020956,020955,158860348.64865702
020956,960752,020955,196113461.1636798
960506,960508,940007,167253293.04863515
020862,960508,960506,244564432.27329966
020865,960508,020862,196995414.6429309
960508,020871,940007,219278758.1443477
020871,960508,020865,256530200.0846049
020871,960514,940007,308974030.615951
020880,960514,940012,270808467.4252816
960514,970790,940012,
970790,960516,940014,461104220.29814494
960516,020877,940014,265981155.7003283
960514,960516,970790,
960516,960514,020871,503069430.7108332
950162,950164,111184,94654859.5830454
950162,07S064,950164,90829884.33407897
940019,950162,111184,
07S064,950162,940019,
940027,020905,950164,182584735.2810511
07S064,940027,950164,180047526.84708956
940027,07S064,07S063,104638980.64039677
020903,940027,07S063,234386671.9003043
940027,020903,020905,316477378.39325035
960507,05S049,970784,212707779.09093496
020870,05S049,940005,134615933.27993554
970784,05S049,020870,149599171.1998657
05S049,960513,940005,184861027.04323432
05S049,960507,960513,606830643.4150044
020861,960503,950111,311432991.9593138
020866,020861,950111,243911426.447661
020881,940010,960531,236491557.68555042
960515,020881,960531,235006697.48604357
020881,960515,950122,160136113.5402039
970787,020867,940007,262701275.55480877
960514,970787,940007,245298852.40894878
970787,960514,020880,265011046.1330071
970787,020880,960518,292167910.2462966
091177,970787,960518,290225334.3615106
020867,970787,091177,361084715.21476984
020879,020874,091177,187686346.30944127
020879,091177,960518,161744042.17918968
020879,960521,131199,323605519.2890785
020874,020879,131199,195298413.72764724
020887,020891,03S047,
950144,020891,950142,156890850.64401805
020891,950144,03S047,195168870.70893365
020891,020890,950142,304926016.09948146
020891,020885,020890,
020891,020887,020885,
020887,950134,960521,194642751.43798432
950134,020887,03S047,
940011,020886,020883,227840293.9395188
950112,020886,05S053,142054711.03730175
02P203,950112,940010,46788556.396457806
02P203,05S052,950112,94949637.05459793
020881,02P203,940010,54657419.538398854
02P203,020881,950122,181864512.19751084
960513,950124,950122,308824061.64751285
950124,02P203,950122,254502102.63284156
02P203,950124,05S052,151422730.6781164
000843,950378,021016,250494059.14020947
950392,960660,950394,282082175.12910324
960660,950392,021026,196100951.2943581
960677,960766,940077,231879726.41191393
960762,950360,950354,239190113.9584649
950347,960762,950354,145554841.21234274
950344,960762,950347,170550229.54256332
970823,950344,960648,176155288.61403224
950344,950347,960648,165531349.33451375
021044,021029,960676,135246887.78776965
950417,950429,960674,107936160.82690303
950421,950417,121192,107979307.56690158
960646,950328,960645,188187002.21683502
960646,950342,950328,192689558.14990747
950341,960646,960645,124191903.69956449
970823,960646,950341,113742791.7671967
950342,960646,970823,184392576.11339545
021030,950398,950385,220575319.67585263
950381,950398,960662,261560598.0226694
950401,950398,960663,361055110.885714
950398,021030,960663,270700921.07783794
021019,940074,950385,199723283.42527273
950398,021019,950385,323033225.0594738
021019,950398,950381,269330180.9155456
111187,021019,950381,181225871.2083545
021019,111187,960656,220931551.05717528
940074,021019,960656,136363232.79426453
071157,950403,071164,163710607.01680052
071164,950403,950399,151735837.20756847
950403,960657,950399,328569418.3126974
960657,950403,950400,142338109.66802096
950400,950403,061151,151276161.77398932
950403,940078,061151,162421275.2700458
940078,950403,960666,167084734.301205
950403,071157,960666,169731167.460512
960768,950402,061151,207691863.521801
950402,021031,960663,94087091.8571255
950402,021023,061151,308350481.79688436
021023,950402,960663,209229743.47431433
960679,960667,021035,233195316.55252674
960679,021048,950433,197262283.32323423
021048,960679,950434,179672690.11172166
021036,960679,021035,237864405.36877376
960679,021036,950434,358549501.4411967
131197,960679,950433,254523763.8181394
960679,131197,960667,204682469.348646
950472,960706,021077,238181930.1147464
970833,950472,021078,130556435.20252484
950472,960705,021078,87495281.89097805
960705,950472,021077,241072993.53848448
041137,950472,950474,102189913.40266587
950472,970833,950474,138281432.3816415
950414,960769,021038,124650351.12733757
960769,950414,960672,319557591.5354374
950414,021040,960672,163023337.94311544
051147,950410,021037,201323596.40654522
950410,051147,021038,211927728.4210876
051147,950414,021038,140423325.65056366
950414,051147,021040,172711063.6622269
051147,021037,950412,229002658.3581937
950470,051147,950412,599111050.910683
141205,021052,970830,298378680.87738836
021052,950443,970830,211860364.12396502
081166,950445,940084,82280215.65206277
950445,081166,031121,
081166,940085,031122,
960684,081166,940084,62324066.09280262
081172,051141,950448,79985088.25643513
081172,081166,960684,69466012.67653112
031125,081172,950448,59376498.18038948
081172,031125,940085,55619604.939639434
081166,081172,940085,
021056,960684,031123,96069877.38908587
051141,021056,950447,81662622.56485653
081172,021056,051141,67935254.78448382
021056,081172,960684,105607837.0388473
021056,041134,950447,189162119.11195868
041134,021056,031123,32319139.36772432
940095,021085,960715,192131478.9852411
960713,021085,940095,37993136.37564476
021085,960713,950480,80140660.3912081
950466,950478,950477,322918172.1502175
950479,950478,021076,210217653.835815
021076,950478,081169,323681253.19201964
950478,950466,081169,182633607.83906457
950490,960722,021092,181465085.49664876
950490,960723,950491,
021093,950490,950491,157880456.26324955
950490,021093,960722,310088933.5600311
950490,021092,940098,239976324.96397212
960723,950490,940098,
940091,960770,021065,137197865.0843821
960689,960770,940091,102881392.0320042
960770,021066,021065,147623712.67114058
960770,960689,021066,135651894.10458773
02P210,021068,960772,80187234.25962085
960774,021068,02P210,139285949.05351335
021068,960693,960772,186685559.25273004
960693,950455,960772,221458734.83780804
950455,960693,950461,192921154.4859471
021074,950467,960717,171218577.06325188
021074,960774,950467,178263185.7095188
970835,940096,960777,
950488,970835,960777,
970835,970834,940096,117410867.54631378
970835,950488,970836,144887444.9194875
960718,970835,970836,118313914.99667631
970834,970835,960718,200614096.9694748
950453,960771,970831,139840423.35441026
021069,950453,970831,107266107.81008695
950453,021069,960688,138631100.44599605
950451,950453,960688,234294918.71573114
960771,950453,950451,151694360.04257372
021089,970837,960719,120898738.22505604
021089,950486,970837,89959304.87603106
960720,021089,960719,49876218.32268186
021089,960720,950489,98341992.0104511
950486,021089,950489,75024178.71597767
960709,950473,960706,136664902.31881967
950475,960709,041137,251012845.2151847
950472,960709,960706,146928903.61767086
960709,950472,041137,205513200.98271424
021079,950475,021082,135420880.05959052
021079,960709,950475,205535871.8929363
960709,021079,950473,159049032.69646445
970833,960699,960703,128616027.72668436
960699,970833,960707,108775285.91401088
960699,960701,960703,99060031.80996127
960710,960699,940089,125682264.24617863
960699,960707,940089,135771635.45863855
021070,960699,960710,163647097.82012632
960699,021070,960701,204136605.20148066
950451,021063,940087,200757575.14210537
021063,960685,940087,226828995.27420208
021063,950451,960688,210471195.84906346
960685,021063,960687,103335057.0941975
950452,021063,960688,184395106.84759095
960687,021063,950452,135119084.3029575
93059,93057,960600,89000387.43948676
93057,93059,93055,
960596,93057,93055,110911590.83211611
93035,93051,93034,
93051,93048,93062,82708396.91306563
960759,93051,960594,127525820.78830315
93051,960759,93034,
95105,92106,101183,20730730.966568504
93048,95105,101183,22097821.609799027
95105,93051,93035,
93051,95105,93048,160021773.75740921
960597,93057,960596,32883000.016888883
960600,960597,141202,297764223.43927014
93057,960597,960600,114689728.09202506
93053,960596,93062,340010805.69371617
131194,93053,93062,97498203.31170979
93053,960597,960596,
960597,93053,960628,
93085,02P114,990838,13168335.292443704
000841,131194,93062,25468018.51855249
000841,93048,101183,7105040.155101016
93048,000841,93062,19262647.86452813
92106,000841,101183,7459359.682898634
000841,92106,93046,24834654.80115176
131194,000841,93046,26275776.081586033
960756,93041,950226,79654097.84363279
93041,02P107,950226,14306987.345918406
02P107,93041,960756,14994172.000912052
970821,93050,041136,20719916.132991668
93099,93050,93084,131606721.23479445
93050,93090,93084,167729278.01968062
93090,93050,03S045,49961979.93127423
93050,93097,03S045,57714950.532466225
93097,93050,04S048,36316595.674438566
93050,970821,04S048,37549448.58927421
93078,93077,93073,160843875.75920108
93077,93081,950296,56483387.24922257
93081,93077,93078,87417347.89983898
020847,950295,950277,125323432.76737314
950295,970818,950277,150150098.92102838
950295,93090,970819,91258253.60263902
950295,020847,93090,157045654.88491544
02S043,950295,970819,50353741.92308352
93091,93052,93093,37719688.82264799
93091,970820,141209,
93091,02S043,93052,54960502.833469786
000842,970820,02P115,72290502.33532335
93081,000842,02P115,68645883.72783077
000842,93081,93078,75235138.09429255
970818,93079,950277,119904905.6387585
93079,031102,950277,285682777.17740333
031102,93079,93074,106010570.33273059
93079,970818,141209,
020981,960606,940048,73097773.56911795
960606,020981,93070,177543925.41022483
950230,95105,93035,143607558.49553114
93065,93029,93063,165513234.12647954
93065,93066,93029,120903481.99953201
960607,93065,93064,98436035.81927358
960754,93065,93063,138217645.60518795
020957,960610,950272,172777741.55155438
950271,99R006,00R019,203090344.48507565
99R006,950271,020984,138187796.81118867
020983,950266,99R004,274326616.2344999
99R006,020983,99R004,109311528.02804317
020983,99R006,020984,70296416.00855997
960570,020983,950247,282615554.18023854
020983,960570,950266,271994038.57768553
950247,020983,950267,139782337.35227683
020983,020984,950267,132027373.09747986
940047,031127,960615,158840994.81088713
99R006,960608,00R019,94996375.98426025
950270,960608,99R004,81455943.12320922
960608,99R006,99R004,97327929.57403697
960611,960609,00R015,
960609,960608,950270,51240376.87038378
960609,940046,00R015,169890146.51866513
940046,960609,950270,51689460.603861555
960616,950278,93084,127946559.34921189
020987,950263,960612,176724912.113042
020987,940047,960615,141106314.98609352
950275,020987,960615,137026172.23958978
950263,020987,950275,362922619.99652684
020987,960612,00R019,218512387.95220292
93069,031102,93073,202125332.3931344
93069,950263,031102,
93071,93069,93073,91756202.05843176
93069,020981,940048,102905863.68347456
020981,93069,93071,80808516.22644418
950271,020985,950268,104806508.02300932
960610,020985,950272,97852643.42646302
020985,960612,950272,210115971.66348994
020985,950271,960612,135453786.0939303
020985,03S046,950268,95692471.97808312
020985,960610,03S046,65926229.536569685
020969,960577,940054,157002916.58947274
960578,020969,940054,243705836.0165996
020969,960578,950251,316465048.4380122
020969,950251,960573,245539857.2445945
020972,020971,940053,115704391.4144013
020971,020972,960576,152106370.71945882
960575,020972,940053,152760308.01548102
960576,020972,071158,166526387.82236382
020972,960575,071158,164597598.51852578
950248,020966,960577,224533294.51365584
950248,020969,960573,112111782.90799597
020969,950248,960577,249283800.55301312
020976,950258,950285,273758085.6781075
950298,970822,950299,85697867.74979012
970822,950298,940060,141359033.60988086
020994,950292,960629,104336489.17691995
950292,950298,960629,110615000.96831746
960572,020967,940052,98568506.67488205
960572,950250,020967,187027875.51808688
020967,041138,00R015,175991315.62085795
950250,041138,020967,224697123.60024542
041138,960611,00R015,
93023,93016,93026,170918623.30959666
93036,93023,93026,375567064.0695266
93018,93023,950225,92468859.38239124
950225,93023,93030,152987031.77160895
93023,93036,93030,361146017.0064566
93016,93023,93012,166362570.49013215
93023,93018,93012,112360940.78919536
93036,93045,93030,153327646.96929413
93045,93037,93030,149029303.45176303
020959,93045,93039,70111963.73495659
93045,93036,93039,104115978.95461763
93045,020959,93044,59940751.68233679
93037,93045,93044,188317164.34571424
950224,93008,93013,83743652.13322295
93008,950224,93012,112310289.56312114
960584,93020,93010,280509538.2079923
960584,93014,93020,178759599.0171214
940042,950216,93004,176312441.88418278
020947,950216,940042,176719511.71935377
960559,960561,010845,198883061.57515454
960561,950209,020948,309477407.82795167
960567,020964,020962,180303531.93673956
960567,02P110,020964,11652559.48238183
950179,14P125,111185,
950179,970797,020920,172650437.34820962
970797,950179,950178,214553273.13411
07S069,93009,93022,
93009,07S069,940042,
93009,940042,93004,
93009,93021,93022,173427352.11695898
93009,93004,93010,281009580.87272304
93009,93015,93021,215876750.3617443
93015,93009,93010,214018308.32101297
960561,020942,010845,98181567.50350764
020942,960561,020948,178592258.34723127
020924,950181,020922,295056442.9522074
091174,950181,950155,264584773.41146597
940024,020896,960533,235715403.83420685
020896,940024,950152,166107462.8454766
960533,020896,950158,
950150,020895,020894,259013710.87688375
020895,940024,020894,232438944.9298894
950155,960541,960538,187045170.8263605
020897,940023,020898,
960534,020897,960542,241255199.72556755
020897,960534,950149,
940023,020897,950149,
960540,960538,960542,158812111.02863592
960540,950155,960538,90707496.36282532
960540,091174,950155,109826951.23820172
950200,07S067,960560,69107549.37087898
950200,960560,020940,108693624.62220034
091179,950179,111185,145626809.75618267
950179,091179,950178,146620203.93746394
14P125,06S059,111185,
06S059,14P125,05S054,
960549,06S059,05S054,275439015.0861936
091179,020917,950178,177571167.59879974
950236,020961,950206,607483152.0142468
950204,950236,950206,214114001.602692
950236,950197,960564,
940049,950231,960564,271377342.032611
950197,940049,960564,217201346.77543455
950194,950231,02P105,
950194,02P104,950232,
950231,950194,950232,
940050,970806,960571,126210670.76029018
940050,950231,950232,
950233,940050,950232,
940050,950233,970806,389854713.1376348
960556,020917,020931,399855062.5544563
960556,940035,950178,222441401.1764364
020917,960556,950178,611887801.1188327
960557,07S067,950180,310923204.95550895
020921,091174,950154,409975866.3746689
950181,950182,020922,166995615.5561225
950182,950181,091174,442038866.8512576
020921,950182,091174,348732803.6045805
950182,020921,950184,95902570.23170732
02P205,950171,07S066,3777707.96271336
950171,02P205,07S065,10490277.779310768
06S057,02P205,07S066,
02P205,06S057,960550,
020911,020910,940029,168967118.88414213
020910,071159,940029,219006838.18960473
950171,960546,07S066,69862912.07430919
020910,960546,121191,227799552.0792715
960546,020910,020911,243197348.69911826
970796,071159,960544,317716077.6518139
071159,970796,940029,248275808.0711826
970796,020912,940029,123514019.52524768
071159,020908,960544,273995738.0062375
950165,020908,071159,270650058.99967897
960543,950165,950163,167311510.60653457
960543,020904,970798,168577814.0482061
950165,960543,970798,335272902.29393303
950311,020999,960636,95124949.48387107
020999,950311,041129,98421221.0884857
061148,950311,960636,82002390.58252513
950309,950311,061148,356593983.2163791
041139,031106,960637,72658650.7231709
020999,031106,041139,100627821.1054545
950309,02P116,960633,133068055.67665252
02P116,960631,960633,81720762.36524877
960631,02P116,960632,3193607.9845323046
960632,02P116,950304,3376489.563600812
02P116,950309,950304,74324857.39444889
051143,960634,021101,166153304.72317365
940062,051143,950321,185661297.99675012
940062,950320,960639,137095008.68752965
940062,950321,950320,171696439.60119277
071156,950315,950367,85780888.7209872
950315,031107,950367,81401564.61526655
950315,071156,950316,21232750.045054704
950315,950316,03P214,40635076.906780295
031107,950315,03P214,11618913.350822264
950353,940067,950348,153923049.02016774
950353,950355,940067,63092595.62768876
950353,950348,950351,117065516.17249762
950353,950351,950356,84728691.53460902
950355,950353,950356,77779112.01471323
960642,950332,021003,75730152.81379728
950332,960642,950331,191502184.95633456
021002,960642,960641,178533728.24189028
960642,021002,950331,171227259.82508707
081170,151210,021003,
020978,151210,081170,
151210,020978,950259,
151210,950327,960641,
950327,151210,950259,
950333,960643,021003,101159760.81955688
960643,950333,960644,54609377.82015842
950332,950333,021003,71017668.2360405
960644,950333,950335,110565742.72922437
950333,940067,950335,191142976.14146864
950333,950332,940067,151133455.26329112
021013,031112,960653,66218476.49320321
031112,021013,950374,85075581.24455388
950374,021013,041130,48321917.56203843
141203,021013,960653,103123080.21498261
021013,970826,041130,86434540.90682074
021013,141203,970826,133626991.66587971
960673,970827,950416,131618488.343951
950416,970827,021041,139650373.3864966
970827,950415,021041,87089344.13100183
950363,131198,950422,118252484.37999663
960673,131198,950363,170442241.50569165
131198,960673,950416,68386677.1176992
131198,03P216,950422,49761947.428241655
071152,950439,950442,74770241.81835726
111189,041131,121192,132301897.65152138
950439,041131,111189,162108150.2404544
071152,041131,950439,64149129.541452706
041131,950421,121192,96888925.48765543
950421,041131,071153,106934965.30047663
021051,031119,940083,68937464.68714426
021051,010846,031119,127033014.66651343
950419,141207,111189,93008583.64653184
141207,950439,111189,139889599.59634572
950439,141207,031120,133362277.2291585
031120,141207,940083,133388048.72254218
141207,021051,940083,97023795.1777504
141207,950419,950431,135964654.51821607
010846,141207,950431,151611461.66872165
021051,141207,010846,177096120.72434422
950420,960675,950424,109396625.12933427
031116,950420,950424,132652931.01904514
950420,031116,021041,76166244.60404101
950415,950420,021041,98029608.61751375
950418,950420,950415,147117456.38634762
031121,950444,950442,12465489.776572365
021053,950444,031121,46254848.91061184
950444,071152,950442,70421164.02567898
950440,960675,071153,163762682.59018928
950440,950441,960675,242484720.6152465
041131,950440,071153,150216846.41334456
950440,041131,071152,95912407.47865666
950440,950444,021053,48040957.65026849
950444,950440,071152,175174864.21429852
950441,021055,031122,31147671.284240406
950440,021055,950441,148525591.6963308
021055,950440,021053,62494064.97612641
93102,93103,93099,84725751.15458773
93050,93103,041136,74995225.99830753
93103,93050,93099,74348687.95505072
020996,950305,950303,91169652.84346293
101182,960512,960519,109402571.79441875
101182,020869,960512,378726749.01429796
05S050,101182,960519,73435410.62624915
020869,101182,05S050,255402228.1972693
960528,950147,940018,261263903.39676717
960526,960528,940018,201812848.4697975
960528,950146,960529,71424538.76507016
950147,960528,960529,75486738.77036038
960528,960526,960525,248507840.44142428
950140,960528,960525,782217485.8188697
950146,960528,950140,202326235.157037
020877,960520,940014,171337210.1935553
960520,960522,940014,150812712.5908558
020876,960520,020877,207964398.61926115
960520,950128,960522,236565236.6701102
950128,960520,020876,277429943.3978887
020882,020876,940013,102221916.41704607
950128,020882,940013,116742209.67080359
020882,950128,020876,148306963.24813896
960752,940044,020954,124704640.00859053
93065,141206,93064,117635445.88354641
141206,93065,960754,297907543.4973704
141206,020958,950264,229292379.7663613
93064,141206,93070,120627986.4992062
960606,141206,950264,126127018.00342607
141206,960606,93070,267129641.31037217
960753,950223,960754,108651032.73550431
960592,950223,960753,240796343.5545904
950223,141206,960754,187323201.61700636
141206,950223,020958,140047077.2509636
960593,960592,940045,111249708.58179794
020957,960593,940045,108204231.3343836
020958,960593,020957,218555063.96631312
960593,950223,960592,195272201.9321864
950223,960593,020958,163560677.71338528
022005,020872,020877,294087352.36339235
960516,022005,020877,307828087.6990773
020872,022005,960509,214276616.10280636
022005,960516,020871,430059441.34878176
022005,020865,960509,247438039.03157446
022005,020871,020865,312317704.2402051
950121,960511,020866,339069447.8952126
960511,020861,020866,203449724.5846232
970789,020887,960521,258243420.9260084
020879,970789,960521,268004154.20989
970789,020879,960518,151223447.23832768
020887,970789,020885,368885523.189408
020880,970789,960518,166585184.57153428
970789,020880,020885,400415317.7295231
950138,970793,940015,286111149.05134475
970793,03S047,940015,242589762.3822273
970793,950134,03S047,156557385.9785321
970791,020886,940011,161084456.1812065
970791,940011,960521,305206824.4255235
970791,950138,05S053,190217108.79248106
020886,970791,05S053,87956992.02953683
05S052,970788,950112,204098579.9419774
950124,970788,05S052,143764516.67994902
020886,970788,020883,439444766.7140188
970788,020886,950112,266107737.46037793
970788,950124,960513,327124077.7569113
970788,950121,020883,224377544.81148824
960655,950380,950390,113456323.36186886
041135,950389,021016,195723119.23097757
950389,041135,021026,118855760.26489407
950392,950389,021026,152657790.15048692
021029,021028,960766,171864255.967165
960766,021028,950394,179117683.58674163
021028,950392,950394,248170349.73356685
021029,950397,960676,149994621.2954982
950397,021029,960766,156502929.9045535
960677,950397,960766,22668279.615380928
960674,950427,950428,183691848.61067453
950428,950427,940077,
950427,960677,940077,269084063.5411729
950429,950427,960674,147644542.02760473
950346,970823,950390,216716955.17179158
950346,950344,970823,173244200.44723383
950357,021006,950425,238603425.4853608
021006,950357,940071,97916051.71051793
970827,950357,950425,
950357,970827,960673,
950357,960673,950362,
950357,960762,940071,51266700.9211973
950360,950357,950362,389485418.8535449
960762,950357,950360,463113969.817564
960762,950350,940071,64401966.708147265
950344,950350,960762,121273369.53328209
950346,950350,950344,161950583.8855879
950350,021006,940071,100161308.18416075
950350,950346,021006,184186926.10335076
141204,021044,960676,145586738.46592647
141204,950429,950417,135326365.10643938
950397,021045,960676,119610967.53020455
021045,950397,960677,38132247.09090412
021045,141204,960676,94398589.04321332
141204,021045,950429,97478609.08099748
950427,021045,960677,119837387.88142078
021045,950427,950429,166865736.32714745
950398,960664,960662,286800600.9459616
960662,960664,950394,275483263.4521238
021032,960664,950401,195685971.46393704
960664,950398,950401,309862880.8533354
950394,960664,940077,333766213.4569631
960664,021032,940077,156263089.48341104
021047,131197,950433,161941817.58217672
131197,021047,141205,190127661.12315097
021047,021052,141205,274027777.11668855
041132,021047,950433,233983977.2745768
021052,021047,041132,192425184.98913285
960678,131197,141205,371791827.79702234
960678,021046,960767,
960678,141205,021046,222491503.3735162
940088,051147,950470,
950473,940088,960706,179568926.23124278
940088,950473,970828,355210255.30596817
960706,940088,021077,126034151.08881173
940088,950470,021077,149324421.828525
021040,940088,970828,
051147,940088,021040,
021054,021052,041132,88612097.99400689
021054,960684,960683,126279394.12925999
950443,021054,960683,125733753.54952459
021052,021054,950443,170508038.01712596
021054,041132,031123,102007756.40446466
960684,021054,031123,141181028.01994932
021085,021086,960715,107709600.77578102
021086,021085,950479,158806150.3302485
021086,950481,960715,157194714.26598492
021086,950479,950481,238402330.75952843
950478,021083,950477,190425264.6615122
021083,960711,950477,141491442.2728188
950463,021068,960774,161793293.8735989
950463,960693,021068,169497435.28787616
021074,950463,960774,112289392.0852344
970834,960775,960717,291239208.8584102
960775,021074,960717,127725441.39556406
960773,960775,950468,219550125.46383923
960775,970834,950468,289153391.4919804
950476,940090,021082,238145972.73717028
940090,021079,021082,268028366.4781996
940090,950476,021080,178692035.79623666
950473,940090,021080,270439219.85557556
021079,940090,950473,139101374.50012264
960596,960595,93062,321870259.5399434
960595,93051,93062,71938197.37251103
960595,960596,93055,105363319.70574734
960595,93055,960594,28549518.872260097
93051,960595,960594,15157588.454136638
95105,93042,92106,59037774.226034604
92106,93042,970813,92949137.5949212
93042,93068,970813,77622603.65801059
93042,950230,93068,52792758.32935656
950230,93042,95105,54231889.37496898
960597,960598,141202,9233201.317796724
960598,960597,960628,
950297,93053,131194,76319180.22029293
93053,950297,960628,47312188.64361346
93086,091178,141202,
93086,990838,091178,
960598,93086,141202,
93086,960598,960628,
93043,93076,051144,161619461.7268382
93088,93091,141209,
93091,93088,02S043,73360657.67701353
93088,950295,02S043,57118621.37268796
970818,93088,141209,
950295,93088,970818,53415084.004604094
990838,990840,091178,
950296,990840,990838,465663505.37291795
93081,990840,950296,108338936.06950617
990840,93081,02P115,11204655.691724915
93091,93092,970820,45230015.73068755
960623,93092,93091,31501553.238729313
970820,93092,02P115,90193066.68596981
93092,990840,02P115,20398453.871659044
93092,960623,091178,26113453.877617244
990840,93092,091178,67264039.2399364
93094,960623,93091,29993329.06387871
93094,93095,091178,26636998.871425487
93094,960624,93095,11312627.038421769
970820,970817,141209,
000842,970817,970820,63113569.19245289
970817,93079,141209,
93079,970817,93074,59136474.85686828
970817,93078,93074,99709270.58347541
970817,000842,93078,97953212.90600573
960621,93043,970813,33823327.179671794
93043,960621,93038,37957555.07525068
93068,960621,970813,64615419.15417136
960621,93068,93038,81366022.88674887
93066,950229,93035,53379848.9936062
950229,950230,93035,37330023.03782898
950221,960591,950265,119200819.51854819
03S046,950221,950268,101748423.61229707
950268,950221,950267,364806223.1989082
950221,950265,950267,354051328.12130743
960591,020982,950265,215049092.28340262
950265,020982,020964,278553648.2395802
020982,950244,020964,163976903.10765827
950244,020982,950246,237573109.87146226
020982,960591,020954,310443960.7577917
020982,940044,950246,354217394.81935954
940044,020982,020954,193835310.6658749
950276,960616,950277,241543364.28344694
950275,950276,950277,248403291.55649677
950276,950275,960615,200598110.41123497
031127,950276,960615,219661848.24360234
020986,960609,960611,206228584.79043478
020986,031127,940047,130070272.7216628
960609,950273,960608,66285185.9563681
960608,950273,00R019,44267897.638759136
950273,020986,940047,160789434.83027354
020986,950273,960609,204063474.68599233
950273,020987,00R019,137300892.69907203
020987,950273,940047,159195456.45175618
031103,93102,93099,77722980.82559553
93102,031103,950303,66820421.52213102
950300,950293,020994,124985996.59289148
940061,950278,960616,125928407.73877555
940061,950293,950278,128581835.19825923
950263,970809,020979,151336497.96494272
93069,970809,950263,172629778.22109157
970809,93069,940048,151199246.9921218
970809,960613,020979,165155566.29876772
950264,970809,940048,146323119.1263388
960613,970809,950264,313178612.2415494
020993,950286,950285,95276904.85177496
950286,020976,950285,166254588.5977436
950256,950258,020976,191892706.78185967
950258,020977,950285,281030224.20901376
020977,950317,950285,427523625.58980286
020977,950260,950317,167971652.45081648
020977,960579,950260,131373852.0245998
960579,020977,950257,174701552.87541544
020977,950258,950257,242276284.77190548
960630,940063,960629,48911646.57768451
950298,960630,960629,103292826.00795265
960630,950298,950299,111181922.40189722
960631,960630,950299,138676048.54045808
02P207,960572,940052,152641558.24170953
960574,02P207,940052,
020966,02P207,960574,
93008,93007,93013,116471581.65596522
93007,93008,93003,161256752.2092644
93007,93011,93013,141545852.66750708
960583,960582,93003,137146981.0011856
960583,93008,93012,146663024.86125115
93008,960583,93003,121195345.9499732
950215,93002,960590,136338878.44787374
93006,960584,93010,108618965.98545797
960584,93006,93002,172281529.86575928
93004,93006,93010,152423930.40242118
950216,93006,93004,192633022.81595576
93006,020947,93002,354282995.319486
93006,950216,020947,199003131.1471816
950209,960586,020948,271908179.6138143
960586,950217,020948,309748936.8538025
950202,960561,960559,108052076.67422263
950209,950202,020939,251601691.6963202
960561,950202,950209,236043244.34543875
950217,960585,020948,169683611.69695243
960567,940051,02P110,4180679.052649407
02P109,940051,960566,
02P110,940051,02P109,
940051,960567,020962,67509656.4821974
950240,940051,020962,171232794.86411357
940051,950240,960566,202614735.14685148
940038,950179,020920,194406597.45684803
950179,940038,14P125,
14P125,940038,11S070,
11S070,940038,950201,212162681.67835602
940038,020920,950201,229699130.6266319
960535,020895,950150,218774056.1158565
960534,960535,950150,488876228.8482953
950151,960535,960534,192425059.76365378
010844,950151,960538,321292486.42349553
960541,010844,960538,194045057.29377595
950181,950183,950155,197527142.5390803
950183,960541,950155,444736540.47031754
950183,020924,970798,253052251.85075405
950183,950181,020924,422157764.281033
020904,950183,970798,190852206.0751694
950161,950159,020904,303549520.0671999
960543,950161,020904,118285096.36045365
950161,960543,950163,89555707.41243243
950161,950163,970795,177408511.33561385
020897,940026,960542,273756275.3716093
940026,020897,020898,416601308.3799226
091174,940026,020898,255421498.67831656
940026,960540,960542,255858493.32971328
960540,940026,091174,180822965.22337586
020924,950187,970798,270319158.37037194
07S067,020936,950180,101730309.30959874
950200,020936,07S067,105210424.38384478
020936,970797,950180,154813053.54500398
970797,020936,020920,215667082.1490323
020936,950200,020920,205300954.32607126
020938,950200,020940,124043544.27188408
020938,950205,950201,225369093.88939264
950205,020938,020940,205427756.88931724
020920,020938,950201,233313531.67220604
950200,020938,020920,190637834.83763856
020928,950193,020913,140743298.4244219
020928,970796,960544,274096808.02731043
970796,020928,020913,267713011.54149804
950190,020928,960544,199326315.8445613
020916,950173,020915,95941244.97855958
950173,020916,020912,265566500.2095358
950173,970796,020913,235104780.25096527
970796,950173,020912,238567195.96377504
06S055,051145,020914,142535127.55642694
051145,06S055,020911,174186395.6206945
051145,020916,020914,134274201.19032922
020916,051145,020912,211619754.63248786
051145,020911,940029,160034968.14631388
020912,051145,940029,99546063.23424862
020916,020918,020914,171800663.8298231
131201,091179,111185,146561454.33146828
020917,131201,131195,81104563.9277733
131201,020917,091179,167951002.169082
950176,020916,020915,93133445.32634391
950176,06S059,960549,122535356.04776546
020918,950176,960549,77520197.43145488
950176,020918,020916,93881718.94527961
950174,020917,131195,113218163.77908887
950174,950173,020913,158585546.4905443
020917,950174,020931,261410562.22325754
950174,131195,020915,181374880.7009036
950173,950174,020915,122219468.63093606
950174,950193,020931,442191746.8033269
950193,950174,020913,199185007.32458845
950236,111186,020961,430492158.99547523
950238,111186,960571,57607897.73833337
111186,950238,020961,135058699.92425212
111186,940050,960571,130049653.07349671
950231,071162,02P105,68175297.34532037
940049,071162,950231,375738795.1654458
071162,940049,950197,327461890.8900899
071162,950196,02P105,70238175.08156183
071162,950197,950196,
950196,020932,02P105,171311726.14674762
020932,950194,02P105,
020934,960557,950180,113359061.31854509
960557,020934,940035,99238584.97150747
950178,020934,950180,227115119.2716364
940035,020934,950178,199455596.24920267
970803,960557,940035,128234108.54064164
960556,970803,940035,133949328.89628859
970803,020933,970799,187676579.87971452
020933,970803,960556,250922057.2018611
940033,960556,020931,224118060.88119528
940033,020933,960556,153572899.12080777
07S067,950198,960559,253697096.03850865
950198,950202,960559,253529733.8633886
950202,950198,020935,410139614.30060875
960557,950198,07S067,400063541.2796405
020909,020907,950166,184516742.45276672
071159,020909,950166,209518854.93409786
020910,020909,071159,270671298.2162404
020907,020909,121191,282886356.19241774
020909,020910,121191,254053973.79092193
950170,950171,07S065,67656214.70658378
950170,960546,950171,214522443.28416103
960546,950170,121191,228854751.019374
950170,960547,121191,382415423.1592256
950170,07S065,950167,108285303.96203963
960547,950170,950167,377256995.7912139
950175,06S055,020914,81952584.46281436
06S055,950175,06S056,40433310.301404834
020918,950175,020914,152170254.0278332
950175,020918,06S056,99554586.45559563
06S055,950172,020911,133638748.34738299
960546,950172,07S066,111150722.77578838
950172,960546,020911,199885208.51316115
950172,06S057,07S066,
06S057,950172,06S056,104969294.14937332
950172,06S055,06S056,74853972.32336207
950312,021008,960637,182000274.9502812
031106,950312,960637,56322731.414149
950312,020999,041129,128029470.09226862
950312,031106,020999,93127054.99563392
940064,960634,041129,120432940.67730698
950311,940064,041129,114192722.81828661
940064,950311,950309,182321518.2309104
940064,950309,021101,234086059.714839
960634,940064,021101,191960332.1184219
950364,950310,021007,104666135.04786623
950310,950364,021008,159458396.75656667
950310,950326,021007,111988800.42672361
940062,950323,051143,86372251.59331037
950310,950323,950326,134264610.5869499
950323,950310,051143,174942562.88326055
950326,950323,960639,106951714.86285946
950323,940062,960639,63546972.583832845
950262,960642,021003,116065507.26526047
151210,950262,021003,
960642,950262,960641,187482098.2621653
950262,151210,960641,
031114,031116,03P216,66754091.814409666
131198,031114,03P216,91098647.64929861
031116,031114,021041,37908256.35406059
031114,950416,021041,49973336.452218354
031114,131198,950416,77172264.30748507
950420,021042,960675,106652583.43846685
021042,950420,950418,100287264.62740123
960675,021042,071153,146466412.051102
021042,950421,071153,97651913.38111556
021042,950418,950417,97609264.24867356
950421,021042,950417,139586396.5224116
940082,021053,031121,55655974.74944148
940082,021055,021053,87300864.38754801
021055,940082,031122,44288594.99415794
940082,081166,031122,
081166,940082,031121,
93104,93102,071161,69539212.71387133
93104,93103,93102,66581261.56230071
041136,93104,071161,29180684.52467747
93103,93104,041136,59370530.5838952
940063,950302,950300,143869221.466486
950302,020996,950300,143596164.71151447
020996,950302,950305,70601894.44446008
950302,020998,950305,199920536.9575174
020998,950302,950304,142849826.69559675
950302,960631,950304,160947327.07447365
960630,950302,940063,47001443.33684404
950302,960630,960631,178065862.48260665
970802,020952,950246,157210711.3521142
940044,970802,950246,86860342.18075974
970802,960752,020952,170163096.42183873
970802,940044,960752,90716495.01799147
020873,960511,950121,314890424.15341365
020873,970788,960513,521796371.5486064
970788,020873,950121,444110831.82364357
960511,950114,020861,258731068.87512046
950114,960507,950108,337454621.384666
020873,950114,960511,324872955.3211155
950114,950108,960503,564417531.1377872
020861,950114,960503,372319329.6460968
950134,020889,960521,236280689.0657801
020889,970791,960521,304900839.1203866
970791,020889,950138,190969732.27630407
020889,970793,950138,216633017.55147654
970793,020889,950134,197491382.85400864
000843,021017,950378,153657435.58569714
950380,021017,000843,108254873.33481473
950378,021017,021014,127157393.00389709
021017,960655,021014,157448461.43592042
021017,950380,960655,72397095.058201
021027,000843,021016,283596079.23596406
950389,021027,021016,201563005.81443194
000843,021027,950393,101767546.10333842
021027,950392,950393,135384253.2194836
021027,950389,950392,204981271.08310893
141204,950426,021044,238433690.82367662
950418,950426,950417,201209915.07293168
950426,141204,950417,260653037.3655929
021044,950426,950425,155687580.75836292
950426,970827,950425,182113989.80183157
950426,950418,950415,131170685.57634184
970827,950426,950415,101291524.94216709
950395,960765,950393,236438895.7999292
950395,021028,021029,143172324.0666835
950392,950395,950393,222442749.13206205
021028,950395,950392,190776375.1654352
021044,950396,021029,179634337.37568948
950396,950395,021029,212464604.14872688
950395,950396,960765,189287576.65776867
950396,021044,950425,125907450.32132034
021006,950396,950425,275731359.3895998
960765,950396,021006,156973226.17181766
950391,000843,950393,249463028.56918675
960765,950391,950393,281768032.82431555
950380,950391,950390,104144264.30950446
950391,950380,000843,231330990.29819828
950391,950346,950390,77389893.6296481
950346,950391,021006,206217902.51631358
950391,960765,021006,229622219.90597072
021033,960678,960767,182168594.19339147
021032,021033,960767,139563942.32523966
021033,021032,950401,176549835.11491168
131197,950405,960667,174982847.47394145
960678,950405,131197,286218802.3246461
021033,950405,960678,209252592.160403
960667,950405,960768,135108980.55101
021031,950405,950401,278707627.23114175
950405,021033,950401,127056188.70542356
950405,950402,960768,227838832.3227098
950402,950405,021031,141507320.57718024
960712,021085,950480,244062886.6231329
021084,960712,950480,213447509.46989137
021085,960712,950479,221978732.71919113
960711,960712,021084,294258550.7006065
021083,960712,960711,119728757.50943688
960712,950478,950479,190046964.15729102
960712,021083,950478,150246745.9908785
960697,960773,960696,70305919.95430304
960697,960775,960773,157024575.48338377
960697,950463,021074,193949504.7974831
960775,960697,021074,186140598.60063863
960694,960697,960696,27809905.182479035
93049,131194,93046,45258342.1615547
93049,950297,131194,24370359.365288265
950297,93049,051144,34072872.21229636
960620,950297,051144,84465124.75660865
950297,960620,93085,58906756.921734184
93085,960620,02P114,7269436.967754978
02P114,960620,950296,71828645.2426361
950297,970814,960628,51467685.37013245
970814,950297,93085,80260566.36138251
970814,93086,960628,38954423.78676142
970814,93085,990838,46116323.249504745
93086,970814,990838,57606105.94867742
93077,93075,93073,157679639.11870956
960622,93091,93093,24634015.527824547
960622,93094,93091,19536524.916229885
960624,960622,93093,12369847.136896828
93094,960622,960624,11870527.259966953
960623,960625,091178,16177330.577391718
960625,93094,091178,2354690.1001720666
93094,960625,960623,7557013.69782514
93031,950229,93066,71619993.42132372
93031,93065,960607,73582411.08704336
93065,93031,93066,149507184.78901038
93038,93031,960607,88878024.01179762
93068,93031,93038,142104358.1722252
950230,93031,93068,80428683.74850363
950229,93031,950230,48075982.4074728
960591,950269,020954,338792327.56793153
950221,950269,960591,77099656.3013321
950269,020957,940045,137271847.84878913
020954,950269,940045,369487095.34980196
950269,960610,020957,120590380.84206104
960610,950269,03S046,72387149.67686783
950269,950221,03S046,114665422.7942368
950276,020989,960616,272227883.72339344
950251,950279,960573,316253124.12906325
020995,031103,93099,125370521.12305033
020995,93099,93084,98502271.87902291
950278,020995,93084,90472821.90684693
950293,020995,950278,136053514.1079879
020995,950293,031103,238464434.04936105
950301,950293,950300,113466974.40141912
950293,950301,031103,157573208.6915553
031103,950301,950303,71568197.50808306
950301,020996,950303,89413042.64863162
020996,950301,950300,117778945.81904303
950293,020992,020994,183266089.18533957
940061,020992,950293,147062380.91559076
020992,940061,950284,180515599.40754744
940060,950288,031128,96971134.48913985
950288,950286,020993,106493702.34043466
950288,950291,031128,82030089.94804853
950288,020993,950291,77634793.80221859
950256,020974,950258,286678796.7730096
950258,020974,950257,161158982.35059163
020974,960578,950255,180963803.07314685
020974,950256,960578,269018424.44399697
940055,020974,950255,155423625.9269232
950257,020974,940055,79697399.72446775
950248,020968,020966,137739583.50418794
020968,02P207,020966,58821616.264949836
020968,950248,960573,74531549.66958253
960572,020970,950250,194998124.59163532
92110,960584,93002,123028867.06695198
960583,92110,960582,147008929.36432132
950215,92110,93002,119590480.26856506
92110,950215,960582,119271630.60577756
950213,960588,960590,96700331.7971822
960588,960585,950217,157956745.37995908
950219,960588,950217,242880095.02165875
950219,950215,960590,253931537.29373798
960588,950219,960590,184731950.70494008
950202,940040,020939,234993652.23489076
940040,950202,020935,414649140.87371445
940040,950236,950204,315926040.5286548
950236,940040,950197,
940040,020935,950197,
950210,020942,020948,185018508.7313031
960585,950210,020948,192023259.61987028
950210,020943,010845,194930389.48504007
020942,950210,010845,107541607.47199169
07S062,950153,960539,93464992.98614272
07S062,960539,950156,92388894.97855017
950158,07S062,950156,
020896,07S062,950158,
07S062,020896,950152,42547354.58555263
950153,020901,960539,129828408.33155604
960539,020901,950156,140045281.31448996
950159,020901,020899,244086118.69182485
020901,950153,020899,78616458.5897572
020901,020903,950156,205342390.06216714
020901,950159,020903,200084230.93183178
02P103,960535,950151,233305336.4551624
010844,02P103,950151,99030668.00756852
960541,020902,020899,237607572.9673306
950183,020902,960541,293655933.3082576
950160,950161,970795,221244399.596184
020905,950160,970795,193027291.01212853
020903,950160,020905,219697920.27654666
950159,950160,020903,202991853.43268093
950161,950160,950159,326521232.9243041
020921,020923,950184,33536722.030968435
950194,960551,02P104,
020923,960551,960552,242477835.97340676
950182,950185,020922,122959728.00304674
950185,020924,020922,114609657.07952908
950185,950188,020924,289702457.33123875
020908,020926,960544,218234174.029396
020926,950190,960544,177279378.2335595
940036,06S057,06S056,49080537.57840685
020918,940036,06S056,103702877.69360596
06S057,940036,960550,77761169.50030942
06S059,940037,111185,69169062.66117379
940037,131201,111185,80903874.87696554
950176,940037,06S059,134556863.37787142
131201,940037,131195,67431435.09360099
131195,940037,020915,241535000.49032217
940037,950176,020915,291151371.6871086
950234,950236,960564,209185842.76256412
950234,111186,950236,226366690.60267788
940032,020932,950196,216373946.23802722
020932,940032,950194,
970803,950199,960557,115465370.65617774
950199,950198,960557,216471085.5450335
950199,970803,970799,133136281.8915368
950196,950199,970799,314281291.0916128
950197,950199,950196,
020935,950199,950197,402370662.4609666
950198,950199,020935,247789922.06290057
960635,950312,041129,111051152.06680925
960634,960635,041129,121800174.906827
950312,960635,021008,175642328.50704056
960635,950310,021008,190241637.74172482
960635,960634,051143,126568669.5205736
950310,960635,051143,193255482.23655996
020868,020873,960513,287462879.36260426
020868,950114,020873,374648789.3108393
960507,020868,960513,186121972.90913108
950114,020868,960507,280590403.5618107
960695,960694,950461,75252187.86107583
960695,960697,960694,63118908.14181653
960693,960695,950461,65005542.66160465
950463,960695,960693,46620761.22895722
960697,960695,950463,45714674.3460367
960626,93043,051144,37641259.24344011
93049,960626,051144,81521760.02181667
960626,93049,93046,57525257.02352527
960626,93046,970813,41844152.448146045
93043,960626,970813,22969159.671487812
970815,93075,93077,35362197.389391325
93075,970815,93076,46509180.91128618
970815,93077,950296,32608243.796275213
93076,970815,051144,135415293.14322156
960620,970815,950296,235486004.43315825
970815,960620,051144,121390880.4194454
96S007,93071,93073,34450061.45103407
93075,96S007,93073,88417161.57515271
96S007,020981,93071,22712873.787209578
950274,950276,031127,154930951.5766495
950274,020989,950276,173660841.4756936
020986,950274,031127,99826087.40479834
970811,940061,960616,204366076.0133389
020989,970811,960616,170523093.57576293
940061,970811,950284,118530792.96054351
950282,950256,020976,267603015.3265904
950282,950280,950256,324007854.08701754
960617,950279,950251,163910668.05727836
950280,960617,950256,331555964.7805117
960578,960617,950251,217879295.95259833
950256,960617,960578,289830630.7123552
020990,950280,960619,210558640.49663153
020990,960617,950280,171738712.36801022
960617,020990,950279,211961244.17927888
950298,950289,940060,209267217.65025505
950292,950289,950298,98859084.09140038
950289,020992,950287,112728501.2006381
950289,950292,020994,84679914.9481309
020992,950289,020994,193988353.77569526
950287,940059,960619,86487859.51518035
940059,020992,950284,202053323.58858097
020992,940059,950287,161082160.22109595
02P207,950249,960572,95488217.33307134
950249,020970,960572,162049722.62151688
020968,950249,02P207,43787164.31131878
950249,020968,960573,97066149.1848122
950279,950249,960573,245799020.69888967
020970,950249,950279,104082555.83936456
020970,960618,950250,252010571.40286455
960618,041138,950250,229891236.69306716
960618,020970,950279,170539093.7120788
960584,960627,93014,112128952.83343689
92110,960627,960584,1758503.017443135
93014,960627,93012,156168248.85219917
960627,960583,93012,131567068.95018418
960627,92110,960583,1966926.4520921013
020965,960588,950213,87068067.95509495
960588,020965,960585,175639621.8298021
020965,950213,960581,128515799.7346513
950212,020965,960581,103585651.01981194
950207,950204,950206,134316990.39432338
020963,970801,950206,180847453.10007167
970801,950207,950206,178494197.985124
950207,970801,960563,191789329.41386613
970801,020963,950220,310452905.1816778
93001,960589,950222,314767289.9256841
93001,950222,93005,308243117.0303568
93011,93001,93005,295961879.172773
93007,93001,93011,255615203.688693
960563,020949,960586,291164856.0834996
970801,020949,960563,180276056.8261442
960589,020949,950220,337286435.27972823
020949,970801,950220,280958336.34041554
071163,960589,950220,183779058.37824482
960589,071163,950222,198471338.0382488
960752,071163,950220,198584432.84418085
071163,020956,950222,109852801.31145434
020956,071163,960752,358331429.31859
960586,960587,950217,204782942.29606673
960587,950219,950217,189228486.56874093
950215,020951,960582,97253178.08558401
950219,020951,950215,133904726.23661776
960582,020951,93003,178972744.63521984
960535,091175,020895,211722290.43132907
02P103,091175,960535,156136976.75432405
091175,960541,020899,450632404.7119327
091175,010844,960541,157583200.30532286
091175,02P103,010844,33245629.91072797
950157,950159,020899,296245818.2406536
020902,950157,020899,205378943.74410617
950159,950157,020904,188988507.80582336
950157,950183,020904,241210356.6356117
950157,020902,950183,261920477.8410873
960551,940030,02P104,35375418.7447993
940030,960551,020923,128954092.31286733
940030,020923,020921,247062547.05815265
02P104,940030,950154,
940030,020921,950154,
950186,020923,960552,134405275.19167992
950186,960552,950188,169164973.47444415
950185,950186,950188,389435665.88442117
950186,950185,950182,384301345.55700064
950186,950182,950184,325495479.6453874
020923,950186,950184,122242897.90245694
960553,020926,020908,192805227.68323958
020926,960553,950187,156069324.6257455
960553,020908,950165,162790376.74940416
960553,950165,970798,378205293.8350624
950187,960553,970798,241098433.10466415
06S058,05S054,960550,18043180.176962227
940036,06S058,960550,29231842.882208236
06S058,960549,05S054,91876276.05936967
06S058,020918,960549,118110149.17195609
06S058,940036,020918,58196967.29471482
111186,151212,940050,
950234,151212,111186,
940050,151212,950231,
950231,151212,960564,
151212,950234,960564,
950195,940032,950196,200435430.12714106
950195,950196,970799,307761941.35999864
020933,950195,970799,326590301.461151
131196,940031,950192,200588212.65325937
96S007,96S006,020981,33693543.36256592
96S006,93075,93076,37253330.86493093
96S006,96S007,93075,15946287.344156932
960614,020986,960611,164538050.8024955
960614,950274,020986,122130114.41007142
950274,960614,020989,96970456.12075731
950286,020991,020976,212460193.04055443
020991,950282,020976,161259109.34287494
950288,020991,950286,160358241.98873755
020991,950288,940060,233269355.46369892
950289,950283,940060,279951743.91739804
950283,950289,950287,169391479.9818907
950283,020991,940060,208848425.98934513
020991,950283,950282,123726635.08031546
950283,950287,960619,318265251.45704716
950280,950283,960619,328133690.1773841
950282,950283,950280,142387676.66159022
041138,021099,960611,
960618,021099,041138,
020945,950210,960585,148230836.4967362
020965,020945,960585,227617739.09689307
020945,020965,950212,108606994.56034641
950210,020945,020943,145116486.5535941
020945,950212,950211,159756028.34222904
020943,020945,950211,146808622.86473173
950207,020941,950204,166991794.01337588
940040,020941,020939,163041060.5918053
020941,940040,950204,321851701.9384111
020941,950209,020939,170850366.88545907
020941,950207,960563,183725690.10679325
020941,960586,950209,277486989.64441794
020941,960563,960586,306409015.53897196
960587,020950,950219,171470695.29552835
020950,020951,950219,114353575.99282643
950153,960537,020899,116355659.38723552
960537,091175,020899,194131375.40091035
960537,07S062,950152,207534195.44509277
07S062,960537,950153,276327099.44526386
940024,960537,950152,443755400.3978203
020895,960537,940024,430058153.8808457
091175,960537,020895,182849962.185432
131196,950189,950188,240333972.9459618
950189,020926,950187,241099016.26634333
020926,950189,950190,188220377.448044
950189,131196,950190,326176854.41332614
950188,950189,020924,347562310.6659467
950189,950187,020924,230955504.68286595
950193,020929,020931,264120006.88711414
020929,940033,020931,258764692.438887
020929,131196,950192,243252325.11155432
950195,960555,940032,163890900.773261
960552,020925,950188,261896127.57586363
020925,131196,950188,335960847.35970163
020925,940031,131196,143111325.25062475
960551,020925,960552,274383944.1805384
021100,96S006,93076,94499204.912787
020981,021100,93070,132162394.10646231
96S006,021100,020981,114070012.03550114
020988,940059,950284,159061257.58487332
960614,020988,020989,168842617.89112902
970811,020988,950284,93643610.84364285
020988,970811,020989,144117754.4822173
950281,960614,960611,104451314.6452404
021099,950281,960611,96295903.96525973
950281,020988,960614,89569446.58907282
950218,020950,960587,222757660.04362455
020949,950218,960586,367222361.8979272
950218,960587,960586,263372086.54601005
950218,020949,960589,155809483.96577433
93001,950218,960589,221804075.03180093
020951,940043,93003,196558845.91858727
020950,940043,020951,111740199.44787331
940043,93007,93003,220833140.0397963
940043,93001,93007,240918713.59998196
940043,950218,93001,299096713.7701344
950218,940043,020950,106811421.30112693
131196,960554,950190,166686237.61907804
020929,960554,131196,188333637.5674136
960554,020929,950193,127429633.78233641
020928,960554,950193,115998959.43101577
950190,960554,020928,141309776.04606298
020929,020930,940033,303568935.36650205
020930,020929,950192,298708969.40389335
940033,020930,020933,169991585.07994324
020930,950195,020933,369730482.4728308
960555,020930,950192,270219843.2525546
020930,960555,950195,304504270.2855389
020925,950191,940031,81609010.88720603
950191,960551,950194,
950191,020925,960551,
940032,950191,950194,528265466.47432685
960555,950191,940032,120117144.66049264
940031,950191,950192,263051889.8825459
950191,960555,950192,227943972.92656234
93072,021100,93076,45157096.514426574
93072,93043,93038,120568571.67219225
93072,93076,93043,136616344.45343912
93072,93038,93070,103786041.2941851
021100,93072,93070,60283154.63554943
940058,021099,960618,154291351.7793202
940058,950281,021099,146117152.69670722
940058,020990,960619,302900322.2819727
950281,940058,020988,216094184.0445438
020990,940058,950279,262147591.52944094
940058,960618,950279,164718177.9604662
940059,940058,960619,135443228.17718577
020988,940058,940059,333444057.55348825
