st1,st2,st3,area
960605,051140,021098,
950497,950498,051140,
020859,950109,020848,
950101,020859,020848,
02P213,052007,021098,
052007,960603,021098,
960603,052007,02P213,
960605,960604,02P213,
960604,960603,02P213,
960604,960605,021098,
960603,960604,021098,
960602,960605,02P213,
960605,960602,051140,
950498,960751,051140,
950102,02P201,020848,
93022,960602,02P213,
960602,02P208,051140,
960751,950500,131200,
950500,960698,131200,
960747,960748,950498,
950456,950102,131200,
950376,960602,950314,
950382,960527,950102,
950456,950382,950102,
960750,960751,950498,
960748,960750,950498,
960750,950500,960751,778438164.430889
960743,960747,950498,
960743,960748,960747,
960748,960743,960698,
031113,02P208,960602,
950376,031113,960602,
020875,950106,950102,
960746,940085,02P211,
940085,960746,031122,
960746,950497,051140,
031122,960746,051140,
960750,960749,950500,
960749,960750,960748,
950500,960749,960698,
960749,960748,960698,
111190,950498,950497,
960602,091178,950314,
141202,091178,960602,
950382,950252,960527,
950252,950232,960527,
940008,950106,970785,
950106,960501,950102,
02P201,940001,020848,35837651.69177806
950104,960501,950106,
020859,020864,950109,219539349.4817967
940004,020864,020859,426306078.225294
940002,960503,020859,
960504,020854,020858,344854788.21522915
020854,960504,940002,242632611.4058191
02P122,021059,021080,
960743,960739,960698,
960739,960736,960698,
960734,960729,960698,
960736,960734,960698,
960746,960731,950497,
960731,960732,950497,
960692,960691,960698,
960729,950487,960698,
950456,950408,960668,
960550,93022,02P213,
950106,970783,940003,482056043.9321619
940008,970783,950106,
950104,970781,020852,295934466.3383279
970781,950106,940003,461303963.50477695
970781,950104,950106,
950104,970778,960501,
970778,02P201,950102,
960501,970778,950102,306869363.131349
970778,940001,02P201,55083895.108223334
020851,950104,020852,214423979.46103805
020855,970782,020852,704529737.6604278
020855,970781,940003,137570341.32583752
970781,020855,020852,383043514.14795417
970783,020855,940003,160661353.55527303
960503,020856,950111,290141673.88125235
020856,960503,940002,167388675.0811255
020856,960504,950111,316812494.2397642
960504,020856,940002,263611355.2170133
950103,020859,950101,
950103,940002,020859,
020854,950107,020858,243508022.719794
02P118,960645,950382,
940075,950383,960668,
950383,950456,960668,
950383,950382,950456,
950386,950383,940075,
021059,021088,02P211,
021088,021059,02P122,
960745,111190,950497,
021094,960745,950497,
960736,960738,960737,301182395.9908273
960744,960743,950498,
111190,960744,950498,
960735,960734,960736,
960726,960731,960746,
950457,950458,950456,
960691,950457,960698,
960698,950457,131200,
950457,950456,131200,
950459,950457,960691,
950457,950459,950458,
960692,081168,970832,
950487,081168,960692,
950462,960692,960698,218760157.3098242
950487,950462,960698,
950462,950487,960692,
021060,950408,950456,
950235,950253,950245,
950253,950235,950252,
950318,950320,960638,154548775.87743673
020849,970778,950104,411602100.5528472
020851,020849,950104,400816504.32443523
970778,020849,940001,219772766.0406292
020849,020851,950101,458929673.535687
020849,950101,020848,322412601.5311845
940001,020849,020848,217490602.32960948
950113,950115,020864,123217189.97503377
020864,950115,950109,151356092.62435672
020851,020850,950101,449455949.02368903
020850,950105,950103,279580858.918271
970782,950105,020852,362282491.4532538
950105,020851,020852,171252376.02648738
950105,020850,020851,302116477.4615599
950105,970780,950103,483308261.76621073
940020,020888,020875,
960527,940020,950102,
940020,020875,950102,
020888,940017,950143,
940017,950145,950143,437197439.2077819
940020,940017,020888,
940017,940020,950145,695581811.3065201
020860,020855,970783,236441119.9404575
020860,970783,940008,323772274.0242587
960509,020860,940008,498736188.7016798
960510,960504,020858,829768664.4733615
950408,960669,960668,
960669,950407,960668,529273676.1551416
02P209,940075,960668,
950388,02P209,960668,
02P119,950388,960668,
950388,02P119,021025,151604234.3736064
950407,02P119,960668,562726634.93475
950412,950411,950413,240976960.11828014
960669,950411,950407,271992511.7212883
021016,021014,950382,
021014,02P118,950382,
021046,940077,960767,
031118,970828,021080,707439342.1143254
021022,950386,940075,120079145.78394651
950386,950384,950383,
021059,041133,021080,
041133,031118,021080,447562630.93024814
960742,960739,960743,
960744,960742,960743,
960742,960744,960739,328619502.59568334
960739,950496,960736,
021095,950496,960739,
950496,960738,960736,334540234.8087617
960744,02P212,960739,
02P212,021095,960739,
02P212,960744,111190,211669561.63588303
960738,960740,021094,117753992.47540545
950496,960740,960738,292682844.38513434
950495,960736,960737,375057654.2727974
950495,960735,960736,
960735,950495,950497,
950495,021094,950497,
960738,950495,960737,53275987.24223735
950495,960738,021094,
960735,141208,960734,
950494,960730,960729,
960730,950494,960732,323523365.4581766
960730,960731,960729,
960731,960730,960732,208255421.92926136
960725,950487,960729,
950460,950459,960691,
960692,950460,960691,
950460,960692,970832,
021065,021062,950458,
950458,021062,950456,
021062,021060,950456,
021060,021062,940087,124441798.76391706
960725,960777,950487,
93055,02P206,960594,147485015.5879261
93022,95113,960602,
95113,141202,960602,
93021,950226,93022,
950226,95113,93022,
950252,960565,950232,
950235,960565,950252,
940028,950167,111184,26709692.93713984
940066,03P214,960637,79971450.75825204
940068,021010,021009,114442603.86889146
021010,950366,111188,199262990.73226884
021010,940068,950366,113020726.25733337
031111,021000,950373,40359501.49777087
031111,950316,021000,72945226.24764636
950334,960763,960764,128059088.36692603
970825,021000,111188,119851816.4948502
021000,970825,950373,130644506.48881511
021011,950370,051146,210827800.998966
950366,950370,111188,220660807.51814157
950370,970825,111188,106622684.2436729
970825,950370,021011,255754641.90174097
970825,041130,950373,168580744.2859895
041130,970825,021011,184755572.84058583
950368,031109,051146,116728846.97663726
031109,950368,940069,81350097.16683857
960652,031109,940069,65063003.26606264
071160,071161,950314,
071161,950306,950314,
950317,950318,960638,130117834.09252071
950317,940056,950318,75019480.97109821
950285,950317,960638,226795275.9132659
950352,950351,950349,148620623.5334148
950351,950352,950356,137407780.6202309
960519,940009,950167,
950119,960519,021098,
970779,950103,950101,71262840.45012441
020850,970779,950101,162695471.96158347
970779,020850,950103,143018057.4997445
020853,950107,020854,355575542.8413255
020853,970780,950105,432531707.236557
950107,020853,970782,385824409.09114015
020853,950105,970782,491435874.91186154
950145,02P102,960530,
940020,02P102,950145,169294402.8501454
02P102,940020,960527,12244315.340827145
950140,020888,950143,
940021,950145,960530,117794454.11719488
970794,940021,960530,261392171.86204177
950145,940021,950143,192483152.8968512
940021,970794,950143,334362873.79456663
081173,020892,020894,341044771.0526761
950139,081173,950141,
020855,950110,970782,599605388.0164865
020860,950110,020855,346535300.13004863
950110,020860,960509,400858428.232975
020870,020864,940004,606455176.7774316
020870,950113,020864,293302957.9063007
960513,950122,940005,418384681.9136547
02P119,940076,021025,11519913.819730416
940076,02P119,950407,16108408.028963627
081167,950341,960645,131687814.76062416
960680,970829,031117,96908771.86545175
021046,141205,970830,175245444.98855737
960658,950388,021025,178433119.21498418
950399,021022,940075,256843884.05823782
021018,950384,021020,154497185.45699602
950384,021018,950383,
021088,950483,02P211,76210481.44214737
960715,950483,021088,123927095.54538257
021096,02P212,111190,8087772.601971883
02P212,021096,021095,16707221.84105033
960745,021096,111190,84369988.40161353
02P124,021096,960745,8727118.612836907
021096,02P124,021095,103094325.65496707
02P124,960745,021094,11905804.077254843
960741,950496,021095,50699135.031715386
960741,960740,950496,178240908.1401088
02P124,960741,021095,101075484.82226308
960740,960741,021094,78581093.12246494
960741,02P124,021094,240659249.61054522
141208,960733,960734,
960734,960733,960729,
960733,950494,960729,
950494,960733,960732,
960732,960733,950497,
960733,960735,950497,
960733,141208,960735,
950484,960715,950482,510093538.3168856
950484,950483,960715,200128917.33366138
950492,960746,02P211,
950492,960726,960746,
950459,960690,950458,
950460,960690,950459,160013594.3922655
081168,02P210,970832,164410443.76030153
021091,960777,940098,192609722.52876988
021092,021091,940098,211952180.54282147
021062,950451,940087,224112703.4551563
021075,940093,950468,161186347.7639252
950485,021075,950468,209988994.66681585
021075,950485,950469,250610038.10022157
021075,960702,940093,159506958.05310822
960705,950471,021078,134690521.71655715
960686,950471,950413,
950471,960705,950413,
021039,960686,950413,307644203.9553234
950411,021039,950413,200877673.1645921
021039,950411,960669,328651940.6071026
950452,960710,940089,137253130.1599022
960710,950452,960688,243447590.0318973
950474,950477,021081,237717176.98288596
02P206,960759,960594,648009454.059808
93034,960759,93067,121887695.24415678
960759,93039,93067,127734748.78129649
93039,960759,02P206,262776338.51033732
93055,960599,02P206,
93090,03S045,970819,41056034.201747894
93095,93098,091178,36664312.33138686
091178,93098,950314,
93098,071160,950314,
93096,93098,93095,49053096.31539877
960606,950264,940048,51038485.193937145
950253,940052,950245,
940053,02P111,950252,
960755,93019,93011,121080363.23377249
960755,93063,960758,92069323.08357856
93019,960755,960758,111417612.67602494
93024,950226,93021,
950243,950247,960569,157006352.53709623
950243,950235,950245,
950203,11S070,950201,123384245.55213635
091176,950203,950201,269267067.68288904
950203,091176,101181,255129912.94014534
020892,950150,020894,280706128.10708326
950150,020892,02P204,279079538.44920963
950149,970794,960530,431299904.37944245
950364,940068,021009,235654599.90751767
021008,950364,021009,189283231.524512
940068,950364,960764,212134627.94744948
950364,950334,960764,204514811.29135925
950334,950364,021007,128092079.75756076
950351,950348,950349,106901644.56854078
960761,960763,950335,43358953.08638111
960763,950365,960764,76384748.45726585
950365,940068,960764,87802444.66612466
940068,950365,950366,112793957.46485612
960761,950365,960763,80412213.38302359
041139,03P214,950314,
03P214,041139,960637,
021010,950367,021009,182384564.17799485
021000,950367,111188,181658121.35348806
950367,021010,111188,195334684.6906079
021012,031111,950373,58689086.53209061
021012,031113,950376,50611315.37101483
950316,071155,03P214,28917584.94461005
071155,950376,950314,
03P214,071155,950314,
071155,021012,950376,37144243.61689355
071155,950316,031111,69775347.75040479
021012,071155,031111,59084406.43524925
950320,950319,960639,179521677.3864381
950319,950322,960639,195610248.8143047
950319,950320,950318,109653244.39246409
960763,960760,950335,52995377.40515424
950334,960760,960763,126846170.19986919
950326,950334,021007,145670339.81919906
950339,950370,950366,120839092.48845665
041130,970826,950373,150340819.29767135
021012,970826,031113,124854777.55744381
970826,021012,950373,146855161.6975429
950370,960650,051146,118870800.92312846
960650,950368,051146,167906207.2609882
950339,960650,950370,62749148.577341
960650,950339,950337,91451891.35466208
950368,021004,940069,118447821.1059358
960652,02P117,950369,91684638.49910328
02P117,960652,940069,16542276.609717771
02P117,021004,950369,135400593.41180092
021004,02P117,940069,25968782.61779898
950372,960652,03P215,12050890.469059743
960652,950372,031109,74164385.85744111
960652,950422,03P215,
021046,950428,940077,
071161,020997,950306,105019714.69872062
041136,071161,071160,38914901.614028245
950306,950307,950314,
950307,031104,950314,73707605.16421957
031104,940065,950314,128699042.2432029
950317,950260,940056,108938336.30727565
950260,960580,940056,155133895.90125093
950352,960649,950354,116996509.56106615
950345,960649,950349,180042074.16739467
960649,950352,950349,156241936.7759222
960645,950327,950382,
960640,950327,960645,76506600.92382869
950327,950252,950382,
02P112,950327,020975,
950327,950259,020975,
020878,05S051,940009,95640104.45153157
940009,05S051,950167,
020878,950118,950113,203058403.29335117
05S050,960519,950119,43552553.342717804
960502,020853,020854,429287405.9055973
020853,960502,970780,382353246.9728591
960502,020854,940002,305722603.0208862
950103,960502,940002,
970780,960502,950103,
950126,950120,020875,244934413.94786158
950106,950120,970785,
950120,950106,020875,
950130,950140,960525,516638493.82626534
950140,950131,020888,350070937.43016165
020888,950131,020875,
950131,950126,020875,
950130,950131,950140,500647649.5177735
081173,960533,950141,
960533,940016,950141,
960533,081173,020894,
940016,960533,950142,
960533,950158,950142,
940016,020890,950141,292179325.51021856
020890,940016,950142,199084544.62323302
950146,950140,950143,435250485.4004833
970794,950146,950143,371187993.390657
940022,960529,02P204,22819793.048950724
020892,940022,02P204,46420134.40517579
950136,950139,950141,
960755,960754,93063,111849074.50270031
950110,020857,970782,317486498.3444333
950107,020857,020858,165898300.4949208
020857,950107,970782,277114497.08928055
950167,940019,111184,
960505,970784,940004,384610807.3188027
970784,020870,940004,317852782.1741486
960503,02P202,020859,
950108,02P202,960503,
02P202,940004,020859,
02P202,960505,940004,49853358.193528615
950116,020878,950113,306598372.6473217
020870,950116,950113,165999033.6520507
950112,05S053,940010,
950378,021014,021016,92540559.7313806
02P118,091180,960645,14723303.972865522
091180,081167,960645,117291354.49766058
081167,960655,950341,162690979.05746424
091180,960655,081167,183865977.18805254
021014,960655,02P118,144001168.14521235
960655,091180,02P118,16630998.703345627
960655,970823,950341,201178970.12476093
970823,960655,950390,349721822.12826407
950328,960640,960645,199447941.2390602
021026,021015,950379,214511282.0381386
950383,960656,950382,
960656,021015,950382,
021018,960656,950383,
970829,940086,031118,232724816.0990912
960680,940086,970829,232645981.8976055
940086,970828,031118,365004546.8795015
940086,960680,960672,411207977.2875004
021035,960768,061151,233201295.08231357
950434,960680,031117,146715273.74988925
950436,950434,031117,179860793.19632486
960659,960658,021025,176375468.1552953
940076,960659,021025,189893460.72743618
021037,960659,940076,432451016.4066806
950409,940076,950407,285915599.2049003
950409,021037,940076,314947122.71525156
021037,950409,950412,214267060.79152182
950411,950409,950407,243222019.62271628
950409,950411,950412,235562797.7496958
021024,02P209,950388,115294536.12786949
960658,021024,950388,190646016.2762928
02P209,021024,940075,109516567.94953544
021024,950399,940075,217536941.62504756
021021,950384,950386,112782970.95357881
950384,021021,021020,159364408.02904028
021023,950400,061151,237044262.37194583
021030,950385,021020,128979027.28895584
031126,021058,950449,118929554.50577545
031126,950449,021059,117097335.27060968
940085,031126,02P211,
031126,021059,02P211,
950448,051141,021058,103857284.83201891
041134,021049,950447,145021623.82868958
021049,041134,950436,153203251.07104927
021049,021050,950447,128966796.8145375
950443,031119,970830,150826036.2711249
021058,051142,950449,75116657.05247042
950449,051142,021059,81872165.02727875
041133,960681,031118,137997638.68433943
960681,970829,031118,187364854.74061102
960714,021076,950469,201038728.84977654
960715,950481,950482,305386363.0982992
960714,950481,021076,325182345.8882565
021084,021088,02P122,
021084,950480,021088,
940095,960715,021088,202526429.3073111
950483,960716,02P211,92112442.20361805
950484,960716,950483,152624067.96668229
960716,950492,02P211,
950492,960716,960724,
950491,950492,960724,
021067,960690,950460,181160921.80931893
021067,950460,970832,201005995.98402277
021067,02P210,960772,220243342.3207378
02P210,021067,970832,253747184.24474782
940091,021065,950458,330765646.83673054
960690,940091,950458,
950450,021062,021065,122080453.7816773
021066,950450,021065,189563552.85754636
950450,021066,950454,229882509.79906568
950467,081168,950487,
950467,02P210,081168,286869849.45375067
940093,960773,950468,302549937.0493461
960696,960773,950464,228697138.88423905
960773,940093,950464,415646088.5276731
960777,940096,950487,
940096,950467,950487,
950467,940096,960717,177510975.64145344
940097,021091,021092,105273138.00136775
021090,950484,950482,214420914.52173615
960716,940099,960724,
940099,960716,950484,146501029.52651316
021090,940099,950484,308492074.3785387
940099,021090,942004,258757608.00288188
960726,960728,960731,
960731,960728,960729,
960728,960725,960729,
960728,960727,960725,146088910.99678993
960727,960723,960725,416093439.6679872
960777,960723,940098,
960723,960777,960725,
950491,960723,960727,
950461,970831,950454,408240228.9897783
960701,950465,081169,233688165.01448
960700,960710,960688,317346140.96379334
021076,021073,950469,144147678.88702014
021073,021075,950469,133617707.26101008
021073,960702,021075,169986073.0264932
021073,021076,081169,318035441.540788
960702,021073,081169,197320113.02698657
950465,021071,081169,167924322.89074346
021071,960702,081169,156384205.98452783
960702,021071,940093,110393316.79190631
940093,021071,950464,289512093.0775237
021071,950465,950464,157392112.3791866
960718,970837,950485,195031364.446477
950489,021090,950482,156448289.9709539
021090,950489,942004,152240095.19541317
950470,960705,021077,138005700.35445473
950470,950412,950413,497897121.7171321
960705,950470,950413,518868062.17732286
950471,021064,940089,218674398.8927983
021064,950471,960686,126076250.88934506
021064,950452,940089,186694337.05628175
950471,960707,021078,170894367.80916807
960707,950471,940089,193910482.87455806
960670,960669,950408,166375132.30859917
960670,021039,960669,129192117.17018338
960670,940079,021039,168497661.80105516
021060,940079,950408,282210240.15921926
940079,960670,950408,204087234.8386088
960687,021064,960686,125336138.08609074
021064,960687,950452,152738070.4473873
950476,02P122,021080,
950466,960701,081169,110972795.58627473
93047,02P206,950227,10155171.805899892
93039,93047,950227,111462200.38959293
93047,93039,02P206,41318649.94095393
93044,020959,950227,77974817.74445802
020959,93039,950227,89035426.38438413
93020,93025,93027,123874077.36802503
93024,93020,93027,124168962.77196246
93059,960599,93055,
960601,960600,141202,
95113,960601,141202,
02P206,960601,950227,
960599,960601,02P206,
93098,04S048,071160,34746559.28363332
03S045,93089,970819,34811376.94074545
93096,93089,03S045,52680272.894159116
93052,93096,93095,49904519.11467889
960624,93052,93095,65697805.32976172
93052,960624,93093,11453599.603773134
93052,93089,93096,44480687.08274776
93097,93096,03S045,56970895.59752164
93096,93097,93098,67383726.72673282
93097,04S048,93098,21385202.028887626
93090,020847,93084,171493029.5671857
02P114,950296,990838,148104713.91107196
93063,93029,960758,93918950.71770924
93046,92106,970813,41349232.38525442
960607,93064,93070,122666305.80009617
940052,020967,950245,160349196.0886324
93019,93028,950228,139940925.08935755
93028,93019,960758,102773699.136793
93029,93028,960758,88563851.12677594
081171,93019,950228,70691631.22877422
93011,081171,93013,168092183.07895067
93019,081171,93011,174427586.27341035
93026,081171,950228,27252094.65997508
93016,081171,93026,167500169.9546475
950224,93016,93012,117755374.72080037
081171,950224,93013,131058764.29558417
950224,081171,93016,99591928.66869292
93025,950225,93030,144038886.40311766
93033,93024,93027,82050625.40090676
93024,93033,950226,152250249.2703071
93033,960756,950226,111031267.24191272
93025,93033,93027,70832699.21838282
960756,93033,93025,155481256.58002317
970810,970806,950237,112989315.2173819
950233,960566,950237,
970806,950233,950237,
960565,950233,950232,119088852.9630574
950233,02P109,960566,
02P109,960565,950235,8854451.686907422
02P109,950233,960565,86405238.32852429
020964,950241,960569,162167823.1031785
950241,950243,960569,169161220.977686
950243,950241,950235,
950241,02P109,950235,
950266,020967,00R015,353400406.2331974
950203,05S054,11S070,
05S054,950203,101181,
960550,05S054,93022,
05S054,101181,93022,
950164,940028,111184,141498923.34343502
020893,950150,02P204,336541208.87650925
950149,020893,970794,311472553.8748845
960529,020893,02P204,173772685.21545607
020893,950146,970794,326946010.93676937
950146,020893,960529,280366791.010321
020893,960534,950150,
960534,020893,950149,
950232,02P104,960527,
02P104,950154,960527,
07S065,960550,02P213,
07S065,02P213,021098,
960519,07S065,021098,
07S065,960519,950167,
950343,950345,950349,169535042.13729805
950329,950343,950331,180196000.85632536
950348,950343,950349,120717046.0686751
950343,950348,950331,162875940.44723645
021002,950329,950331,156691413.81366688
950336,960761,950335,99221118.0535288
960761,950336,950337,87603654.7098435
061149,041139,950314,41069061.43015839
041139,061149,960636,108947189.87183663
950367,970824,021009,146564387.60125512
970824,021008,021009,195856987.55134237
970824,940066,960637,165532774.404252
021008,970824,960637,384637368.0243903
950316,071156,021000,42923316.480788775
071156,950367,021000,89748159.99667613
950261,950319,950318,132770056.53980564
940056,950261,950318,118008949.17496267
960580,950261,940056,250583633.98170748
950261,960580,950259,180962055.8883661
940067,950336,950335,144608993.70437583
950319,081170,950322,118808388.31075634
960760,960644,950335,46639754.863423996
950320,950321,960638,138833377.3411858
950324,960760,950334,101345785.61393452
950326,950324,950334,160239822.74097356
950324,960644,960760,46718853.237805195
950322,950324,960639,161009207.64480346
950324,950326,960639,158196090.58618993
950338,950365,960761,77531476.94605291
950338,960761,950337,103442099.59594937
950339,950338,950337,50322993.064047456
950365,950338,950366,71503859.49355505
950338,950339,950366,39985909.518286094
031113,940070,02P208,4325638.091571316
970826,940070,031113,65780245.27673534
950371,021011,051146,111795927.44801015
950371,031110,021011,91443064.94417949
031109,950371,051146,87199331.50069715
950372,950371,031109,158792956.43453825
950374,031110,121193,67252233.17422965
950374,041130,021011,73943854.75896652
031110,950374,021011,103272868.51502338
141203,940070,970826,74361600.25617562
940070,141203,02P208,3253825.04134994
141203,960653,031122,
141203,031122,051140,
02P208,141203,051140,
950340,021004,950368,108123474.54753989
950340,960650,950337,157757440.09334436
960650,950340,950368,128997531.93759006
021004,950340,950356,284553307.06197566
950361,950360,950362,108831493.08217748
950358,950352,950354,112744182.37177771
950360,950358,950354,185191650.97017333
950423,950424,031122,
950431,950428,021046,144787397.25563696
950424,950441,031122,74649992.8327942
960675,950441,950424,113276606.90451996
950305,950307,950306,187791709.5348263
020997,950305,950306,155940974.10067418
950305,020997,950303,147515752.84435904
061148,940065,950304,226212511.7380736
061149,061148,960636,87950729.67829177
940065,020998,950304,135814653.80857483
020998,940065,031104,147813923.17847365
950307,020998,031104,100499367.47971053
950305,020998,950307,156036974.58675674
960633,950294,021101,143078007.6563574
950291,950294,031128,137114801.27174863
950300,020994,960629,146448316.8869925
940055,950255,02P112,44816107.389868066
940055,02P112,020975,29095234.068064563
960648,950347,950345,182829129.39941734
950347,960649,950345,145947986.12043363
960649,950347,950354,162980936.1474918
940057,950327,960640,161814054.57322624
021002,940057,950329,215133498.26095587
950327,940057,960641,165576646.34834874
940057,021002,960641,162200707.7120062
05S051,950125,960531,76347277.30402805
950125,05S051,020878,148117753.42332363
950116,950125,020878,252043090.56231543
960512,020878,940009,202750848.21768683
960512,950118,020878,204587706.7105573
960519,960512,940009,212693611.07163873
020884,950120,950126,321176693.1334434
020884,950130,950129,303671732.81428117
020884,950129,940013,254351021.98853198
950137,950130,960525,137286482.2214761
950130,950137,950129,254627761.6645488
061150,950137,960525,55045885.919903144
950129,950137,950135,234511004.49999762
950137,061150,950135,107570440.71783544
950131,950127,950126,141289453.2033568
950127,950131,950130,311478337.61404186
950127,020884,950126,106298110.45467031
020884,950127,950130,247021356.78250563
020890,950133,950141,298286984.2724794
950133,970790,950141,
970790,950133,940012,342066665.6626074
950133,020885,940012,193092370.39528784
020885,950133,020890,260284018.4183023
970790,950132,950141,
950132,950136,950141,361569551.90346086
950132,970790,940014,377520487.6783129
950136,960523,950139,223030154.96985787
950139,960523,950135,316075105.5813094
950246,950240,020962,263286206.5283172
950265,950247,950267,220187462.95746008
950247,950265,960569,238828973.21544567
950265,020964,960569,318519326.71001893
020955,020954,940045,262191545.14558962
960753,960754,960755,146566060.4865884
960753,93011,93005,144025007.31330752
960753,960755,93011,160224721.72306904
960592,020955,940045,155143198.05504963
020979,960613,950272,151048627.4571934
960613,020957,950272,231692183.07030922
960506,960510,020858,314147454.6365361
020857,960506,020858,188822134.74326214
020885,020880,940012,176138826.26647004
020862,020857,950110,190293995.31099138
020862,960506,020857,406387978.277933
020865,950110,960509,326515098.8386243
020865,020862,950110,116680498.98941423
03S047,960532,940015,265084554.73938343
940019,960532,03S047,281594363.8261122
05S053,960532,940010,
940010,960532,960531,
960532,05S051,960531,
05S051,960532,950167,
960532,940019,950167,
07S064,940019,07S063,
950144,940019,03S047,227517268.97181144
950158,950144,950142,
950144,950158,07S063,
940019,950144,07S063,
960507,970784,960505,364682994.60429925
960507,02P202,950108,251995146.40316153
02P202,960507,960505,29740431.437810186
950125,960515,960531,223021132.84932247
960515,950125,950116,311104662.51419884
950122,960515,940005,296469356.84922755
960515,020870,940005,269104045.7739408
960515,950116,020870,134496141.40658647
020863,020866,950111,233938613.76870742
960504,020863,950111,275518462.8905722
960510,020863,960504,431005967.084946
020867,091177,960510,238205553.0978577
960506,020867,960510,247795260.84020448
020867,960506,940007,421528238.99403
950121,020874,131199,189384968.931769
020874,950121,020866,648695958.4030386
091177,020874,960510,
020874,020863,960510,
020863,020874,020866,
960532,950138,940015,100183608.32389326
950138,960532,05S053,
960521,940011,131199,330747057.3463146
950121,940011,020883,118946370.13897073
940011,950121,131199,283426420.52984285
960674,111189,121192,138766423.8875189
960766,950394,940077,293299824.5233859
950417,960674,121192,147373569.4721446
950342,960648,950345,172161088.09064674
950342,970823,960648,169394295.95175368
950328,021001,960640,170858677.73873952
021001,940057,960640,229816694.67591223
940057,021001,950329,143544490.6697086
021026,041135,021015,215065838.66104418
041135,021016,950382,
021015,041135,950382,
950381,960662,950379,193168197.36467093
960660,960662,950394,336302946.76358175
960660,021026,950379,175142491.52973422
960662,960660,950379,260578608.169691
940077,021032,960767,170936604.43558735
021015,111187,950379,106662596.45820802
960656,111187,021015,174130193.03865305
111187,950381,950379,150268931.53582495
940074,960656,021018,112372622.9847802
940074,021018,021020,131060836.02027087
950385,940074,021020,147853428.12910032
940078,021035,061151,149860364.75407648
021024,071164,950399,131390364.93584634
071164,960658,960665,264884914.49706045
071164,021024,960658,266590561.17783383
071157,071164,960665,141773807.0623036
021036,960666,960672,232275958.2466895
940078,021036,021035,196453238.2716067
021036,940078,960666,148265366.10487086
960680,021036,960672,
950434,021036,960680,
021031,950401,960663,191608909.0587209
960667,960768,021035,131093507.21121113
950433,021048,950435,153538820.69691718
021048,950434,950436,158730098.98782244
021048,041134,950435,134746648.74873313
041134,021048,950436,261903846.3435456
041137,950474,021081,112153721.7747159
021082,950475,021081,121083409.83803637
950475,041137,021081,162714155.69779918
021038,960769,960665,165244441.71599826
960769,071157,960665,136034777.61040506
960666,960769,960672,389515318.5515346
071157,960769,960666,205638310.69544208
021040,940086,960672,514103394.9416236
940086,021040,970828,
960659,950410,960658,196942514.17284796
960658,950410,960665,350036588.5202736
950410,021038,960665,264860099.47284672
950410,960659,021037,230194087.5902352
950387,021021,950386,186534153.8511959
950387,021023,960663,145780407.73533243
021030,950387,960663,201682638.35631377
021021,950387,021020,271530811.98313206
950387,021030,021020,252404867.6165337
960657,950400,021023,232075581.82142404
021022,960657,950386,141753461.64986274
950399,960657,021022,187564906.9307348
960657,950387,950386,358688077.86892986
950387,960657,021023,194827202.09820345
041132,950433,950435,121453460.85677493
041134,041132,950435,99160573.21195862
041132,041134,031123,90103928.97145456
950443,950445,031119,95850127.78797418
031119,950445,940083,106652213.52612281
02P120,950443,960683,9200633.584967164
940084,02P120,960683,4645259.3252928415
02P120,950445,950443,96664007.0624919
950445,02P120,940084,49201529.59003598
031125,950448,021058,103234880.78272101
031125,031126,940085,92580848.65551174
031126,031125,021058,165509710.55757084
960684,940084,960683,35552827.697418556
031124,051142,021058,81574885.91869453
031124,051141,950447,87266157.41110884
051141,031124,021058,73714383.06733467
021050,031124,950447,103316188.01702859
051142,031124,021050,156509733.22578087
950437,041133,021059,87758684.10704786
051142,950437,021059,134408293.5017221
950437,051142,021050,91622712.39696962
950437,960681,041133,73799420.3383963
960681,950437,021050,91821764.35166489
021049,081165,021050,160651410.1358868
081165,960681,021050,83621752.22294697
081165,021049,950436,106292288.70013468
081165,950436,031117,122958130.74892719
970829,081165,031117,113791423.0346736
960681,081165,970829,103300905.94342598
950481,021087,950482,93691262.70080528
021087,950481,960714,141430882.58052555
021087,950489,950482,162882590.61003247
940094,021084,02P122,29445955.355167296
950476,940094,02P122,61177698.87801526
940094,960711,021084,97128895.5416712
950477,960711,021081,301884856.01236254
960711,021082,021081,311445728.7335218
960711,950476,021082,271969162.3624898
960711,940094,950476,209225949.16698897
950480,960713,021088,35670958.00346277
960713,940095,021088,20273266.94280465
950481,950479,021076,317978111.2402364
950489,960722,942004,165444870.42450494
950492,950493,960726,181152428.680452
950491,950493,950492,
950493,960728,960726,197357475.50001574
950493,950491,960727,
960728,950493,960727,172042154.40759364
021067,960689,960690,186529957.65987986
960689,940091,960690,329321823.5921825
960689,021067,960772,131598917.81086765
960771,950450,950454,243741749.1087996
970831,960771,950454,233848825.00281262
960771,950451,021062,251195158.44701228
950450,960771,021062,191838184.6494373
021066,950455,950454,171739843.31261006
950455,950461,950454,367580168.14066774
950455,960689,960772,174712288.96452367
960689,950455,021066,155733865.14479002
950467,960774,02P210,333363544.02122325
021091,950488,960777,298827814.254327
940096,970834,960717,168742937.29015478
970834,950485,950468,280439101.7499134
970834,960718,950485,218534313.41167387
960721,940097,021092,132887958.29429848
960722,960721,021092,85780548.1739458
021093,940099,942004,211535469.22209322
960722,021093,942004,176591111.84198558
021093,950491,960724,
940099,021093,960724,
021069,970831,950464,117085727.84112427
021069,960700,960688,195580219.85247993
950465,021069,950464,177712345.11862624
960700,021069,950465,107043686.59465705
960694,970831,950461,154010960.61358413
960694,960696,950464,89315403.3657415
970831,960694,950464,240362420.34861743
960700,021070,960710,128610296.55523689
960701,021070,950465,168720399.5200343
021070,960700,950465,107490651.7184759
970837,960776,960719,177785603.87059972
960776,960721,960719,72854002.38234696
960721,960776,940097,153435139.0237998
940097,960776,021091,113429900.1585169
960776,960718,970836,56528902.89243527
960776,970837,960718,182979850.97798163
950488,960776,970836,107893399.27414379
960776,950488,021091,254908200.28796554
960720,960722,950489,62992620.290926516
960721,960720,960719,23892058.286820658
960720,960721,960722,33950742.96866558
970837,950486,950485,196394818.24685973
950486,021087,960714,206683781.20316795
021087,950486,950489,280484660.7997366
950485,950486,950469,370081809.96093667
950486,960714,950469,169471483.4746279
970828,950473,021080,548593280.827505
960707,970833,021078,175791677.46233317
950474,970833,960703,142690725.22260326
021039,021061,960686,159154341.4889663
940079,021061,021039,139436780.2042645
021061,960687,960686,181350757.15935776
960685,940079,021060,189815217.9656753
960685,021060,940087,260295772.2303421
960685,021061,940079,183258962.64226222
021061,960685,960687,165960028.76289555
950474,960704,950477,294537445.6408413
960704,950466,950477,133431295.54491034
960704,950474,960703,117254376.0055477
960701,960704,960703,69368341.6354325
950466,960704,960701,78041249.57552262
93020,93015,93010,78790825.35785401
93015,93020,93024,92038914.94119069
93015,93024,93021,188287361.18018
02P107,93044,950227,84485580.06327249
950226,02P107,95113,
960601,02P107,950227,
02P107,960601,95113,
93037,93025,93030,124395698.56197894
93037,960756,93025,117955362.79608221
02P107,93037,93044,184412905.77188557
93037,02P107,960756,82025057.03004761
960601,93060,960600,55609403.11473112
93060,960601,960599,24776595.930008028
93060,93059,960600,17983966.158124987
93059,93060,960599,12312198.246004524
970821,041136,071160,28596524.259391423
04S048,970821,071160,33908137.13541461
93078,93073,93074,146498659.91572827
93089,02S043,970819,22578930.940574076
93052,02S043,93089,39146871.16588697
031102,950275,950277,311309325.11490625
93073,031102,93074,147938458.301024
93038,960607,93070,191757758.74162143
020960,93035,93034,77432762.79344927
020960,93029,93035,66493788.0652877
93028,020960,93034,98726248.01163901
020960,93028,93029,75141542.03191404
93029,93066,93035,89349187.66542658
020984,950268,950267,228310037.2741952
020847,960616,93084,239922684.28660226
960616,020847,950277,204582941.39124584
950263,020979,950272,140631361.9400529
960612,950263,950272,263010142.69877198
031102,950263,950275,
960612,950271,00R019,143076331.67436838
020984,950271,950268,250840032.73289016
960577,071158,940054,83123117.13770269
960575,940053,950252,
950327,960575,950252,
960575,950327,02P112,
950255,960575,02P112,
960575,950255,020973,
960575,020973,940054,
071158,960575,940054,
020971,950253,950252,
02P111,020971,950252,289428380.7407153
020971,02P111,940053,13865852.57322756
960574,940052,950253,
020971,960574,950253,152418187.6113507
960574,020971,960576,182458577.75659716
020966,960574,960576,170344608.38916177
020966,960576,071158,243018594.55537063
960577,020966,071158,236711174.92876795
020973,960578,940054,131252982.85231082
950255,960578,020973,172225712.4043706
970804,93026,950228,107424972.63747339
93028,970804,950228,122324991.66713451
970804,93032,93026,82607269.19507952
970804,93028,93034,53973277.43555725
970804,93034,93067,109630406.79948072
93032,970804,93067,113462022.7665638
93032,93036,93026,122280827.95941107
93039,93036,93067,140310414.761472
93036,93032,93067,139810432.52962482
93020,93014,93025,248367029.45392194
93014,950225,93025,205937132.9236841
93014,93018,950225,88418385.07513127
93018,93014,93012,107044502.28876956
93002,020947,960590,287937444.91400814
020947,950213,960590,148744625.20423496
950213,020947,960581,219271685.2794787
020947,940042,960581,264624643.67734754
970806,950238,960571,86727195.46743329
970810,950238,970806,141458118.90984806
02P110,950241,020964,183291531.2822263
950241,02P110,02P109,
940046,950266,00R015,140330425.67553154
950266,940046,99R004,120122296.5339064
940046,950270,99R004,89287423.3765749
960570,950243,950245,116704687.10406686
950243,960570,950247,403453152.7889066
020967,960570,950245,168374436.13525602
950266,960570,020967,405160249.5728361
05S054,14P125,11S070,
020946,970800,020944,176502231.14900455
970800,020946,950214,126123689.52777381
950211,020946,020944,178792711.41658607
020946,950211,960581,269706394.6809682
940041,091176,020944,183364149.0242431
970800,940041,020944,94241434.9258485
091176,940041,101181,196507854.60154927
101181,940041,93022,
940041,950214,93022,
940041,970800,950214,34118851.80914724
950214,07S069,93022,
940042,07S069,960581,204021249.23451585
07S069,020946,960581,241420553.79511356
020946,07S069,950214,51458592.27415696
950211,950212,960581,182148614.61070132
950205,091176,950201,164065274.09171915
091176,950205,020944,105468666.43210334
950205,950211,020944,133292004.45096032
020943,020940,010845,155529533.6071183
950205,020943,950211,188744867.07715753
020943,950205,020940,235979917.57237342
020903,950158,950156,246167231.12365276
950158,020903,07S063,151385226.46285865
940024,960533,020894,237428542.13071346
960538,950151,960542,261437167.3173203
950151,960534,960542,212258528.2459163
940023,950149,960530,410236488.5738982
940023,02P102,960527,
02P102,940023,960530,
950154,940023,960527,
020898,940023,950154,
091174,020898,950154,264672389.78498062
020940,960560,010845,157821952.45443118
960560,960559,010845,211104557.02448845
970797,950178,950180,219091956.96804425
960560,07S067,960559,94053046.30278917
07S065,02P205,960550,
960547,020905,970795,380977446.8351163
020905,960547,950164,244745840.1740699
950164,960547,940028,333925924.2823591
940028,960547,950167,142413132.21658456
020907,960547,970795,254585604.77411282
960547,020907,121191,336352337.7470171
950163,020907,970795,287007283.79426163
020907,950163,950166,309899267.8412234
950163,950165,950166,248151460.25226888
950165,071159,950166,290635350.6662078
950343,960647,950345,152067327.91905415
960647,950343,950329,139037172.0920243
021001,960647,950329,112150496.95637845
960647,950342,950345,170330970.40884727
950342,960647,950328,291518730.2183415
960647,021001,950328,187102065.44185206
020999,041139,960636,109917899.8806402
950309,960633,021101,147889142.88761395
950309,061148,950304,454876917.32000214
950321,051143,021101,409381041.54364306
031107,970824,950367,200296104.11271986
940066,031107,03P214,24352366.78411466
970824,031107,940066,102609312.91561577
950348,950332,950331,204791202.2080718
940067,950332,950348,257032552.87189046
940067,950355,950336,108211109.70830263
950336,950355,950337,114446348.92716013
950355,950340,950337,179686081.55960685
950340,950355,950356,333059237.872405
950261,020978,950319,141490351.87047705
020978,081170,950319,209336252.52338868
020978,950261,950259,
960643,081170,021003,108725429.60315605
081170,960643,950322,75054098.57777809
960643,950324,950322,112454238.56299412
950324,960643,960644,68185884.79275392
950371,071154,031110,57884582.117998436
071154,950371,950372,182450699.48865005
031110,071154,121193,40255915.92934241
071154,950372,03P215,50555637.81789144
031112,950374,121193,75482673.8445839
071154,031112,121193,33809684.25285169
031112,071154,03P215,44751393.17598947
960653,031112,031122,
031112,950423,031122,
950363,950361,950362,82743184.69228813
950361,950363,950369,176640861.52571797
950363,960652,950369,438903551.2153975
950363,950422,960652,
950359,950358,950360,101840300.01621418
950359,950361,950369,270920707.4010982
950361,950359,950360,127954153.87256233
021004,950359,950369,251933207.32704753
950359,021004,950356,298665919.2854925
950352,950359,950356,186651493.92829087
950358,950359,950352,54989187.92812344
960673,950363,950362,74775137.55506784
031112,03P216,950423,
950422,03P216,03P215,
03P216,031112,03P215,
031120,031121,950442,116035310.57948987
950445,031120,940083,63814349.103778325
031120,950445,031121,
950439,031120,950442,137104459.2196189
031119,010846,970830,121436696.70363732
010846,021046,970830,144646098.2660418
010846,950431,021046,129765930.67932834
950431,950419,950428,96174928.15667796
950419,960674,950428,148436516.93852997
960674,950419,111189,114730924.29169619
950423,031116,950424,106771811.7317636
03P216,031116,950423,41357435.490183495
93102,020997,071161,92561583.38069524
020997,93102,950303,80187179.76167667
031105,061149,950314,74066563.03752172
031105,061148,061149,93607786.4055999
940065,031105,950314,38812199.95829428
061148,031105,940065,63662959.614507265
940063,950300,960629,117340137.46025324
960631,950299,960633,164004857.45946208
960631,960632,950304,27190713.100338638
020993,970812,950291,43669395.31286247
950321,970812,960638,165299850.35320753
970812,950285,960638,291934277.5858859
970812,020993,950285,93203826.86082952
970812,950321,021101,317272821.2225771
950294,970812,021101,136264573.427067
970812,950294,950291,60236221.32088801
950299,970822,960633,103506776.32384765
970822,950294,960633,211721520.222813
950294,970822,031128,124950948.11803357
970822,940060,031128,126560334.41773921
950260,960579,960580,122091991.23894674
960579,940055,020975,169803356.37644336
960579,950257,940055,133640753.83160566
950259,960579,020975,153845786.31258333
960580,960579,950259,113635664.49251503
960512,020869,950118,183873103.97877452
020869,950115,950113,113459444.6912466
950118,020869,950113,178690261.4210369
950115,020869,950109,
950109,020869,950119,
020869,05S050,950119,
960517,020884,940013,104672365.65515064
020884,960517,950120,169443604.2972003
960517,940013,970785,
950120,960517,970785,
940018,950147,081173,
950147,020892,081173,350243184.3239609
940022,950147,960529,72337339.3382723
950147,940022,020892,204537023.42148587
950139,970792,081173,
970792,940018,081173,
970792,950139,950135,320053635.4849709
061150,970792,950135,201835035.52622938
940018,970792,061150,125687082.4692354
960526,061150,960525,49619545.81639065
960526,940018,061150,35585558.13756901
020877,020872,950117,252437819.3906977
950117,020872,970785,210251480.10366458
020872,940008,970785,328976085.40718865
020872,960509,940008,515084962.6060584
960522,960523,950136,189837690.71050566
960522,950132,940014,236324089.1571259
950132,960522,950136,280893512.74706197
940013,020876,970785,
020876,950117,970785,129054758.77470568
020876,020877,950117,234174028.61048487
960523,950128,950135,355332958.43716204
950128,950129,950135,449821505.6871679
950129,950128,940013,514181075.08163047
960522,950128,960523,212177147.340265
950239,950240,960568,168400863.2593035
020961,950239,960568,90208808.05865875
950239,950238,970810,110659579.94872394
950238,950239,020961,86520641.04978593
950240,970807,960566,64800450.34906582
960566,970807,950237,60309879.934412986
970807,970810,950237,116055718.56096861
970807,950239,970810,118982678.08590038
950239,970807,950240,199350243.0829065
020952,950242,950246,275635913.3941839
950240,950242,960568,170676391.1283936
950242,950240,950246,195876523.62680984
020963,020961,960568,319142629.50763613
020961,020963,950206,317511799.56446606
950242,020963,960568,241172424.78601345
020963,950242,020952,502778895.09022135
020963,020952,950220,322494907.6264039
020964,950244,020962,102904745.09660773
950244,950246,020962,156866157.55063644
960752,020954,020955,159695093.60824504
020952,960752,950220,243712904.6824044
020958,960613,950264,365836992.95624465
960613,020958,020957,414851776.6018355
020956,960753,93005,108578647.61920469
020956,960592,960753,249924217.76995337
950222,020956,93005,124919352.2047411
960592,020956,020955,158860388.05180484
020956,960752,020955,196113462.0139703
960506,960508,940007,167253315.51399896
020862,960508,960506,244564415.99454772
020865,960508,020862,196995402.2980323
960508,020871,940007,219278791.3620514
020871,960508,020865,256530217.36656648
020871,960514,940007,308974014.61392903
020880,960514,940012,270808461.1384488
960514,970790,940012,
970790,960516,940014,461104230.91759515
960516,020877,940014,265981165.33879596
960514,960516,970790,
960516,960514,020871,503069387.9522447
950162,950164,111184,94654852.01443172
950162,07S064,950164,90829877.30740862
940019,950162,111184,
07S064,950162,940019,
940027,020905,950164,182584695.7317627
07S064,940027,950164,180047538.80113664
940027,07S064,07S063,104638982.63353269
020903,940027,07S063,234386633.637528
940027,020903,020905,316477369.12099916
960507,05S049,970784,212707793.45724198
020870,05S049,940005,134615933.20240307
970784,05S049,020870,149599189.88701814
05S049,960513,940005,184861038.5591825
05S049,960507,960513,606830637.4616467
020861,960503,950111,311432948.0645109
020866,020861,950111,243911425.55004257
020881,940010,960531,236491573.2520336
960515,020881,960531,235006668.9202595
020881,960515,950122,160136098.68383884
970787,020867,940007,262701222.92416045
960514,970787,940007,245298824.26556188
970787,960514,020880,265011088.51933372
970787,020880,960518,292167952.43535227
091177,970787,960518,290225338.4104116
020867,970787,091177,361084694.8879718
020879,020874,091177,187686330.0427143
020879,091177,960518,161744023.2856349
020879,960521,131199,323605498.0222568
020874,020879,131199,195298325.77795276
020887,020891,03S047,
950144,020891,950142,156890865.81779557
020891,950144,03S047,195168882.80961755
020891,020890,950142,304926020.4891001
020891,020885,020890,
020891,020887,020885,
020887,950134,960521,194642737.09331894
950134,020887,03S047,
940011,020886,020883,227840293.31031528
950112,020886,05S053,142054694.18849713
02P203,950112,940010,46788499.47845455
02P203,05S052,950112,94949661.89065379
020881,02P203,940010,54657455.96840823
02P203,020881,950122,181864567.9464559
960513,950124,950122,308824047.2293823
950124,02P203,950122,254502088.6209476
02P203,950124,05S052,151422679.69386807
000843,950378,021016,250494057.89226618
950392,960660,950394,282082181.8164329
960660,950392,021026,196100974.4242585
960677,960766,940077,231879724.92659578
960762,950360,950354,239190075.73771757
950347,960762,950354,145554822.03942743
950344,960762,950347,170550186.52917415
970823,950344,960648,176155308.33817852
950344,950347,960648,165531323.88861868
021044,021029,960676,135246869.93181345
950417,950429,960674,107936142.66461106
950421,950417,121192,107979326.38609996
960646,950328,960645,188187014.27945995
960646,950342,950328,192689641.1458944
950341,960646,960645,124191861.20190677
970823,960646,950341,113742762.325117
950342,960646,970823,184392622.71403167
021030,950398,950385,220575404.38360932
950381,950398,960662,261560554.28963947
950401,950398,960663,361055120.7581176
950398,021030,960663,270700973.14920104
021019,940074,950385,199723290.49160826
950398,021019,950385,323033198.6005321
021019,950398,950381,269330180.5702317
111187,021019,950381,181225887.38035348
021019,111187,960656,220931598.1032626
940074,021019,960656,136363211.33351403
071157,950403,071164,163710624.1734034
071164,950403,950399,151735838.79160568
950403,960657,950399,328569400.48778343
960657,950403,950400,142338099.2111906
950400,950403,061151,151276147.9813384
950403,940078,061151,162421284.08424184
940078,950403,960666,167084738.84337714
950403,071157,960666,169731152.45256644
960768,950402,061151,207691875.0026385
950402,021031,960663,94087090.78787671
950402,021023,061151,308350478.3681296
021023,950402,960663,209229726.88174766
960679,960667,021035,233195354.18982264
960679,021048,950433,197262290.53559715
021048,960679,950434,179672704.1068424
021036,960679,021035,237864402.69830975
960679,021036,950434,358549528.6686158
131197,960679,950433,254523589.51623717
960679,131197,960667,204682178.47989818
950472,960706,021077,238181880.6116862
970833,950472,021078,130556434.56255177
950472,960705,021078,87495286.19156167
960705,950472,021077,241072954.41243225
041137,950472,950474,102189961.6171248
950472,970833,950474,138281456.37997583
950414,960769,021038,124650317.12021692
960769,950414,960672,319557671.2513615
950414,021040,960672,163023349.3083842
051147,950410,021037,201323622.10524964
950410,051147,021038,211927752.3726635
051147,950414,021038,140423301.66256297
950414,051147,021040,172711035.7061212
051147,021037,950412,229002660.0835797
950470,051147,950412,599111021.7071439
141205,021052,970830,298378670.9322408
021052,950443,970830,211860364.69648698
081166,950445,940084,82280218.4061969
950445,081166,031121,
081166,940085,031122,
960684,081166,940084,62324097.25451165
081172,051141,950448,79985102.89583169
081172,081166,960684,69466009.21135159
031125,081172,950448,59376468.37427191
081172,031125,940085,55619613.62388391
081166,081172,940085,
021056,960684,031123,96069831.92781243
051141,021056,950447,81662634.9196537
081172,021056,051141,67935241.98340175
021056,081172,960684,105607797.42996293
021056,041134,950447,189162134.8106826
041134,021056,031123,32319148.25727278
940095,021085,960715,192131506.03837663
960713,021085,940095,37993117.80704539
021085,960713,950480,80140659.43646766
950466,950478,950477,322918177.1175559
950479,950478,021076,210217658.9490911
021076,950478,081169,323681226.0206613
950478,950466,081169,182633552.5378289
950490,960722,021092,181465099.56951383
950490,960723,950491,
021093,950490,950491,157880419.82979023
950490,021093,960722,310088956.740755
950490,021092,940098,239976397.8502016
960723,950490,940098,
940091,960770,021065,137197845.2573892
960689,960770,940091,102881388.94803439
960770,021066,021065,147623705.90866217
960770,960689,021066,135651895.28894982
02P210,021068,960772,80187256.28039095
960774,021068,02P210,139285961.84747317
021068,960693,960772,186685577.78972322
960693,950455,960772,221458750.46212348
950455,960693,950461,192921115.90588304
021074,950467,960717,171218589.2561817
021074,960774,950467,178263199.70701936
970835,940096,960777,
950488,970835,960777,
970835,970834,940096,117410867.24885726
970835,950488,970836,144887419.8586559
960718,970835,970836,118313919.96939571
970834,970835,960718,200614116.2424646
950453,960771,970831,139840409.76156464
021069,950453,970831,107266106.22585319
950453,021069,960688,138631107.1535793
950451,950453,960688,234294926.19392475
960771,950453,950451,151694365.29882196
021089,970837,960719,120898774.13124007
021089,950486,970837,89959308.03171559
960720,021089,960719,49876212.38638513
021089,960720,950489,98341997.63362804
950486,021089,950489,75024174.51409557
960709,950473,960706,136664897.3166434
950475,960709,041137,251012823.06379142
950472,960709,960706,146928871.00590613
960709,950472,041137,205513208.56871662
021079,950475,021082,135420898.60432348
021079,960709,950475,205535893.92867053
960709,021079,950473,159049053.26087636
970833,960699,960703,128615984.92794798
960699,970833,960707,108775241.54408292
960699,960701,960703,99060013.0403012
960710,960699,940089,125682309.52851184
960699,960707,940089,135771617.25191912
021070,960699,960710,163647163.73583072
960699,021070,960701,204136585.80536455
950451,021063,940087,200757617.73320445
021063,960685,940087,226828992.71725097
021063,950451,960688,210471241.96747732
960685,021063,960687,103335036.11985715
950452,021063,960688,184395085.45811298
960687,021063,950452,135119030.68069378
93059,93057,960600,89000509.34381144
93057,93059,93055,
960596,93057,93055,110911771.27301668
93035,93051,93034,
93051,93048,93062,82708376.36092135
960759,93051,960594,127525818.45995831
93051,960759,93034,
95105,92106,101183,20730743.693142556
93048,95105,101183,22097839.331232272
95105,93051,93035,
93051,95105,93048,160021784.72396925
960597,93057,960596,32883066.162878267
960600,960597,141202,297764251.07688665
93057,960597,960600,114689785.58936745
93053,960596,93062,340010834.59898686
131194,93053,93062,97498321.6365549
93053,960597,960596,
960597,93053,960628,
93085,02P114,990838,13168336.003242169
000841,131194,93062,25468046.254670344
000841,93048,101183,7105048.334957473
93048,000841,93062,19262648.58027949
92106,000841,101183,7459365.512059783
000841,92106,93046,24834658.63968768
131194,000841,93046,26275802.52093587
960756,93041,950226,79654084.38627437
93041,02P107,950226,14306965.728528837
02P107,93041,960756,14994197.816685287
970821,93050,041136,20719918.202264685
93099,93050,93084,131606689.20586823
93050,93090,93084,167729268.71448696
93090,93050,03S045,49961973.81670768
93050,93097,03S045,57714960.29547666
93097,93050,04S048,36316598.191091105
93050,970821,04S048,37549443.46454963
93078,93077,93073,160843837.42306983
93077,93081,950296,56483391.79849688
93081,93077,93078,87417338.39425546
020847,950295,950277,125323471.77843213
950295,970818,950277,150150037.970961
950295,93090,970819,91258261.14516525
950295,020847,93090,157045689.2644119
02S043,950295,970819,50353767.720425084
93091,93052,93093,37719693.769112125
93091,970820,141209,
93091,02S043,93052,54960482.1482327
000842,970820,02P115,72290474.35482484
93081,000842,02P115,68645875.34592088
000842,93081,93078,75235129.19260322
970818,93079,950277,119904852.28669518
93079,031102,950277,285682790.0677402
031102,93079,93074,106010569.86879143
93079,970818,141209,
020981,960606,940048,73097781.3744584
960606,020981,93070,177543928.87143546
950230,95105,93035,143607644.0644508
93065,93029,93063,165513243.77499714
93065,93066,93029,120903520.0412896
960607,93065,93064,98436065.93561614
960754,93065,93063,138217655.54042742
020957,960610,950272,172777778.54824436
950271,99R006,00R019,203090306.56790435
99R006,950271,020984,138187769.29848897
020983,950266,99R004,274326616.2802427
99R006,020983,99R004,109311523.72777954
020983,99R006,020984,70296397.60155717
960570,020983,950247,282615605.4509763
020983,960570,950266,271994031.5805119
950247,020983,950267,139782364.50308195
020983,020984,950267,132027374.40473647
940047,031127,960615,158840995.9863914
99R006,960608,00R019,94996368.92527187
950270,960608,99R004,81455947.09794301
960608,99R006,99R004,97327941.51586403
960611,960609,00R015,
960609,960608,950270,51240378.481432244
960609,940046,00R015,169890273.61310297
940046,960609,950270,51689457.192014314
960616,950278,93084,127946536.05128936
020987,950263,960612,176724918.6885225
020987,940047,960615,141106289.9188407
950275,020987,960615,137026157.6120701
950263,020987,950275,362922616.5905675
020987,960612,00R019,218512401.45117962
93069,031102,93073,202125352.68494588
93069,950263,031102,
93071,93069,93073,91756207.78012478
93069,020981,940048,102905882.63148805
020981,93069,93071,80808516.67559344
950271,020985,950268,104806471.2048032
960610,020985,950272,97852664.37529944
020985,960612,950272,210115994.67509836
020985,950271,960612,135453764.41910857
020985,03S046,950268,95692455.188171
020985,960610,03S046,65926217.21143294
020969,960577,940054,157002906.28610575
960578,020969,940054,243705802.7673191
020969,960578,950251,316465003.3245678
020969,950251,960573,245539811.76879743
020972,020971,940053,115704362.37862104
020971,020972,960576,152106384.86321902
960575,020972,940053,152760293.01564834
960576,020972,071158,166526402.63083702
020972,960575,071158,164597626.75017834
950248,020966,960577,224533306.15460205
950248,020969,960573,112111774.90880576
020969,950248,960577,249283801.09581047
020976,950258,950285,273758092.1299612
950298,970822,950299,85697861.45030418
970822,950298,940060,141359030.00087574
020994,950292,960629,104336510.5843045
950292,950298,960629,110615007.40249456
960572,020967,940052,98568561.24768257
960572,950250,020967,187027857.48502728
020967,041138,00R015,175991214.45885697
950250,041138,020967,224697144.4609722
041138,960611,00R015,
93023,93016,93026,170918634.99074262
93036,93023,93026,375567079.32969487
93018,93023,950225,92468847.4376828
950225,93023,93030,152986995.17351547
93023,93036,93030,361146012.29220706
93016,93023,93012,166362600.59257272
93023,93018,93012,112360976.29987812
93036,93045,93030,153327640.88232625
93045,93037,93030,149029314.24742088
020959,93045,93039,70111943.26953137
93045,93036,93039,104115952.63075523
93045,020959,93044,59940751.85397481
93037,93045,93044,188317165.79502174
950224,93008,93013,83743662.86880395
93008,950224,93012,112310297.59829299
960584,93020,93010,280509546.1654161
960584,93014,93020,178759574.94916555
940042,950216,93004,176312416.07008472
020947,950216,940042,176719603.24052006
960559,960561,010845,198883151.3489646
960561,950209,020948,309477452.8804643
960567,020964,020962,180303546.3066627
960567,02P110,020964,11652504.715645675
950179,14P125,111185,
950179,970797,020920,172650444.1432171
970797,950179,950178,214553272.26492718
07S069,93009,93022,
93009,07S069,940042,
93009,940042,93004,
93009,93021,93022,173427359.75451782
93009,93004,93010,281009575.57302386
93009,93015,93021,215876701.26239637
93015,93009,93010,214018278.88829458
960561,020942,010845,98181565.28574234
020942,960561,020948,178592215.89911157
020924,950181,020922,295056510.75337183
091174,950181,950155,264584730.34660256
940024,020896,960533,235715366.98523214
020896,940024,950152,166107423.17855108
960533,020896,950158,
950150,020895,020894,259013708.1013418
020895,940024,020894,232438963.50800776
950155,960541,960538,187045214.68418005
020897,940023,020898,
960534,020897,960542,241255176.9695442
020897,960534,950149,
940023,020897,950149,
960540,960538,960542,158812095.81389225
960540,950155,960538,90707491.93979086
960540,091174,950155,109826949.62794508
950200,07S067,960560,69107542.64319088
950200,960560,020940,108693676.38657711
091179,950179,111185,145626853.58666405
950179,091179,950178,146620229.25089997
14P125,06S059,111185,
06S059,14P125,05S054,
960549,06S059,05S054,275438958.05963844
091179,020917,950178,177571134.14667168
950236,020961,950206,607483119.4854143
950204,950236,950206,214113996.0147942
950236,950197,960564,
940049,950231,960564,271377454.4088342
950197,940049,960564,217201393.2578141
950194,950231,02P105,
950194,02P104,950232,
950231,950194,950232,
940050,970806,960571,126210672.56669404
940050,950231,950232,
950233,940050,950232,
940050,950233,970806,389854731.38036186
960556,020917,020931,399855045.4269601
960556,940035,950178,222441388.07298675
020917,960556,950178,611887814.4812032
960557,07S067,950180,310923179.77102524
020921,091174,950154,409975887.30798566
950181,950182,020922,166995609.89009187
950182,950181,091174,442038869.16997916
020921,950182,091174,348732833.3487078
950182,020921,950184,95902586.91133463
02P205,950171,07S066,3777695.055510964
950171,02P205,07S065,10490231.192124808
06S057,02P205,07S066,
02P205,06S057,960550,
020911,020910,940029,168967136.34757635
020910,071159,940029,219006846.55033827
950171,960546,07S066,69862917.82047753
020910,960546,121191,227799587.34751233
960546,020910,020911,243197338.55695766
970796,071159,960544,317716088.00833446
071159,970796,940029,248275804.82305217
970796,020912,940029,123514036.4573372
071159,020908,960544,273995790.1632757
950165,020908,071159,270650028.7368327
960543,950165,950163,167311552.4312309
960543,020904,970798,168577782.3028078
950165,960543,970798,335272920.9129661
950311,020999,960636,95124982.38183443
020999,950311,041129,98421217.87226723
061148,950311,960636,82002375.9100559
950309,950311,061148,356594003.37250286
041139,031106,960637,72658668.53525029
020999,031106,041139,100627804.19140837
950309,02P116,960633,133068017.45704931
02P116,960631,960633,81720821.03234068
960631,02P116,960632,3193631.415482796
960632,02P116,950304,3376510.359954332
02P116,950309,950304,74324835.6457539
051143,960634,021101,166153362.88250598
940062,051143,950321,185661278.4740238
940062,950320,960639,137095027.64973798
940062,950321,950320,171696448.84846565
071156,950315,950367,85780869.50348681
950315,031107,950367,81401564.90277171
950315,071156,950316,21232721.45115425
950315,950316,03P214,40635082.09874155
031107,950315,03P214,11618907.384316783
950353,940067,950348,153923027.7433126
950353,950355,940067,63092625.25728619
950353,950348,950351,117065466.65305178
950353,950351,950356,84728674.45607649
950355,950353,950356,77779145.96056135
960642,950332,021003,75730156.58919959
950332,960642,950331,191502186.33185738
021002,960642,960641,178533718.7140322
960642,021002,950331,171227268.3542321
081170,151210,021003,
020978,151210,081170,
151210,020978,950259,
151210,950327,960641,
950327,151210,950259,
950333,960643,021003,101159762.25100133
960643,950333,960644,54609369.035767205
950332,950333,021003,71017660.27878061
960644,950333,950335,110565710.05306475
950333,940067,950335,191142935.04691246
950333,950332,940067,151133416.78371996
021013,031112,960653,66218484.95265804
031112,021013,950374,85075585.26121901
950374,021013,041130,48321924.1788226
141203,021013,960653,103123073.18469429
021013,970826,041130,86434567.33430237
021013,141203,970826,133627025.05146335
960673,970827,950416,131618469.42020003
950416,970827,021041,139650349.58346736
970827,950415,021041,87089338.26382084
950363,131198,950422,118252924.91846505
960673,131198,950363,170442115.42902863
131198,960673,950416,68386558.79757947
131198,03P216,950422,49762051.32867783
071152,950439,950442,74770275.44341923
111189,041131,121192,132301916.28485698
950439,041131,111189,162108234.4611348
071152,041131,950439,64149149.390407406
041131,950421,121192,96888961.86231194
950421,041131,071153,106934973.02512504
021051,031119,940083,68937471.11274225
021051,010846,031119,127033012.58746193
950419,141207,111189,93008631.12726283
141207,950439,111189,139889668.5011121
950439,141207,031120,133362216.57445467
031120,141207,940083,133388074.76497717
141207,021051,940083,97023786.2639527
141207,950419,950431,135964693.39720556
010846,141207,950431,151611400.43749392
021051,141207,010846,177096082.64149767
950420,960675,950424,109396607.07974681
031116,950420,950424,132652896.69667028
950420,031116,021041,76166241.24949877
950415,950420,021041,98029610.88500515
950418,950420,950415,147117478.46362886
031121,950444,950442,12465481.057697423
021053,950444,031121,46254833.36498465
950444,071152,950442,70421173.54789168
950440,960675,071153,163762707.8230934
950440,950441,960675,242484731.28641155
041131,950440,071153,150216819.65362546
950440,041131,071152,95912394.75955614
950440,950444,021053,48040952.88543438
950444,950440,071152,175174862.48698533
950441,021055,031122,31147687.889920175
950440,021055,950441,148525612.82207364
021055,950440,021053,62494055.046930626
93102,93103,93099,84725763.44308959
93050,93103,041136,74995239.75053307
93103,93050,93099,74348691.12586986
020996,950305,950303,91169639.94905356
101182,960512,960519,109402579.14090124
101182,020869,960512,378726724.35495514
05S050,101182,960519,73435413.90920308
020869,101182,05S050,255402210.69091913
960528,950147,940018,261263901.12300906
960526,960528,940018,201812889.03179395
960528,950146,960529,71424517.63053443
950147,960528,960529,75486727.66535278
960528,960526,960525,248507817.5054493
950140,960528,960525,782217487.4001056
950146,960528,950140,202326212.80473062
020877,960520,940014,171337206.34561107
960520,960522,940014,150812725.3587791
020876,960520,020877,207964387.9776947
960520,950128,960522,236565232.37743336
950128,960520,020876,277429943.510656
020882,020876,940013,102221878.42105725
950128,020882,940013,116742230.50928761
020882,950128,020876,148306972.56622934
960752,940044,020954,124704647.2142549
93065,141206,93064,117635427.70465675
141206,93065,960754,297907640.6588584
141206,020958,950264,229292340.82649896
93064,141206,93070,120628065.58799598
960606,141206,950264,126126950.3188579
141206,960606,93070,267129598.0961242
960753,950223,960754,108651038.38387448
960592,950223,960753,240796386.58959785
950223,141206,960754,187323221.3084682
141206,950223,020958,140047101.39828718
960593,960592,940045,111249641.04499146
020957,960593,940045,108204204.81282358
020958,960593,020957,218555023.8152721
960593,950223,960592,195272151.9187212
950223,960593,020958,163560695.50069618
022005,020872,020877,294087371.536632
960516,022005,020877,307828070.6745869
020872,022005,960509,214276641.69157973
022005,960516,020871,430059408.0887109
022005,020865,960509,247438051.54167062
022005,020871,020865,312317726.62762237
950121,960511,020866,339069487.60317624
960511,020861,020866,203449762.69700295
970789,020887,960521,258243416.06818113
020879,970789,960521,268004171.83353326
970789,020879,960518,151223439.76816118
020887,970789,020885,368885527.6960542
020880,970789,960518,166585169.93434006
970789,020880,020885,400415297.8180408
950138,970793,940015,286111138.5265864
970793,03S047,940015,242589760.9112034
970793,950134,03S047,156557419.95083338
970791,020886,940011,161084467.00213012
970791,940011,960521,305206812.370191
970791,950138,05S053,190217103.47276995
020886,970791,05S053,87956995.35779418
05S052,970788,950112,204098582.0892498
950124,970788,05S052,143764502.36073852
020886,970788,020883,439444796.1161983
970788,020886,950112,266107740.19985002
970788,950124,960513,327124054.16120654
970788,950121,020883,224377553.41402337
960655,950380,950390,113456257.02736232
041135,950389,021016,195723144.48272848
950389,041135,021026,118855734.85970224
950392,950389,021026,152657757.218139
021029,021028,960766,171864243.3622515
960766,021028,950394,179117677.762325
021028,950392,950394,248170345.58490047
021029,950397,960676,149994588.50105223
950397,021029,960766,156502928.59994662
960677,950397,960766,22668285.751760628
960674,950427,950428,183691878.00013098
950428,950427,940077,
950427,960677,940077,269084049.08774793
950429,950427,960674,147644523.222936
950346,970823,950390,216716941.30371365
950346,950344,970823,173244337.5261059
950357,021006,950425,238603459.44483325
021006,950357,940071,97916089.36727145
970827,950357,950425,
950357,970827,960673,
950357,960673,950362,
950357,960762,940071,51266724.30364224
950360,950357,950362,389485504.4125874
960762,950357,950360,463113990.1174876
960762,950350,940071,64401962.116497934
950344,950350,960762,121273351.51935971
950346,950350,950344,161950664.63213137
950350,021006,940071,100161318.85075276
950350,950346,021006,184186979.17892355
141204,021044,960676,145586731.56119087
141204,950429,950417,135326351.96567374
950397,021045,960676,119610964.27540512
021045,950397,960677,38132241.78379057
021045,141204,960676,94398572.06642832
141204,021045,950429,97478582.83688514
950427,021045,960677,119837363.69002578
021045,950427,950429,166865722.8690352
950398,960664,960662,286800586.5883896
960662,960664,950394,275483256.4958919
021032,960664,950401,195685980.6875907
960664,950398,950401,309862879.5679013
950394,960664,940077,333766211.81510544
960664,021032,940077,156263126.73070216
021047,131197,950433,161941922.68073556
131197,021047,141205,190127679.91440338
021047,021052,141205,274027698.11303437
041132,021047,950433,233983940.97391003
021052,021047,041132,192425178.47498378
960678,131197,141205,371792148.80740404
960678,021046,960767,
960678,141205,021046,222491593.87083474
940088,051147,950470,
950473,940088,960706,179568926.72701705
940088,950473,970828,355210242.8884249
960706,940088,021077,126034145.65483049
940088,950470,021077,149324423.10253164
021040,940088,970828,
051147,940088,021040,
021054,021052,041132,88612099.68634537
021054,960684,960683,126279459.31028989
950443,021054,960683,125733812.3332898
021052,021054,950443,170508067.36417866
021054,041132,031123,102007691.44528003
960684,021054,031123,141180969.25610203
021085,021086,960715,107709701.09479037
021086,021085,950479,158806156.87266082
021086,950481,960715,157194716.5978589
021086,950479,950481,238402186.89612085
950478,021083,950477,190425257.50168833
021083,960711,950477,141491492.9512693
950463,021068,960774,161793297.6323645
950463,960693,021068,169497434.84463134
021074,950463,960774,112289414.33494928
970834,960775,960717,291239241.5204968
960775,021074,960717,127725452.96038407
960773,960775,950468,219550127.11568138
960775,970834,950468,289153427.6585438
950476,940090,021082,238145969.99953133
940090,021079,021082,268028380.0766177
940090,950476,021080,178692037.67534423
950473,940090,021080,270439205.3244057
021079,940090,950473,139101393.46939924
960596,960595,93062,321870185.00877815
960595,93051,93062,71938185.68651052
960595,960596,93055,105363352.63974278
960595,93055,960594,28549525.039781336
93051,960595,960594,15157586.49352631
95105,93042,92106,59037791.48939852
92106,93042,970813,92949124.84745716
93042,93068,970813,77622603.09286813
93042,950230,93068,52792740.58885097
950230,93042,95105,54231869.60809046
960597,960598,141202,9233176.564208925
960598,960597,960628,
950297,93053,131194,76319104.1039724
93053,950297,960628,47312145.33704661
93086,091178,141202,
93086,990838,091178,
960598,93086,141202,
93086,960598,960628,
93043,93076,051144,161619390.05515018
93088,93091,141209,
93091,93088,02S043,73360656.572018
93088,950295,02S043,57118607.323176764
970818,93088,141209,
950295,93088,970818,53415050.30087242
990838,990840,091178,
950296,990840,990838,465663502.8320221
93081,990840,950296,108338949.92923316
990840,93081,02P115,11204666.064226951
93091,93092,970820,45230023.12235661
960623,93092,93091,31501556.900674384
970820,93092,02P115,90193045.95978278
93092,990840,02P115,20398455.804800138
93092,960623,091178,26113452.1526244
990840,93092,091178,67264039.1976702
93094,960623,93091,29993328.504925147
93094,93095,091178,26636997.944185454
93094,960624,93095,11312640.154958073
970820,970817,141209,
000842,970817,970820,63113558.98237228
970817,93079,141209,
93079,970817,93074,59136480.851438046
970817,93078,93074,99709298.05600502
970817,000842,93078,97953251.13535765
960621,93043,970813,33823359.842449
93043,960621,93038,37957586.472103074
93068,960621,970813,64615424.716133215
960621,93068,93038,81366043.71916522
93066,950229,93035,53379836.63326128
950229,950230,93035,37329995.17167686
950221,960591,950265,119200850.88336562
03S046,950221,950268,101748440.37760085
950268,950221,950267,364806245.59738857
950221,950265,950267,354051238.41481143
960591,020982,950265,215049128.70387244
950265,020982,020964,278553741.1021448
020982,950244,020964,163976916.8392315
950244,020982,950246,237573116.62454316
020982,960591,020954,310443929.2687421
020982,940044,950246,354217323.17722386
940044,020982,020954,193835328.5316862
950276,960616,950277,241543420.87216634
950275,950276,950277,248403314.5699736
950276,950275,960615,200598099.1715003
031127,950276,960615,219661797.61092612
020986,960609,960611,206228607.14730975
020986,031127,940047,130070304.15053372
960609,950273,960608,66285171.72387556
960608,950273,00R019,44267886.61493899
950273,020986,940047,160789433.14335576
020986,950273,960609,204063489.9430179
950273,020987,00R019,137300872.40685287
020987,950273,940047,159195395.09646112
031103,93102,93099,77722984.74408323
93102,031103,950303,66820392.26051112
950300,950293,020994,124985993.4723051
940061,950278,960616,125928412.24505354
940061,950293,950278,128581867.50100693
950263,970809,020979,151336503.1250838
93069,970809,950263,172629824.19639903
970809,93069,940048,151199279.11027125
970809,960613,020979,165155597.5640832
950264,970809,940048,146323106.4837291
960613,970809,950264,313178628.40767443
020993,950286,950285,95276962.81792486
950286,020976,950285,166254601.1929702
950256,950258,020976,191892736.46079427
950258,020977,950285,281030199.89440066
020977,950317,950285,427523586.76292247
020977,950260,950317,167971612.15032026
020977,960579,950260,131373813.03830607
960579,020977,950257,174701526.67066815
020977,950258,950257,242276325.62778333
960630,940063,960629,48911644.80413433
950298,960630,960629,103292835.23476282
960630,950298,950299,111181927.78786492
960631,960630,950299,138676048.89820135
02P207,960572,940052,152641657.598528
960574,02P207,940052,
020966,02P207,960574,
93008,93007,93013,116471624.12110145
93007,93008,93003,161256757.37502697
93007,93011,93013,141545929.58703816
960583,960582,93003,137146977.72785804
960583,93008,93012,146663009.70937034
93008,960583,93003,121195335.19732223
950215,93002,960590,136338939.22429952
93006,960584,93010,108618974.41381562
960584,93006,93002,172281533.62932324
93004,93006,93010,152423928.04532334
950216,93006,93004,192633001.03410265
93006,020947,93002,354282974.3379961
93006,950216,020947,199003241.683789
950209,960586,020948,271908258.0364503
960586,950217,020948,309748904.09732354
950202,960561,960559,108052061.00850551
950209,950202,020939,251601721.61241558
960561,950202,950209,236043211.42459935
950217,960585,020948,169683569.08369163
960567,940051,02P110,4180661.642298038
02P109,940051,960566,
02P110,940051,02P109,
940051,960567,020962,67509696.18707535
950240,940051,020962,171232773.07606363
940051,950240,960566,202614727.6240971
940038,950179,020920,194406548.81773657
950179,940038,14P125,
14P125,940038,11S070,
11S070,940038,950201,212162575.03338283
940038,020920,950201,229699052.71737143
960535,020895,950150,218774089.1744265
960534,960535,950150,488876250.2915686
950151,960535,960534,192425045.03359511
010844,950151,960538,321292496.4913743
960541,010844,960538,194045090.00360262
950181,950183,950155,197527156.67323294
950183,960541,950155,444736618.85721016
950183,020924,970798,253052243.56517375
950183,950181,020924,422157803.81164855
020904,950183,970798,190852191.81014702
950161,950159,020904,303549561.5724092
960543,950161,020904,118285080.82248296
950161,960543,950163,89555722.39266475
950161,950163,970795,177408527.4542908
020897,940026,960542,273756292.51767766
940026,020897,020898,416601343.3958894
091174,940026,020898,255421486.2232401
940026,960540,960542,255858494.2014388
960540,940026,091174,180822939.01405603
020924,950187,970798,270319163.12584984
07S067,020936,950180,101730286.87847458
950200,020936,07S067,105210405.26508759
020936,970797,950180,154813036.58146816
970797,020936,020920,215667099.43499604
020936,950200,020920,205300952.78274822
020938,950200,020940,124043574.97488075
020938,950205,950201,225369060.33584875
950205,020938,020940,205427750.92232764
020920,020938,950201,233313505.99740103
950200,020938,020920,190637872.66392934
020928,950193,020913,140743312.22150213
020928,970796,960544,274096824.9547719
970796,020928,020913,267713069.82536578
950190,020928,960544,199326269.3485636
020916,950173,020915,95941245.08535741
950173,020916,020912,265566517.36898106
950173,970796,020913,235104783.92511693
970796,950173,020912,238567217.98590213
06S055,051145,020914,142535154.42673352
051145,06S055,020911,174186409.99879712
051145,020916,020914,134274221.77312014
020916,051145,020912,211619741.32478243
051145,020911,940029,160034982.58732766
020912,051145,940029,99546064.76934376
020916,020918,020914,171800645.726863
131201,091179,111185,146561434.92529064
020917,131201,131195,81104520.50296354
131201,020917,091179,167950837.65414572
950176,020916,020915,93133451.30431867
950176,06S059,960549,122535339.47711916
020918,950176,960549,77520201.55919261
950176,020918,020916,93881722.21046339
950174,020917,131195,113218116.4746402
950174,950173,020913,158585551.9797505
020917,950174,020931,261410515.47787523
950174,131195,020915,181374919.92161137
950173,950174,020915,122219475.58338286
950174,950193,020931,442191737.027857
950193,950174,020913,199185024.29785186
950236,111186,020961,430492169.2188001
950238,111186,960571,57607892.95891039
111186,950238,020961,135058708.0783546
111186,940050,960571,130049654.28353229
950231,071162,02P105,68175267.43419357
940049,071162,950231,375738774.49010295
071162,940049,950197,327461847.7968866
071162,950196,02P105,70238157.06123574
071162,950197,950196,
950196,020932,02P105,171311775.82096303
020932,950194,02P105,
020934,960557,950180,113359081.88905095
960557,020934,940035,99238569.00085717
950178,020934,950180,227115180.78808165
940035,020934,950178,199455585.31023088
970803,960557,940035,128234120.16554223
960556,970803,940035,133949323.99614516
970803,020933,970799,187676584.76685092
020933,970803,960556,250922017.07532158
940033,960556,020931,224118035.29888803
940033,020933,960556,153572902.9901503
07S067,950198,960559,253697136.54472598
950198,950202,960559,253529695.68300033
950202,950198,020935,410139670.39221644
960557,950198,07S067,400063605.7515303
020909,020907,950166,184516794.8974006
071159,020909,950166,209518883.76822695
020910,020909,071159,270671285.9762594
020907,020909,121191,282886377.91450226
020909,020910,121191,254053954.010225
950170,950171,07S065,67656186.2118154
950170,960546,950171,214522423.2411856
960546,950170,121191,228854762.54525456
950170,960547,121191,382415378.3411582
950170,07S065,950167,108285273.09144057
960547,950170,950167,377257030.66087985
950175,06S055,020914,81952573.25032152
06S055,950175,06S056,40433280.38480966
020918,950175,020914,152170230.96794
950175,020918,06S056,99554536.43455133
06S055,950172,020911,133638733.8847588
960546,950172,07S066,111150727.71732397
950172,960546,020911,199885166.6043743
950172,06S057,07S066,
06S057,950172,06S056,104969310.93046862
950172,06S055,06S056,74853935.47842048
950312,021008,960637,182000346.5617894
031106,950312,960637,56322730.80956587
950312,020999,041129,128029448.40075536
950312,031106,020999,93127016.18129003
940064,960634,041129,120432891.8039004
950311,940064,041129,114192681.13001798
940064,950311,950309,182321568.0823056
940064,950309,021101,234086068.51254025
960634,940064,021101,191960346.44290584
950364,950310,021007,104666133.54198056
950310,950364,021008,159458395.14384446
950310,950326,021007,111988794.72761302
940062,950323,051143,86372196.7239204
950310,950323,950326,134264627.14929488
950323,950310,051143,174942515.02588913
950326,950323,960639,106951730.39944294
950323,940062,960639,63546956.322517745
950262,960642,021003,116065496.66596824
151210,950262,021003,
960642,950262,960641,187482092.27175567
950262,151210,960641,
031114,031116,03P216,66754089.9625749
131198,031114,03P216,91098515.0192618
031116,031114,021041,37908262.42323396
031114,950416,021041,49973329.64542422
031114,131198,950416,77172117.43440792
950420,021042,960675,106652607.42571169
021042,950420,950418,100287229.85431159
960675,021042,071153,146466500.3284029
021042,950421,071153,97651955.78325912
021042,950418,950417,97609210.97824576
950421,021042,950417,139586425.37039736
940082,021053,031121,55655966.152863994
940082,021055,021053,87300825.23776726
021055,940082,031122,44288574.636544794
940082,081166,031122,
081166,940082,031121,
93104,93102,071161,69539230.51826912
93104,93103,93102,66581278.53528758
041136,93104,071161,29180682.48447853
93103,93104,041136,59370541.9908044
940063,950302,950300,143869220.11629277
950302,020996,950300,143596162.29736307
020996,950302,950305,70601891.13720809
950302,020998,950305,199920543.53023952
020998,950302,950304,142849841.71222198
950302,960631,950304,160947320.49217454
960630,950302,940063,47001433.36401808
950302,960630,960631,178065834.39513797
970802,020952,950246,157210727.33870053
940044,970802,950246,86860277.17778936
970802,960752,020952,170163124.87522492
970802,940044,960752,90716438.65088208
020873,960511,950121,314890420.10527265
020873,970788,960513,521796339.76826435
970788,020873,950121,444110854.86063945
960511,950114,020861,258731083.58160496
950114,960507,950108,337454595.7613216
020873,950114,960511,324872937.87091607
950114,950108,960503,564417525.5707028
020861,950114,960503,372319315.45331365
950134,020889,960521,236280686.85263026
020889,970791,960521,304900834.93524384
970791,020889,950138,190969725.38629085
020889,970793,950138,216632993.95980084
970793,020889,950134,197491389.86282727
000843,021017,950378,153657479.81966
950380,021017,000843,108254908.14003067
950378,021017,021014,127157403.60180396
021017,960655,021014,157448441.76677892
021017,950380,960655,72397080.47450793
021027,000843,021016,283596082.73350024
950389,021027,021016,201563020.70327616
000843,021027,950393,101767533.19090652
021027,950392,950393,135384221.018208
021027,950389,950392,204981254.324956
141204,950426,021044,238433747.90779164
950418,950426,950417,201209911.09007588
950426,141204,950417,260653074.94277713
021044,950426,950425,155687573.07523268
950426,970827,950425,182114000.17781186
950426,950418,950415,131170688.13584805
970827,950426,950415,101291517.52275525
950395,960765,950393,236438885.73270288
950395,021028,021029,143172358.3449171
950392,950395,950393,222442742.3318421
021028,950395,950392,190776411.04781756
021044,950396,021029,179634293.9383727
950396,950395,021029,212464553.9417918
950395,950396,960765,189287574.14926347
950396,021044,950425,125907424.85905309
021006,950396,950425,275731425.9118327
960765,950396,021006,156973245.9165748
950391,000843,950393,249463059.40823781
960765,950391,950393,281768063.0015252
950380,950391,950390,104144238.36978067
950391,950380,000843,231331065.97175345
950391,950346,950390,77389867.83741735
950346,950391,021006,206217732.81041908
950391,960765,021006,229622199.0603673
021033,960678,960767,182168593.8135601
021032,021033,960767,139563926.37766424
021033,021032,950401,176549818.16565782
131197,950405,960667,174982625.87094295
960678,950405,131197,286218912.2211609
021033,950405,960678,209252599.51219168
960667,950405,960768,135108986.90800542
021031,950405,950401,278707623.7859718
950405,021033,950401,127056226.54141918
950405,950402,960768,227838837.97656137
950402,950405,021031,141507315.93513033
960712,021085,950480,244062912.25976226
021084,960712,950480,213447502.81524456
021085,960712,950479,221978737.06019306
960711,960712,021084,294258497.27882445
021083,960712,960711,119728801.07080759
960712,950478,950479,190046949.37564978
960712,021083,950478,150246724.87272653
960697,960773,960696,70305929.53493078
960697,960775,960773,157024550.0423992
960697,950463,021074,193949528.92656815
960775,960697,021074,186140615.0025902
960694,960697,960696,27809907.159202684
93049,131194,93046,45258264.031727344
93049,950297,131194,24370345.845549878
950297,93049,051144,34072924.05888855
960620,950297,051144,84465147.50405896
950297,960620,93085,58906759.1401049
93085,960620,02P114,7269447.113018369
02P114,960620,950296,71828662.97820084
950297,970814,960628,51467729.721460715
970814,950297,93085,80260541.38878009
970814,93086,960628,38954468.93410813
970814,93085,990838,46116300.01679788
93086,970814,990838,57606094.82944088
93077,93075,93073,157679640.89685646
960622,93091,93093,24634023.871543534
960622,93094,93091,19536534.098847874
960624,960622,93093,12369845.681869429
93094,960622,960624,11870522.673390685
960623,960625,091178,16177336.812197568
960625,93094,091178,2354679.928988463
93094,960625,960623,7557011.129985041
93031,950229,93066,71619970.0437129
93031,93065,960607,73582403.55827779
93065,93031,93066,149507153.86057737
93038,93031,960607,88878017.71859351
93068,93031,93038,142104390.91390356
950230,93031,93068,80428623.97663327
950229,93031,950230,48075956.70113117
960591,950269,020954,338792299.9897957
950221,950269,960591,77099676.52224673
950269,020957,940045,137271815.73331964
020954,950269,940045,369487155.2835645
950269,960610,020957,120590369.55137971
960610,950269,03S046,72387128.27274752
950269,950221,03S046,114665401.64484228
950276,020989,960616,272227929.31474644
950251,950279,960573,316253154.3896578
020995,031103,93099,125370567.56196499
020995,93099,93084,98502280.11390458
950278,020995,93084,90472819.57609266
950293,020995,950278,136053511.58787212
020995,950293,031103,238464467.83995607
950301,950293,950300,113466959.04885446
950293,950301,031103,157573209.37464178
031103,950301,950303,71568194.77355218
950301,020996,950303,89413045.87635311
020996,950301,950300,117778921.720499
950293,020992,020994,183266057.44756445
940061,020992,950293,147062399.71348876
020992,940061,950284,180515606.2671234
940060,950288,031128,96971117.72919013
950288,950286,020993,106493739.4107431
950288,950291,031128,82030070.70981732
950288,020993,950291,77634806.73387696
950256,020974,950258,286678812.5700184
950258,020974,950257,161158963.49998757
020974,960578,950255,180963772.94696593
020974,950256,960578,269018449.5537498
940055,020974,950255,155423576.7335754
950257,020974,940055,79697383.03888395
950248,020968,020966,137739526.15185103
020968,02P207,020966,58821527.95361899
020968,950248,960573,74531527.75880608
960572,020970,950250,194998105.82826844
92110,960584,93002,123028856.30686851
960583,92110,960582,147008927.966005
950215,92110,93002,119590519.82262401
92110,950215,960582,119271624.18060671
950213,960588,960590,96700306.1954165
960588,960585,950217,157956765.74056283
950219,960588,950217,242880115.04170632
950219,950215,960590,253931546.10848898
960588,950219,960590,184731901.1259227
950202,940040,020939,234993648.39145082
940040,950202,020935,414649171.1425344
940040,950236,950204,315926028.4305725
950236,940040,950197,
940040,020935,950197,
950210,020942,020948,185018482.53266516
960585,950210,020948,192023186.60818776
950210,020943,010845,194930386.86362767
020942,950210,010845,107541638.84550309
07S062,950153,960539,93464976.06486252
07S062,960539,950156,92388879.30740994
950158,07S062,950156,
020896,07S062,950158,
07S062,020896,950152,42547330.80130908
950153,020901,960539,129828410.60832426
960539,020901,950156,140045289.28372037
950159,020901,020899,244086107.537232
020901,950153,020899,78616449.71520014
020901,020903,950156,205342379.45060167
020901,950159,020903,200084231.93073493
02P103,960535,950151,233305321.98487243
010844,02P103,950151,99030580.53869961
960541,020902,020899,237607582.8040076
950183,020902,960541,293655975.1060201
950160,950161,970795,221244393.95336357
020905,950160,970795,193027295.13381934
020903,950160,020905,219697979.66630694
950159,950160,020903,202991897.8632422
950161,950160,950159,326521255.9994971
020921,020923,950184,33536720.39353679
950194,960551,02P104,
020923,960551,960552,242477831.11387226
950182,950185,020922,122959666.84564795
950185,020924,020922,114609638.94078939
950185,950188,020924,289702481.0510936
020908,020926,960544,218234165.08782735
020926,950190,960544,177279338.2060779
940036,06S057,06S056,49080535.034623265
020918,940036,06S056,103702867.72199799
06S057,940036,960550,77761153.80474105
06S059,940037,111185,69169044.34783193
940037,131201,111185,80903932.58522984
950176,940037,06S059,134556820.25336492
131201,940037,131195,67431517.81120701
131195,940037,020915,241535100.2344697
940037,950176,020915,291151384.3560962
950234,950236,960564,209185732.41288486
950234,111186,950236,226366710.22591034
940032,020932,950196,216373974.15814078
020932,940032,950194,
970803,950199,960557,115465381.18961301
950199,950198,960557,216471047.9663661
950199,970803,970799,133136284.05208276
950196,950199,970799,314281280.2905976
950197,950199,950196,
020935,950199,950197,402370655.0664999
950198,950199,020935,247789902.45371354
960635,950312,041129,111051138.5695956
960634,960635,041129,121800157.24483684
950312,960635,021008,175642364.43040603
960635,950310,021008,190241678.4090299
960635,960634,051143,126568686.73591855
950310,960635,051143,193255477.89406785
020868,020873,960513,287462895.4968273
020868,950114,020873,374648789.0210289
960507,020868,960513,186121965.41785797
950114,020868,960507,280590379.69447887
960695,960694,950461,75252195.55411062
960695,960697,960694,63118903.52676217
960693,960695,950461,65005527.54665601
950463,960695,960693,46620759.72579831
960697,960695,950463,45714670.213547595
960626,93043,051144,37641248.862255454
93049,960626,051144,81521777.70577249
960626,93049,93046,57525228.550930955
960626,93046,970813,41844138.96225341
93043,960626,970813,22969152.807351116
970815,93075,93077,35362214.29481091
93075,970815,93076,46509188.13707609
970815,93077,950296,32608252.867830515
93076,970815,051144,135415282.53422615
960620,970815,950296,235485967.74067572
970815,960620,051144,121390894.66684794
96S007,93071,93073,34450056.34803769
93075,96S007,93073,88417113.78089125
96S007,020981,93071,22712844.68063688
950274,950276,031127,154930901.01599494
950274,020989,950276,173660825.72081283
020986,950274,031127,99826085.61551978
970811,940061,960616,204366035.43306705
020989,970811,960616,170523073.87701446
940061,970811,950284,118530754.4116603
950282,950256,020976,267603004.72265682
950282,950280,950256,324007946.1573285
960617,950279,950251,163910711.98042446
950280,960617,950256,331555996.22259337
960578,960617,950251,217879342.073321
950256,960617,960578,289830698.5964073
020990,950280,960619,210558635.8706404
020990,960617,950280,171738662.86232457
960617,020990,950279,211961193.14817274
950298,950289,940060,209267221.40598795
950292,950289,950298,98859059.84478424
950289,020992,950287,112728485.71303174
950289,950292,020994,84679925.26653191
020992,950289,020994,193988346.89851242
950287,940059,960619,86487819.77765672
940059,020992,950284,202053380.8178378
020992,940059,950287,161082152.71049443
02P207,950249,960572,95488225.1321351
950249,020970,960572,162049705.0917544
020968,950249,02P207,43787165.20671112
950249,020968,960573,97066200.36795317
950279,950249,960573,245799038.9583637
020970,950249,950279,104082489.33759995
020970,960618,950250,252010579.192865
960618,041138,950250,229891202.53954643
960618,020970,950279,170539073.77479917
960584,960627,93014,112128928.92797178
92110,960627,960584,1758505.072049412
93014,960627,93012,156168246.2509665
960627,960583,93012,131567065.94987078
960627,92110,960583,1966932.241052026
020965,960588,950213,87068056.1678745
960588,020965,960585,175639626.4344488
020965,950213,960581,128515779.2649834
950212,020965,960581,103585656.02035601
950207,950204,950206,134316997.03530443
020963,970801,950206,180847424.46698153
970801,950207,950206,178494214.99588218
950207,970801,960563,191789320.4333957
970801,020963,950220,310452870.7773761
93001,960589,950222,314767307.75589585
93001,950222,93005,308243135.95215607
93011,93001,93005,295961842.7921761
93007,93001,93011,255615262.99482492
960563,020949,960586,291164882.4301738
970801,020949,960563,180276069.37543035
960589,020949,950220,337286430.81806827
020949,970801,950220,280958374.0898294
071163,960589,950220,183779067.31572887
960589,071163,950222,198471279.93105555
960752,071163,950220,198584489.83650038
071163,020956,950222,109852763.46681501
020956,071163,960752,358331470.810958
960586,960587,950217,204782909.71204627
960587,950219,950217,189228459.42474487
950215,020951,960582,97253178.84214132
950219,020951,950215,133904728.75567494
960582,020951,93003,178972759.50663278
960535,091175,020895,211722309.20579472
02P103,091175,960535,156137057.90045518
091175,960541,020899,450632348.1691678
091175,010844,960541,157583215.3425984
091175,02P103,010844,33245622.519980967
950157,950159,020899,296245839.77466136
020902,950157,020899,205378902.41486162
950159,950157,020904,188988537.4588667
950157,950183,020904,241210381.217933
950157,020902,950183,261920434.16657767
960551,940030,02P104,35375447.64041633
940030,960551,020923,128954079.92831439
940030,020923,020921,247062511.930408
02P104,940030,950154,
940030,020921,950154,
950186,020923,960552,134405274.76059312
950186,960552,950188,169164976.77204135
950185,950186,950188,389435693.40287685
950186,950185,950182,384301346.54536813
950186,950182,950184,325495469.8381752
020923,950186,950184,122242881.02859628
960553,020926,020908,192805190.23887792
020926,960553,950187,156069367.8341742
960553,020908,950165,162790307.99866074
960553,950165,970798,378205217.72457004
950187,960553,970798,241098506.79152897
06S058,05S054,960550,18043192.469449878
940036,06S058,960550,29231858.35664548
06S058,960549,05S054,91876254.81754205
06S058,020918,960549,118110141.92138544
06S058,940036,020918,58196941.98813749
111186,151212,940050,
950234,151212,111186,
940050,151212,950231,
950231,151212,960564,
151212,950234,960564,
950195,940032,950196,200435450.92782626
950195,950196,970799,307761927.5496249
020933,950195,970799,326590283.71979785
131196,940031,950192,200588140.3877289
96S007,96S006,020981,33693616.76985594
96S006,93075,93076,37253338.625324704
96S006,96S007,93075,15946315.220585652
960614,020986,960611,164538040.91379294
960614,950274,020986,122130111.78935029
950274,960614,020989,96970442.10982743
950286,020991,020976,212460103.6245335
020991,950282,020976,161259043.06019086
950288,020991,950286,160358248.55043903
020991,950288,940060,233269331.58374095
950289,950283,940060,279951780.0171787
950283,950289,950287,169391469.15163562
950283,020991,940060,208848436.09742278
020991,950283,950282,123726612.95782545
950283,950287,960619,318265247.202951
950280,950283,960619,328133719.3842782
950282,950283,950280,142387712.11710417
041138,021099,960611,
960618,021099,041138,
020945,950210,960585,148230828.02970034
020965,020945,960585,227617773.30190274
020945,020965,950212,108607015.33311589
950210,020945,020943,145116485.45778444
020945,950212,950211,159756023.96179453
020943,020945,950211,146808614.109666
950207,020941,950204,166991766.52828112
940040,020941,020939,163041092.5929244
020941,940040,950204,321851699.45292056
020941,950209,020939,170850411.0050604
020941,950207,960563,183725661.5346901
020941,960586,950209,277486994.1080847
020941,960563,960586,306409011.10444194
960587,020950,950219,171470692.58828834
020950,020951,950219,114353578.75757658
950153,960537,020899,116355664.88823314
960537,091175,020899,194131382.5730824
960537,07S062,950152,207534177.47225192
07S062,960537,950153,276327088.17031574
940024,960537,950152,443755380.08073235
020895,960537,940024,430058153.73390585
091175,960537,020895,182849970.89396983
131196,950189,950188,240333978.63621706
950189,020926,950187,241099023.8714196
020926,950189,950190,188220380.58454436
950189,131196,950190,326176898.607275
950188,950189,020924,347562312.4500868
950189,950187,020924,230955486.2742272
950193,020929,020931,264120013.94363222
020929,940033,020931,258764656.52353802
020929,131196,950192,243252331.34040773
950195,960555,940032,163890962.31312656
960552,020925,950188,261896141.21241432
020925,131196,950188,335960816.5546882
020925,940031,131196,143111292.1449811
960551,020925,960552,274383942.74076796
021100,96S006,93076,94499203.7408194
020981,021100,93070,132162367.03622736
96S006,021100,020981,114070018.72906803
020988,940059,950284,159061269.64251474
960614,020988,020989,168842612.09301105
970811,020988,950284,93643577.80075575
020988,970811,020989,144117749.45109257
950281,960614,960611,104451323.72435427
021099,950281,960611,96296010.26544522
950281,020988,960614,89569448.09435116
950218,020950,960587,222757619.94899476
020949,950218,960586,367222296.1641085
950218,960587,960586,263372082.7402236
950218,020949,960589,155809473.12799582
93001,950218,960589,221804114.52814794
020951,940043,93003,196558855.462323
020950,940043,020951,111740233.49019246
940043,93007,93003,220833141.53277585
940043,93001,93007,240918697.1036662
940043,950218,93001,299096716.8436966
950218,940043,020950,106811437.15605563
131196,960554,950190,166686298.08793622
020929,960554,131196,188333690.05687788
960554,020929,950193,127429640.66712075
020928,960554,950193,115998964.73683736
950190,960554,020928,141309765.56385568
020929,020930,940033,303568950.5804079
020930,020929,950192,298708953.1321858
940033,020930,020933,169991624.20397064
020930,950195,020933,369730526.3866428
960555,020930,950192,270219747.7948681
020930,960555,950195,304504224.2026632
020925,950191,940031,81609036.06102037
950191,960551,950194,
950191,020925,960551,
940032,950191,950194,528265476.74771965
960555,950191,940032,120117235.33980176
940031,950191,950192,263051844.41906214
950191,960555,950192,227943912.74687895
93072,021100,93076,45157123.60431418
93072,93043,93038,120568553.21122019
93072,93076,93043,136616338.01366937
93072,93038,93070,103786000.6723639
021100,93072,93070,60283149.38405587
940058,021099,960618,154291368.9487248
940058,950281,021099,146117228.31581825
940058,020990,960619,302900382.2703098
950281,940058,020988,216094150.02245834
020990,940058,950279,262147595.98739836
940058,960618,950279,164718166.50410202
940059,940058,960619,135443182.33512074
020988,940058,940059,333444073.8771746
