st1,st2,st3,area
960605,051140,021098,
950497,950498,051140,
020859,950109,020848,
950101,020859,020848,
02P213,052007,021098,
052007,960603,021098,
960603,052007,02P213,
960605,960604,02P213,
960604,960603,02P213,
960604,960605,021098,
960603,960604,021098,
960602,960605,02P213,
960605,960602,051140,
950498,960751,051140,
950102,02P201,020848,
93022,960602,02P213,
960602,02P208,051140,
960751,950500,131200,
950500,960698,131200,
960747,960748,950498,
950456,950102,131200,
950376,960602,950314,
950382,960527,950102,
950456,950382,950102,
960750,960751,950498,
960748,960750,950498,
960750,950500,960751,778438255.5933452
960743,960747,950498,
960743,960748,960747,
960748,960743,960698,
031113,02P208,960602,
950376,031113,960602,
020875,950106,950102,
960746,940085,02P211,
940085,960746,031122,
960746,950497,051140,
031122,960746,051140,
960750,960749,950500,
960749,960750,960748,
950500,960749,960698,
960749,960748,960698,
111190,950498,950497,
960602,091178,950314,
141202,091178,960602,
950382,950252,960527,
950252,950232,960527,
940008,950106,970785,
950106,960501,950102,
02P201,940001,020848,35837655.60091544
950104,960501,950106,
020859,020864,950109,219539374.5572057
940004,020864,020859,426306063.67084527
940002,960503,020859,
960504,020854,020858,344854802.40313977
020854,960504,940002,242632594.7566897
02P122,021059,021080,
960743,960739,960698,
960739,960736,960698,
960734,960729,960698,
960736,960734,960698,
960746,960731,950497,
960731,960732,950497,
960692,960691,960698,
960729,950487,960698,
950456,950408,960668,
960550,93022,02P213,
950106,970783,940003,482056028.14724946
940008,970783,950106,
950104,970781,020852,295934415.23745024
970781,950106,940003,461304025.6695258
970781,950104,950106,
950104,970778,960501,
970778,02P201,950102,
960501,970778,950102,306869363.660478
970778,940001,02P201,55083890.270511545
020851,950104,020852,214423961.29220295
020855,970782,020852,704529739.0622344
020855,970781,940003,137570382.17933604
970781,020855,020852,383043484.0148481
970783,020855,940003,160661365.33551458
960503,020856,950111,290141666.5691861
020856,960503,940002,167388679.07672566
020856,960504,950111,316812477.31534475
960504,020856,940002,263611363.06112564
950103,020859,950101,
950103,940002,020859,
020854,950107,020858,243508121.8740998
02P118,960645,950382,
940075,950383,960668,
950383,950456,960668,
950383,950382,950456,
950386,950383,940075,
021059,021088,02P211,
021088,021059,02P122,
960745,111190,950497,
021094,960745,950497,
960736,960738,960737,301182475.4401234
960744,960743,950498,
111190,960744,950498,
960735,960734,960736,
960726,960731,960746,
950457,950458,950456,
960691,950457,960698,
960698,950457,131200,
950457,950456,131200,
950459,950457,960691,
950457,950459,950458,
960692,081168,970832,
950487,081168,960692,
950462,960692,960698,218760228.4718104
950487,950462,960698,
950462,950487,960692,
021060,950408,950456,
950235,950253,950245,
950253,950235,950252,
950318,950320,960638,154548794.35682788
020849,970778,950104,411602101.2511022
020851,020849,950104,400816497.515674
970778,020849,940001,219772770.9222821
020849,020851,950101,458929640.7179271
020849,950101,020848,322412581.0101556
940001,020849,020848,217490596.30776912
950113,950115,020864,123217177.73379512
020864,950115,950109,151356119.00306734
020851,020850,950101,449455950.46610963
020850,950105,950103,279580841.91732246
970782,950105,020852,362282504.50803775
950105,020851,020852,171252372.6142397
950105,020850,020851,302116467.08657897
950105,970780,950103,483308324.8272136
940020,020888,020875,
960527,940020,950102,
940020,020875,950102,
020888,940017,950143,
940017,950145,950143,437197433.1093683
940020,940017,020888,
940017,940020,950145,695581856.8486382
020860,020855,970783,236441158.08921602
020860,970783,940008,323772322.2103245
960509,020860,940008,498736248.85955125
960510,960504,020858,829768634.3834933
950408,960669,960668,
960669,950407,960668,529273667.7008035
02P209,940075,960668,
950388,02P209,960668,
02P119,950388,960668,
950388,02P119,021025,151604229.46991888
950407,02P119,960668,562726643.9680154
950412,950411,950413,240976880.9604288
960669,950411,950407,271992502.1835478
021016,021014,950382,
021014,02P118,950382,
021046,940077,960767,
031118,970828,021080,707439378.267908
021022,950386,940075,120079155.23708834
950386,950384,950383,
021059,041133,021080,
041133,031118,021080,447562627.43171746
960742,960739,960743,
960744,960742,960743,
960742,960744,960739,328619537.7290634
960739,950496,960736,
021095,950496,960739,
950496,960738,960736,334540252.79889
960744,02P212,960739,
02P212,021095,960739,
02P212,960744,111190,211669626.30627644
960738,960740,021094,117754030.69734058
950496,960740,960738,292682854.82187593
950495,960736,960737,375057685.5960442
950495,960735,960736,
960735,950495,950497,
950495,021094,950497,
960738,950495,960737,53275939.90505153
950495,960738,021094,
960735,141208,960734,
950494,960730,960729,
960730,950494,960732,323523359.3162827
960730,960731,960729,
960731,960730,960732,208255441.00632992
960725,950487,960729,
950460,950459,960691,
960692,950460,960691,
950460,960692,970832,
021065,021062,950458,
950458,021062,950456,
021062,021060,950456,
021060,021062,940087,124441741.93951339
960725,960777,950487,
93055,02P206,960594,147485018.7387692
93022,95113,960602,
95113,141202,960602,
93021,950226,93022,
950226,95113,93022,
950252,960565,950232,
950235,960565,950252,
940028,950167,111184,26709654.744978204
940066,03P214,960637,79971414.17995903
940068,021010,021009,114442545.4155077
021010,950366,111188,199262964.91092354
021010,940068,950366,113020677.98417525
031111,021000,950373,40359567.40207221
031111,950316,021000,72945285.93365042
950334,960763,960764,128059108.66818826
970825,021000,111188,119851866.95115824
021000,970825,950373,130644521.76591058
021011,950370,051146,210827818.23081312
950366,950370,111188,220660852.3690024
950370,970825,111188,106622748.64770538
970825,950370,021011,255754654.34038925
970825,041130,950373,168580678.04031447
041130,970825,021011,184755602.95672342
950368,031109,051146,116728821.06682794
031109,950368,940069,81350088.55593196
960652,031109,940069,65062989.496329285
071160,071161,950314,
071161,950306,950314,
950317,950318,960638,130117845.13675481
950317,940056,950318,75019533.88125941
950285,950317,960638,226795266.43687817
950352,950351,950349,148620626.82428086
950351,950352,950356,137407768.40794495
960519,940009,950167,
950119,960519,021098,
970779,950103,950101,71262826.61577354
020850,970779,950101,162695493.3159809
970779,020850,950103,143018058.7574732
020853,950107,020854,355575549.16687036
020853,970780,950105,432531773.830478
950107,020853,970782,385824356.5001627
020853,950105,970782,491435901.1483677
950145,02P102,960530,
940020,02P102,950145,169294333.9536182
02P102,940020,960527,12244327.058522476
950140,020888,950143,
940021,950145,960530,117794470.17369829
970794,940021,960530,261392167.68566263
950145,940021,950143,192483117.97009718
940021,970794,950143,334362811.24701583
081173,020892,020894,341044766.33153313
950139,081173,950141,
020855,950110,970782,599605402.694129
020860,950110,020855,346535242.7355971
950110,020860,960509,400858409.0200572
020870,020864,940004,606455179.0913448
020870,950113,020864,293302968.3562622
960513,950122,940005,418384639.57529783
02P119,940076,021025,11519935.22012135
940076,02P119,950407,16108485.811410634
081167,950341,960645,131687833.88178411
960680,970829,031117,96908764.94899933
021046,141205,970830,175245485.45376718
960658,950388,021025,178433107.5764689
950399,021022,940075,256843900.38383394
021018,950384,021020,154497204.74203664
950384,021018,950383,
021088,950483,02P211,76210527.3325687
960715,950483,021088,123927083.09358683
021096,02P212,111190,8087798.008619106
02P212,021096,021095,16707247.660144722
960745,021096,111190,84370017.97910558
02P124,021096,960745,8727099.027437773
021096,02P124,021095,103094327.03447823
02P124,960745,021094,11905780.9181443
960741,950496,021095,50699045.2601433
960741,960740,950496,178240889.16807547
02P124,960741,021095,101075360.98353201
960740,960741,021094,78581102.55015826
960741,02P124,021094,240659249.30183783
141208,960733,960734,
960734,960733,960729,
960733,950494,960729,
950494,960733,960732,
960732,960733,950497,
960733,960735,950497,
960733,141208,960735,
950484,960715,950482,510093550.2652966
950484,950483,960715,200128763.1970157
950492,960746,02P211,
950492,960726,960746,
950459,960690,950458,
950460,960690,950459,160013560.39076513
081168,02P210,970832,164410469.55532432
021091,960777,940098,192609641.8435269
021092,021091,940098,211952194.8518343
021062,950451,940087,224112681.62432277
021075,940093,950468,161186352.75935096
950485,021075,950468,209988978.36088693
021075,950485,950469,250609984.37135732
021075,960702,940093,159506954.0437417
960705,950471,021078,134690460.9354377
960686,950471,950413,
950471,960705,950413,
021039,960686,950413,307644224.14679635
950411,021039,950413,200877665.6053572
021039,950411,960669,328651942.9576247
950452,960710,940089,137253136.44740272
960710,950452,960688,243447617.17256936
950474,950477,021081,237717092.79368058
02P206,960759,960594,648009389.5730467
93034,960759,93067,121887668.34705444
960759,93039,93067,127734711.78443158
93039,960759,02P206,262776274.2493461
93055,960599,02P206,
93090,03S045,970819,41056048.660843134
93095,93098,091178,36664335.68236948
091178,93098,950314,
93098,071160,950314,
93096,93098,93095,49053097.56939576
960606,950264,940048,51038490.73763495
950253,940052,950245,
940053,02P111,950252,
960755,93019,93011,121080400.93717901
960755,93063,960758,92069327.5877072
93019,960755,960758,111417611.92594296
93024,950226,93021,
950243,950247,960569,157006297.86609197
950243,950235,950245,
950203,11S070,950201,123384244.12349363
091176,950203,950201,269267052.6370689
950203,091176,101181,255129928.57241204
020892,950150,020894,280706141.93156207
950150,020892,02P204,279079490.8814635
950149,970794,960530,431299905.5558102
950364,940068,021009,235654524.15652272
021008,950364,021009,189283282.6307378
940068,950364,960764,212134630.57484874
950364,950334,960764,204514833.17797047
950334,950364,021007,128092030.81964238
950351,950348,950349,106901655.00228125
960761,960763,950335,43358942.748316236
960763,950365,960764,76384744.18711609
950365,940068,960764,87802471.4339935
940068,950365,950366,112793971.8304308
960761,950365,960763,80412200.52615534
041139,03P214,950314,
03P214,041139,960637,
021010,950367,021009,182384555.09029388
021000,950367,111188,181658055.3862606
950367,021010,111188,195334703.90260008
021012,031111,950373,58689109.99090769
021012,031113,950376,50611338.23206442
950316,071155,03P214,28917547.54224925
071155,950376,950314,
03P214,071155,950314,
071155,021012,950376,37144265.682170294
071155,950316,031111,69775368.67106025
021012,071155,031111,59084450.22820158
950320,950319,960639,179521588.43073753
950319,950322,960639,195610267.73266783
950319,950320,950318,109653204.62817743
960763,960760,950335,52995348.27056069
950334,960760,960763,126846148.68502139
950326,950334,021007,145670308.20511547
950339,950370,950366,120839121.72256032
041130,970826,950373,150340825.38737777
021012,970826,031113,124854764.73354259
970826,021012,950373,146855159.02215332
950370,960650,051146,118870784.99434794
960650,950368,051146,167906220.91719648
950339,960650,950370,62749144.03582347
960650,950339,950337,91451913.09555419
950368,021004,940069,118447795.7525286
960652,02P117,950369,91684617.31756942
02P117,960652,940069,16542296.41973903
02P117,021004,950369,135400583.6597995
021004,02P117,940069,25968807.178124238
950372,960652,03P215,12050887.183894815
960652,950372,031109,74164441.93708247
960652,950422,03P215,
021046,950428,940077,
071161,020997,950306,105019743.79678458
041136,071161,071160,38914883.75885576
950306,950307,950314,
950307,031104,950314,73707644.035645
031104,940065,950314,128699017.61761683
950317,950260,940056,108938401.1813844
950260,960580,940056,155133884.3317944
950352,960649,950354,116996490.013011
950345,960649,950349,180042067.31209823
960649,950352,950349,156241943.4022772
960645,950327,950382,
960640,950327,960645,76506668.12442641
950327,950252,950382,
02P112,950327,020975,
950327,950259,020975,
020878,05S051,940009,95640091.31840242
940009,05S051,950167,
020878,950118,950113,203058370.80183828
05S050,960519,950119,43552544.26897244
960502,020853,020854,429287413.5565095
020853,960502,970780,382353253.9474808
960502,020854,940002,305722591.6487335
950103,960502,940002,
970780,960502,950103,
950126,950120,020875,244934396.47635847
950106,950120,970785,
950120,950106,020875,
950130,950140,960525,516638535.23364586
950140,950131,020888,350070851.1999846
020888,950131,020875,
950131,950126,020875,
950130,950131,950140,500647636.8142676
081173,960533,950141,
960533,940016,950141,
960533,081173,020894,
940016,960533,950142,
960533,950158,950142,
940016,020890,950141,292179328.56449234
020890,940016,950142,199084543.16393656
950146,950140,950143,435250518.94459
970794,950146,950143,371187996.76926774
940022,960529,02P204,22819762.007769935
020892,940022,02P204,46420118.94373827
950136,950139,950141,
960755,960754,93063,111849094.83575962
950110,020857,970782,317486544.3388014
950107,020857,020858,165898337.0583658
020857,950107,970782,277114561.6059974
950167,940019,111184,
960505,970784,940004,384610810.4128878
970784,020870,940004,317852798.58872795
960503,02P202,020859,
950108,02P202,960503,
02P202,940004,020859,
02P202,960505,940004,49853455.955170915
950116,020878,950113,306598422.5850471
020870,950116,950113,165999069.40066394
950112,05S053,940010,
950378,021014,021016,92540510.06184658
02P118,091180,960645,14723392.955229387
091180,081167,960645,117291292.00264393
081167,960655,950341,162690994.5184469
091180,960655,081167,183865899.35633296
021014,960655,02P118,144001170.20571002
960655,091180,02P118,16631020.384654984
960655,970823,950341,201178910.72940305
970823,960655,950390,349721829.15928835
950328,960640,960645,199447928.77312237
021026,021015,950379,214511343.1132134
950383,960656,950382,
960656,021015,950382,
021018,960656,950383,
970829,940086,031118,232724815.02224508
960680,940086,970829,232645956.9841661
940086,970828,031118,365004673.99022025
940086,960680,960672,411207985.822546
021035,960768,061151,233201329.49331397
950434,960680,031117,146715251.05023542
950436,950434,031117,179860797.08223617
960659,960658,021025,176375511.3789168
940076,960659,021025,189893467.24656963
021037,960659,940076,432450929.24907964
950409,940076,950407,285915632.88360083
950409,021037,940076,314947072.61471015
021037,950409,950412,214267073.50080538
950411,950409,950407,243222022.03166342
950409,950411,950412,235562805.10851863
021024,02P209,950388,115294541.18975562
960658,021024,950388,190646011.06385186
02P209,021024,940075,109516566.54400289
021024,950399,940075,217536931.37472084
021021,950384,950386,112782977.87747923
950384,021021,021020,159364396.79376546
021023,950400,061151,237044273.2368401
021030,950385,021020,128978980.14922668
031126,021058,950449,118929545.25159208
031126,950449,021059,117097306.74378721
940085,031126,02P211,
031126,021059,02P211,
950448,051141,021058,103857177.25073984
041134,021049,950447,145021522.47277883
021049,041134,950436,153203218.24759677
021049,021050,950447,128966767.1898383
950443,031119,970830,150826005.18227068
021058,051142,950449,75116671.08876672
950449,051142,021059,81872176.49954037
041133,960681,031118,137997581.80997404
960681,970829,031118,187364805.89857507
960714,021076,950469,201038772.9801186
960715,950481,950482,305386357.7792809
960714,950481,021076,325182455.88472956
021084,021088,02P122,
021084,950480,021088,
940095,960715,021088,202526387.2360182
950483,960716,02P211,92112466.38246973
950484,960716,950483,152624045.21041963
960716,950492,02P211,
950492,960716,960724,
950491,950492,960724,
021067,960690,950460,181160902.7795362
021067,950460,970832,201006020.1275939
021067,02P210,960772,220243303.81780618
02P210,021067,970832,253747178.64647585
940091,021065,950458,330765636.5587628
960690,940091,950458,
950450,021062,021065,122080439.84978633
021066,950450,021065,189563532.62380564
950450,021066,950454,229882513.03777584
950467,081168,950487,
950467,02P210,081168,286869955.42694926
940093,960773,950468,302549939.49736243
960696,960773,950464,228697180.4800839
960773,940093,950464,415646077.9787795
960777,940096,950487,
940096,950467,950487,
950467,940096,960717,177510981.15056148
940097,021091,021092,105273169.57899578
021090,950484,950482,214420927.51456636
960716,940099,960724,
940099,960716,950484,146501000.03571963
021090,940099,950484,308492063.8823663
940099,021090,942004,258757482.3088384
960726,960728,960731,
960731,960728,960729,
960728,960725,960729,
960728,960727,960725,146088822.8280881
960727,960723,960725,416093371.48016876
960777,960723,940098,
960723,960777,960725,
950491,960723,960727,
950461,970831,950454,408240259.51198596
960701,950465,081169,233688022.44478518
960700,960710,960688,317346160.3489364
021076,021073,950469,144147721.22585118
021073,021075,950469,133617733.01500446
021073,960702,021075,169986039.31763378
021073,021076,081169,318035386.44765913
960702,021073,081169,197320005.81901625
950465,021071,081169,167924268.01701117
021071,960702,081169,156384106.07977518
960702,021071,940093,110393286.01787968
940093,021071,950464,289512128.36621267
021071,950465,950464,157392156.78286135
960718,970837,950485,195031461.75373882
950489,021090,950482,156448287.2128986
021090,950489,942004,152240049.68095565
950470,960705,021077,138005767.27451935
950470,950412,950413,497896922.62738204
960705,950470,950413,518868129.14025116
950471,021064,940089,218674371.0829937
021064,950471,960686,126076250.71984154
021064,950452,940089,186694349.3785057
950471,960707,021078,170894354.9554577
960707,950471,940089,193910498.31857508
960670,960669,950408,166375137.2910624
960670,021039,960669,129192109.83100043
960670,940079,021039,168497666.56745875
021060,940079,950408,282210201.2375037
940079,960670,950408,204087241.93587968
960687,021064,960686,125336190.9641264
021064,960687,950452,152738132.0833769
950476,02P122,021080,
950466,960701,081169,110972764.28819597
93047,02P206,950227,10155179.757677166
93039,93047,950227,111462207.60152076
93047,93039,02P206,41318601.95079825
93044,020959,950227,77974803.98386824
020959,93039,950227,89035427.10394457
93020,93025,93027,123874078.04720086
93024,93020,93027,124168952.08785236
93059,960599,93055,
960601,960600,141202,
95113,960601,141202,
02P206,960601,950227,
960599,960601,02P206,
93098,04S048,071160,34746562.0918729
03S045,93089,970819,34811382.555040136
93096,93089,03S045,52680283.73201735
93052,93096,93095,49904509.21484019
960624,93052,93095,65697812.03248177
93052,960624,93093,11453604.015060365
93052,93089,93096,44480687.36642007
93097,93096,03S045,56970894.17415844
93096,93097,93098,67383742.39186236
93097,04S048,93098,21385200.96879473
93090,020847,93084,171493017.17299834
02P114,950296,990838,148104817.08601585
93063,93029,960758,93918931.25118107
93046,92106,970813,41349236.65403981
960607,93064,93070,122666270.41815147
940052,020967,950245,160349145.25276905
93019,93028,950228,139940924.9861072
93028,93019,960758,102773704.22011125
93029,93028,960758,88563854.36759506
081171,93019,950228,70691638.63353966
93011,081171,93013,168092101.2525341
93019,081171,93011,174427576.9951105
93026,081171,950228,27252089.75925576
93016,081171,93026,167500211.22887275
950224,93016,93012,117755360.14733008
081171,950224,93013,131058767.23906203
950224,081171,93016,99591932.56645809
93025,950225,93030,144038899.69162902
93033,93024,93027,82050631.1561248
93024,93033,950226,152250263.96928808
93033,960756,950226,111031251.15158914
93025,93033,93027,70832713.89349465
960756,93033,93025,155481232.5904365
970810,970806,950237,112989317.42613657
950233,960566,950237,
970806,950233,950237,
960565,950233,950232,119088825.81239513
950233,02P109,960566,
02P109,960565,950235,8854414.761325402
02P109,950233,960565,86405183.17852786
020964,950241,960569,162167858.83148447
950241,950243,960569,169161220.07128993
950243,950241,950235,
950241,02P109,950235,
950266,020967,00R015,353400218.268262
950203,05S054,11S070,
05S054,950203,101181,
960550,05S054,93022,
05S054,101181,93022,
950164,940028,111184,141498877.364226
020893,950150,02P204,336541227.8871978
950149,020893,970794,311472573.5714519
960529,020893,02P204,173772677.64121863
020893,950146,970794,326946072.836263
950146,020893,960529,280366813.6337323
020893,960534,950150,
960534,020893,950149,
950232,02P104,960527,
02P104,950154,960527,
07S065,960550,02P213,
07S065,02P213,021098,
960519,07S065,021098,
07S065,960519,950167,
950343,950345,950349,169534990.29216114
950329,950343,950331,180196044.0784731
950348,950343,950349,120717030.48168541
950343,950348,950331,162875949.36845174
021002,950329,950331,156691399.23578215
950336,960761,950335,99221109.67306851
960761,950336,950337,87603650.06215839
061149,041139,950314,41069075.20370342
041139,061149,960636,108947212.03884691
950367,970824,021009,146564559.39015898
970824,021008,021009,195857201.1960599
970824,940066,960637,165532792.5040711
021008,970824,960637,384637404.68422604
950316,071156,021000,42923310.4409695
071156,950367,021000,89748124.03908299
950261,950319,950318,132770015.27468352
940056,950261,950318,118008935.9368334
960580,950261,940056,250583535.82521734
950261,960580,950259,180962053.83717898
940067,950336,950335,144608987.45896134
950319,081170,950322,118808371.0437925
960760,960644,950335,46639755.80594492
950320,950321,960638,138833399.436396
950324,960760,950334,101345754.78961098
950326,950324,950334,160239814.85092705
950324,960644,960760,46718851.84433349
950322,950324,960639,161009221.81252232
950324,950326,960639,158196105.9214711
950338,950365,960761,77531449.65481284
950338,960761,950337,103442103.98835942
950339,950338,950337,50322997.6743724
950365,950338,950366,71503866.28289244
950338,950339,950366,39985915.96332762
031113,940070,02P208,4325637.725322635
970826,940070,031113,65780238.36018271
950371,021011,051146,111795944.2909263
950371,031110,021011,91443088.42583407
031109,950371,051146,87199306.24459206
950372,950371,031109,158792935.69249362
950374,031110,121193,67252245.38238773
950374,041130,021011,73943807.1974634
031110,950374,021011,103272909.31283593
141203,940070,970826,74361585.6358257
940070,141203,02P208,3253810.133062934
141203,960653,031122,
141203,031122,051140,
02P208,141203,051140,
950340,021004,950368,108123445.35499865
950340,960650,950337,157757461.07098767
960650,950340,950368,128997536.48107916
021004,950340,950356,284553248.03162646
950361,950360,950362,108831575.69966012
950358,950352,950354,112744170.1748832
950360,950358,950354,185191675.76958987
950423,950424,031122,
950431,950428,021046,144787408.38189092
950424,950441,031122,74649969.68473673
960675,950441,950424,113276588.48505437
950305,950307,950306,187791700.30161083
020997,950305,950306,155940981.4597521
950305,020997,950303,147515696.28094423
061148,940065,950304,226212489.7616358
061149,061148,960636,87950729.55990213
940065,020998,950304,135814651.44819197
020998,940065,031104,147813891.88036844
950307,020998,031104,100499378.379796
950305,020998,950307,156036960.60847038
960633,950294,021101,143078059.4480058
950291,950294,031128,137114804.6840841
950300,020994,960629,146448291.19107872
940055,950255,02P112,44816124.22686522
940055,02P112,020975,29095248.931746416
960648,950347,950345,182829160.8664112
950347,960649,950345,145947974.01356775
960649,950347,950354,162980918.97810358
940057,950327,960640,161814090.15459406
021002,940057,950329,215133491.40032378
950327,940057,960641,165576665.46753004
940057,021002,960641,162200721.40913892
05S051,950125,960531,76347286.85591406
950125,05S051,020878,148117765.12874866
950116,950125,020878,252043103.75245884
960512,020878,940009,202750871.33228678
960512,950118,020878,204587716.2713861
960519,960512,940009,212693619.1609967
020884,950120,950126,321176713.97502536
020884,950130,950129,303671745.93198156
020884,950129,940013,254351016.49360177
950137,950130,960525,137286486.41696993
950130,950137,950129,254627765.23819077
061150,950137,960525,55045881.434035584
950129,950137,950135,234510978.91408426
950137,061150,950135,107570430.29016171
950131,950127,950126,141289474.1139293
950127,950131,950130,311478369.29505384
950127,020884,950126,106298110.918118
020884,950127,950130,247021365.2934269
020890,950133,950141,298286982.7372704
950133,970790,950141,
970790,950133,940012,342066646.6387273
950133,020885,940012,193092409.22000095
020885,950133,020890,260284021.22245687
970790,950132,950141,
950132,950136,950141,361569617.892921
950132,970790,940014,377520471.9742535
950136,960523,950139,223030172.80074814
950139,960523,950135,316075171.10412955
950246,950240,020962,263286150.62479633
950265,950247,950267,220187399.410175
950247,950265,960569,238828874.9281448
950265,020964,960569,318519359.85562414
020955,020954,940045,262191562.45391592
960753,960754,960755,146566049.89393225
960753,93011,93005,144025054.99886876
960753,960755,93011,160224794.7780377
960592,020955,940045,155143169.9637861
020979,960613,950272,151048623.8336758
960613,020957,950272,231692207.66838703
960506,960510,020858,314147451.56090665
020857,960506,020858,188822128.20361045
020885,020880,940012,176138872.63061503
020862,020857,950110,190293985.07314283
020862,960506,020857,406387902.80910456
020865,950110,960509,326515066.1089278
020865,020862,950110,116680506.21562132
03S047,960532,940015,265084559.74587953
940019,960532,03S047,281594376.8876017
05S053,960532,940010,
940010,960532,960531,
960532,05S051,960531,
05S051,960532,950167,
960532,940019,950167,
07S064,940019,07S063,
950144,940019,03S047,227517292.4144288
950158,950144,950142,
950144,950158,07S063,
940019,950144,07S063,
960507,970784,960505,364682977.7360659
960507,02P202,950108,251995219.2711906
02P202,960507,960505,29740447.359457377
950125,960515,960531,223021121.6976165
960515,950125,950116,311104643.9635249
950122,960515,940005,296469364.7970023
960515,020870,940005,269104068.8804304
960515,950116,020870,134496146.91196063
020863,020866,950111,233938596.6734641
960504,020863,950111,275518436.6437013
960510,020863,960504,431005945.65322405
020867,091177,960510,238205546.60523608
960506,020867,960510,247795248.58436263
020867,960506,940007,421528262.84331876
950121,020874,131199,189384986.90340778
020874,950121,020866,648696004.5900812
091177,020874,960510,
020874,020863,960510,
020863,020874,020866,
960532,950138,940015,100183631.2857585
950138,960532,05S053,
960521,940011,131199,330746979.28457946
950121,940011,020883,118946380.86488542
940011,950121,131199,283426309.7266882
960674,111189,121192,138766518.45231175
960766,950394,940077,293299836.9379135
950417,960674,121192,147373636.10543934
950342,960648,950345,172161106.1834277
950342,970823,960648,169394239.13273662
950328,021001,960640,170858765.41959044
021001,940057,960640,229816667.9696247
940057,021001,950329,143544462.63774332
021026,041135,021015,215065827.80368215
041135,021016,950382,
021015,041135,950382,
950381,960662,950379,193168158.96226832
960660,960662,950394,336302992.2367956
960660,021026,950379,175142514.13119164
960662,960660,950379,260578640.16669455
940077,021032,960767,170936624.7111547
021015,111187,950379,106662604.76892908
960656,111187,021015,174130191.5970225
111187,950381,950379,150268902.45709705
940074,960656,021018,112372673.30823618
940074,021018,021020,131060846.42179921
950385,940074,021020,147853424.73591155
940078,021035,061151,149860260.01171166
021024,071164,950399,131390386.83034277
071164,960658,960665,264884919.5445478
071164,021024,960658,266590632.44104758
071157,071164,960665,141773790.13609248
021036,960666,960672,232275989.62670928
940078,021036,021035,196453080.15091202
021036,940078,960666,148265364.47036934
960680,021036,960672,
950434,021036,960680,
021031,950401,960663,191608896.1581942
960667,960768,021035,131093532.10724257
950433,021048,950435,153538828.4718126
021048,950434,950436,158730115.0921833
021048,041134,950435,134746649.95827886
041134,021048,950436,261903851.74545193
041137,950474,021081,112153672.728685
021082,950475,021081,121083421.38059862
950475,041137,021081,162714142.7322799
021038,960769,960665,165244431.98386726
960769,071157,960665,136034779.55379522
960666,960769,960672,389515326.2419386
071157,960769,960666,205638338.05893275
021040,940086,960672,514103362.42925686
940086,021040,970828,
960659,950410,960658,196942488.52207363
960658,950410,960665,350036590.6143186
950410,021038,960665,264860099.17757785
950410,960659,021037,230194031.2228581
950387,021021,950386,186534136.81589726
950387,021023,960663,145780416.2585969
021030,950387,960663,201682782.60365286
021021,950387,021020,271530776.1566655
950387,021030,021020,252404957.0730114
960657,950400,021023,232075560.3751967
021022,960657,950386,141753474.97503853
950399,960657,021022,187564937.87361142
960657,950387,950386,358688088.20030206
950387,960657,021023,194827180.21157703
041132,950433,950435,121453464.04492716
041134,041132,950435,99160566.74262398
041132,041134,031123,90103908.47767423
950443,950445,031119,95850113.95184319
031119,950445,940083,106652205.87250884
02P120,950443,960683,9200682.1912485
940084,02P120,960683,4645280.194612721
02P120,950445,950443,96663966.3151948
950445,02P120,940084,49201513.47178183
031125,950448,021058,103234892.03843895
031125,031126,940085,92580847.87101151
031126,031125,021058,165509719.9587127
960684,940084,960683,35552838.61197501
031124,051142,021058,81574898.38368294
031124,051141,950447,87266261.62342851
051141,031124,021058,73714388.90077768
021050,031124,950447,103316336.59675483
051142,031124,021050,156509697.10384226
950437,041133,021059,87758674.24380906
051142,950437,021059,134408249.4368397
950437,051142,021050,91622692.23890024
950437,960681,041133,73799388.59472933
960681,950437,021050,91821813.78900631
021049,081165,021050,160651442.4103204
081165,960681,021050,83621836.74906793
081165,021049,950436,106292254.31182885
081165,950436,031117,122958100.01863545
970829,081165,031117,113791420.09925143
960681,081165,970829,103300944.30751534
950481,021087,950482,93691274.48790905
021087,950481,960714,141430888.4082433
021087,950489,950482,162882613.54803932
940094,021084,02P122,29446087.08723992
950476,940094,02P122,61177972.03470419
940094,960711,021084,97128903.56216925
950477,960711,021081,301884849.80440503
960711,021082,021081,311445826.0965415
960711,950476,021082,271969199.5695659
960711,940094,950476,209225946.57463187
950480,960713,021088,35670970.58823441
960713,940095,021088,20273292.542961463
950481,950479,021076,317978176.49336296
950489,960722,942004,165444889.94268233
950492,950493,960726,181152486.89928445
950491,950493,950492,
950493,960728,960726,197357368.855572
950493,950491,960727,
960728,950493,960727,172042091.98013422
021067,960689,960690,186529969.45174694
960689,940091,960690,329321909.484648
960689,021067,960772,131598924.66284117
960771,950450,950454,243741807.99776265
970831,960771,950454,233848888.28018177
960771,950451,021062,251195145.5971756
950450,960771,021062,191838125.49224886
021066,950455,950454,171739848.78689966
950455,950461,950454,367580148.0650671
950455,960689,960772,174712295.0228136
960689,950455,021066,155733883.64772534
950467,960774,02P210,333363491.1199348
021091,950488,960777,298827732.68741333
940096,970834,960717,168742940.83638468
970834,950485,950468,280439072.8704635
970834,960718,950485,218534321.0782631
960721,940097,021092,132887965.33533339
960722,960721,021092,85780517.44779837
021093,940099,942004,211535447.7509103
960722,021093,942004,176591193.56952524
021093,950491,960724,
940099,021093,960724,
021069,970831,950464,117085747.59080279
021069,960700,960688,195580226.86948097
950465,021069,950464,177712376.46529087
960700,021069,950465,107043684.84311369
960694,970831,950461,154010931.99089608
960694,960696,950464,89315418.64294986
970831,960694,950464,240362461.67643648
960700,021070,960710,128610252.21719337
960701,021070,950465,168720435.6875391
021070,960700,950465,107490613.12109174
970837,960776,960719,177785623.2829453
960776,960721,960719,72854010.23022681
960721,960776,940097,153435130.81590936
940097,960776,021091,113429918.51290654
960776,960718,970836,56528874.33716828
960776,970837,960718,182979941.35130063
950488,960776,970836,107893421.64900598
960776,950488,021091,254908199.75835133
960720,960722,950489,62992635.91534519
960721,960720,960719,23892059.964943014
960720,960721,960722,33950743.83623345
970837,950486,950485,196394809.48401013
950486,021087,960714,206683767.70912904
021087,950486,950489,280484680.900039
950485,950486,950469,370081841.3653478
950486,960714,950469,169471483.26759797
970828,950473,021080,548593183.6871387
960707,970833,021078,175791717.6455128
950474,970833,960703,142690694.48194224
021039,021061,960686,159154360.97437224
940079,021061,021039,139436802.2002374
021061,960687,960686,181350774.78874084
960685,940079,021060,189815194.7364289
960685,021060,940087,260295805.85812253
960685,021061,940079,183258981.2436141
021061,960685,960687,165959996.0739215
950474,960704,950477,294537353.32033724
960704,950466,950477,133431301.1675739
960704,950474,960703,117254420.24540797
960701,960704,960703,69368367.65526463
950466,960704,960701,78041257.78484972
93020,93015,93010,78790817.86041588
93015,93020,93024,92038915.54313326
93015,93024,93021,188287369.79038355
02P107,93044,950227,84485578.3345538
950226,02P107,95113,
960601,02P107,950227,
02P107,960601,95113,
93037,93025,93030,124395691.89438957
93037,960756,93025,117955370.1567734
02P107,93037,93044,184412914.18247792
93037,02P107,960756,82025060.70605218
960601,93060,960600,55609314.041707754
93060,960601,960599,24776729.419569086
93060,93059,960600,17983960.22717474
93059,93060,960599,12312279.80004628
970821,041136,071160,28596520.854030527
04S048,970821,071160,33908139.789737895
93078,93073,93074,146498628.24694484
93089,02S043,970819,22578925.93404678
93052,02S043,93089,39146884.27124693
031102,950275,950277,311309345.3573748
93073,031102,93074,147938480.5857412
93038,960607,93070,191757781.7630104
020960,93035,93034,77432783.66122301
020960,93029,93035,66493785.05770954
93028,020960,93034,98726249.12147719
020960,93028,93029,75141534.83979884
93029,93066,93035,89349192.12418781
020984,950268,950267,228309997.89159206
020847,960616,93084,239922666.00147566
960616,020847,950277,204582914.78415325
950263,020979,950272,140631316.53003368
960612,950263,950272,263010167.47164795
031102,950263,950275,
960612,950271,00R019,143076359.12663642
020984,950271,950268,250840002.335024
960577,071158,940054,83123105.70115943
960575,940053,950252,
950327,960575,950252,
960575,950327,02P112,
950255,960575,02P112,
960575,950255,020973,
960575,020973,940054,
071158,960575,940054,
020971,950253,950252,
02P111,020971,950252,289428418.3840612
020971,02P111,940053,13865884.64361274
960574,940052,950253,
020971,960574,950253,152418160.03189456
960574,020971,960576,182458580.12181944
020966,960574,960576,170344608.74737468
020966,960576,071158,243018590.054833
960577,020966,071158,236711231.7149055
020973,960578,940054,131253009.16109198
950255,960578,020973,172225681.3445442
970804,93026,950228,107424980.12166253
93028,970804,950228,122324979.97720498
970804,93032,93026,82607261.12457235
970804,93028,93034,53973271.75695379
970804,93034,93067,109630414.77792868
93032,970804,93067,113462033.14774507
93032,93036,93026,122280831.63557456
93039,93036,93067,140310418.21830174
93036,93032,93067,139810457.51196703
93020,93014,93025,248367057.53990152
93014,950225,93025,205937107.78120026
93014,93018,950225,88418378.8432135
93018,93014,93012,107044481.08823122
93002,020947,960590,287937425.7031289
020947,950213,960590,148744624.24008095
950213,020947,960581,219271667.8790546
020947,940042,960581,264624687.34225723
970806,950238,960571,86727184.80489329
970810,950238,970806,141458158.46386662
02P110,950241,020964,183291521.43841022
950241,02P110,02P109,
940046,950266,00R015,140330310.52779868
950266,940046,99R004,120122285.49157856
940046,950270,99R004,89287435.81284712
960570,950243,950245,116704731.72509563
950243,960570,950247,403453200.4858996
020967,960570,950245,168374483.83217427
950266,960570,020967,405160227.1485471
05S054,14P125,11S070,
020946,970800,020944,176502234.56571853
970800,020946,950214,126123692.32750155
950211,020946,020944,178792725.19629154
020946,950211,960581,269706397.8299734
940041,091176,020944,183364167.72511876
970800,940041,020944,94241437.47404985
091176,940041,101181,196507857.84036955
101181,940041,93022,
940041,950214,93022,
940041,970800,950214,34118849.91149345
950214,07S069,93022,
940042,07S069,960581,204021242.5184214
07S069,020946,960581,241420547.9586532
020946,07S069,950214,51458604.674229674
950211,950212,960581,182148611.18072072
950205,091176,950201,164065299.36847743
091176,950205,020944,105468690.50687268
950205,950211,020944,133292014.85101418
020943,020940,010845,155529543.3114319
950205,020943,950211,188744874.66474837
020943,950205,020940,235979925.4334017
020903,950158,950156,246167227.37180126
950158,020903,07S063,151385239.606118
940024,960533,020894,237428565.23243007
960538,950151,960542,261437166.69052064
950151,960534,960542,212258534.12564203
940023,950149,960530,410236539.2428007
940023,02P102,960527,
02P102,940023,960530,
950154,940023,960527,
020898,940023,950154,
091174,020898,950154,264672360.71736223
020940,960560,010845,157821934.75638148
960560,960559,010845,211104557.08130768
970797,950178,950180,219091934.57594788
960560,07S067,960559,94053093.73258053
07S065,02P205,960550,
960547,020905,970795,380977501.3863091
020905,960547,950164,244745878.10421625
950164,960547,940028,333925939.59234905
940028,960547,950167,142413155.75693598
020907,960547,970795,254585622.3443717
960547,020907,121191,336352354.1783284
950163,020907,970795,287007262.7909991
020907,950163,950166,309899223.30346406
950163,950165,950166,248151441.08881396
950165,071159,950166,290635358.4273214
950343,960647,950345,152067321.56555867
960647,950343,950329,139037219.8371039
021001,960647,950329,112150520.41201219
960647,950342,950345,170330920.26609218
950342,960647,950328,291518683.90169543
960647,021001,950328,187102209.88584056
020999,041139,960636,109917906.55174482
950309,960633,021101,147889195.27049905
950309,061148,950304,454876907.8387853
950321,051143,021101,409380865.4720766
031107,970824,950367,200296129.82017288
940066,031107,03P214,24352332.730356768
970824,031107,940066,102609319.47200355
950348,950332,950331,204791196.42202288
940067,950332,950348,257032566.7578087
940067,950355,950336,108211067.14156847
950336,950355,950337,114446313.09649311
950355,950340,950337,179686064.61457643
950340,950355,950356,333059220.7300523
950261,020978,950319,141490397.8905841
020978,081170,950319,209336310.6216297
020978,950261,950259,
960643,081170,021003,108725424.21921843
081170,960643,950322,75054084.81733514
960643,950324,950322,112454223.23856117
950324,960643,960644,68185871.62806734
950371,071154,031110,57884592.61310097
071154,950371,950372,182450661.64875174
031110,071154,121193,40255919.120179385
071154,950372,03P215,50555569.33282049
031112,950374,121193,75482700.81930174
071154,031112,121193,33809704.532910384
031112,071154,03P215,44751327.65448676
960653,031112,031122,
031112,950423,031122,
950363,950361,950362,82743337.2249059
950361,950363,950369,176640899.94550666
950363,960652,950369,438903511.30764455
950363,950422,960652,
950359,950358,950360,101840320.36174865
950359,950361,950369,270920702.27473736
950361,950359,950360,127954164.4725937
021004,950359,950369,251933241.56867227
950359,021004,950356,298665923.4572461
950352,950359,950356,186651501.6777784
950358,950359,950352,54989185.78884627
960673,950363,950362,74775206.12023309
031112,03P216,950423,
950422,03P216,03P215,
03P216,031112,03P215,
031120,031121,950442,116035305.93141584
950445,031120,940083,63814355.46283867
031120,950445,031121,
950439,031120,950442,137104497.66706222
031119,010846,970830,121436663.07340316
010846,021046,970830,144646066.87668252
010846,950431,021046,129765926.60545705
950431,950419,950428,96174926.7810867
950419,960674,950428,148436545.0363078
960674,950419,111189,114730996.95725559
950423,031116,950424,106771808.94808467
03P216,031116,950423,41357443.59491918
93102,020997,071161,92561581.55840383
020997,93102,950303,80187154.52348606
031105,061149,950314,74066538.6484149
031105,061148,061149,93607785.23120056
940065,031105,950314,38812195.227369264
061148,031105,940065,63662965.06317554
940063,950300,960629,117340163.25538604
960631,950299,960633,164004839.36578348
960631,960632,950304,27190697.300089646
020993,970812,950291,43669367.8497213
950321,970812,960638,165299877.95823342
970812,950285,960638,291934224.4186837
970812,020993,950285,93203716.71379994
970812,950321,021101,317272872.5515858
950294,970812,021101,136264543.82183966
970812,950294,950291,60236183.92638597
950299,970822,960633,103506800.83522883
970822,950294,960633,211721587.2406056
950294,970822,031128,124950967.30221556
970822,940060,031128,126560316.76397711
950260,960579,960580,122091955.30235441
960579,940055,020975,169803358.74076158
960579,950257,940055,133640738.89256692
950259,960579,020975,153845754.1496445
960580,960579,950259,113635637.21513733
960512,020869,950118,183873140.95704836
020869,950115,950113,113459406.11621358
950118,020869,950113,178690253.45076266
950115,020869,950109,
950109,020869,950119,
020869,05S050,950119,
960517,020884,940013,104672363.8399625
020884,960517,950120,169443596.620505
960517,940013,970785,
950120,960517,970785,
940018,950147,081173,
950147,020892,081173,350243183.4761353
940022,950147,960529,72337311.10198767
950147,940022,020892,204537039.43599004
950139,970792,081173,
970792,940018,081173,
970792,950139,950135,320053651.0461305
061150,970792,950135,201835032.22071233
940018,970792,061150,125687093.32903935
960526,061150,960525,49619538.651801266
960526,940018,061150,35585538.890961476
020877,020872,950117,252437846.90932277
950117,020872,970785,210251497.01533556
020872,940008,970785,328976164.03977925
020872,960509,940008,515085003.1281288
960522,960523,950136,189837681.01607078
960522,950132,940014,236324057.37906572
950132,960522,950136,280893521.1201639
940013,020876,970785,
020876,950117,970785,129054757.43928595
020876,020877,950117,234174040.06208926
960523,950128,950135,355333016.6406504
950128,950129,950135,449821478.091844
950129,950128,940013,514181015.2980374
960522,950128,960523,212177158.26309767
950239,950240,960568,168400815.11932054
020961,950239,960568,90208801.47402787
950239,950238,970810,110659619.00853004
950238,950239,020961,86520656.98348838
950240,970807,960566,64800458.987785086
960566,970807,950237,60309894.70627901
970807,970810,950237,116055704.45740648
970807,950239,970810,118982675.68151955
950239,970807,950240,199350202.53424874
020952,950242,950246,275635933.69521976
950240,950242,960568,170676405.95698303
950242,950240,950246,195876501.99782732
020963,020961,960568,319142597.1513597
020961,020963,950206,317511876.0047284
950242,020963,960568,241172468.2428929
020963,950242,020952,502778927.94714177
020963,020952,950220,322494883.3566537
020964,950244,020962,102904747.9552231
950244,950246,020962,156866179.77034742
960752,020954,020955,159695082.43337396
020952,960752,950220,243712884.30727986
020958,960613,950264,365836944.6331274
960613,020958,020957,414851716.50549006
020956,960753,93005,108578658.07682578
020956,960592,960753,249924259.97292542
950222,020956,93005,124919358.98371418
960592,020956,020955,158860427.10215533
020956,960752,020955,196113441.722281
960506,960508,940007,167253303.24010363
020862,960508,960506,244564414.19411752
020865,960508,020862,196995396.05221733
960508,020871,940007,219278765.76057035
020871,960508,020865,256530224.57073382
020871,960514,940007,308973994.6171075
020880,960514,940012,270808508.2671014
960514,970790,940012,
970790,960516,940014,461104257.4844144
960516,020877,940014,265981156.29187414
960514,960516,970790,
960516,960514,020871,503069404.44987786
950162,950164,111184,94654858.7857266
950162,07S064,950164,90829879.46801348
940019,950162,111184,
07S064,950162,940019,
940027,020905,950164,182584737.39000857
07S064,940027,950164,180047546.47046566
940027,07S064,07S063,104638987.5846321
020903,940027,07S063,234386647.8443776
940027,020903,020905,316477383.4451943
960507,05S049,970784,212707781.19075635
020870,05S049,940005,134615938.1492998
970784,05S049,020870,149599164.10308248
05S049,960513,940005,184861014.92647174
05S049,960507,960513,606830645.2797273
020861,960503,950111,311433021.0101868
020866,020861,950111,243911437.22382155
020881,940010,960531,236491570.7104963
960515,020881,960531,235006669.1178085
020881,960515,950122,160136100.21079665
970787,020867,940007,262701263.01022708
960514,970787,940007,245298817.08781675
970787,960514,020880,265011073.70650223
970787,020880,960518,292167876.1852847
091177,970787,960518,290225313.3718964
020867,970787,091177,361084709.947564
020879,020874,091177,187686337.5785359
020879,091177,960518,161744034.99910563
020879,960521,131199,323605578.48093164
020874,020879,131199,195298444.60453635
020887,020891,03S047,
950144,020891,950142,156890850.26331407
020891,950144,03S047,195168906.2284831
020891,020890,950142,304926009.31152827
020891,020885,020890,
020891,020887,020885,
020887,950134,960521,194642760.65692174
950134,020887,03S047,
940011,020886,020883,227840297.57892865
950112,020886,05S053,142054730.0802439
02P203,950112,940010,46788555.95527452
02P203,05S052,950112,94949616.0915455
020881,02P203,940010,54657436.50683759
02P203,020881,950122,181864533.42447272
960513,950124,950122,308824050.64371973
950124,02P203,950122,254502094.74394366
02P203,950124,05S052,151422729.20971864
000843,950378,021016,250494125.70472106
950392,960660,950394,282082162.3128196
960660,950392,021026,196100981.63083008
960677,960766,940077,231879685.3326848
960762,950360,950354,239190146.7755112
950347,960762,950354,145554843.15976846
950344,960762,950347,170550202.7295833
970823,950344,960648,176155289.36703685
950344,950347,960648,165531323.97846442
021044,021029,960676,135246906.25204253
950417,950429,960674,107936134.26366253
950421,950417,121192,107979349.8586571
960646,950328,960645,188187019.59801778
960646,950342,950328,192689536.66145337
950341,960646,960645,124191902.85772625
970823,960646,950341,113742749.10042585
950342,960646,970823,184392532.32401818
021030,950398,950385,220575261.8710997
950381,950398,960662,261560556.0878924
950401,950398,960663,361055122.0158516
950398,021030,960663,270700984.0729234
021019,940074,950385,199723289.99995336
950398,021019,950385,323033177.28066725
021019,950398,950381,269330164.9495224
111187,021019,950381,181225870.96536326
021019,111187,960656,220931597.3369218
940074,021019,960656,136363268.53899935
071157,950403,071164,163710582.04025748
071164,950403,950399,151735854.42769206
950403,960657,950399,328569423.6256654
960657,950403,950400,142338088.99211928
950400,950403,061151,151276162.81447417
950403,940078,061151,162421281.11291042
940078,950403,960666,167084723.22409812
950403,071157,960666,169731149.47688854
960768,950402,061151,207691869.5935802
950402,021031,960663,94087095.17847048
950402,021023,061151,308350498.31833637
021023,950402,960663,209229756.34569794
960679,960667,021035,233195469.2747607
960679,021048,950433,197262272.65465885
021048,960679,950434,179672736.90412116
021036,960679,021035,237864397.78262305
960679,021036,950434,358549567.3024747
131197,960679,950433,254523638.807476
960679,131197,960667,204682375.7279773
950472,960706,021077,238181811.43562815
970833,950472,021078,130556635.44025801
950472,960705,021078,87495355.9346631
960705,950472,021077,241073002.39650798
041137,950472,950474,102189879.97748521
950472,970833,950474,138281532.73745593
950414,960769,021038,124650321.13689974
960769,950414,960672,319557619.42368156
950414,021040,960672,163023339.83529744
051147,950410,021037,201323600.35167757
950410,051147,021038,211927756.21656367
051147,950414,021038,140423304.63336217
950414,051147,021040,172711059.73232606
051147,021037,950412,229002681.2296037
950470,051147,950412,599110989.8635923
141205,021052,970830,298378723.6391777
021052,950443,970830,211860366.3640276
081166,950445,940084,82280219.85205986
950445,081166,031121,
081166,940085,031122,
960684,081166,940084,62324075.425055474
081172,051141,950448,79985100.60433036
081172,081166,960684,69465987.15435165
031125,081172,950448,59376635.860785544
081172,031125,940085,55619621.10161415
081166,081172,940085,
021056,960684,031123,96069880.20293008
051141,021056,950447,81662617.11752096
081172,021056,051141,67935278.0998447
021056,081172,960684,105607845.38459525
021056,041134,950447,189162068.6809266
041134,021056,031123,32319142.45269541
940095,021085,960715,192131488.08072788
960713,021085,940095,37993135.325672284
021085,960713,950480,80140645.5287466
950466,950478,950477,322918184.24054754
950479,950478,021076,210217692.16354173
021076,950478,081169,323681418.10783833
950478,950466,081169,182633659.35658976
950490,960722,021092,181465042.5942582
950490,960723,950491,
021093,950490,950491,157880446.7368968
950490,021093,960722,310088915.7039911
950490,021092,940098,239976343.02246752
960723,950490,940098,
940091,960770,021065,137197874.793694
960689,960770,940091,102881384.40445757
960770,021066,021065,147623688.18426752
960770,960689,021066,135651881.9407657
02P210,021068,960772,80187256.6433587
960774,021068,02P210,139285936.27348104
021068,960693,960772,186685570.27913484
960693,950455,960772,221458754.35141695
950455,960693,950461,192921130.00047037
021074,950467,960717,171218564.6316977
021074,960774,950467,178263218.12842932
970835,940096,960777,
950488,970835,960777,
970835,970834,940096,117410900.96456757
970835,950488,970836,144887417.25166363
960718,970835,970836,118313885.05222309
970834,970835,960718,200614083.19596565
950453,960771,970831,139840409.0775807
021069,950453,970831,107266124.31398761
950453,021069,960688,138631117.95861048
950451,950453,960688,234294927.32601404
960771,950453,950451,151694337.40444362
021089,970837,960719,120898740.46786319
021089,950486,970837,89959286.04032086
960720,021089,960719,49876207.29292789
021089,960720,950489,98342014.59889168
950486,021089,950489,75024219.3603066
960709,950473,960706,136664918.53653118
950475,960709,041137,251012816.36540252
950472,960709,960706,146928817.10659137
960709,950472,041137,205513092.13679096
021079,950475,021082,135420883.3654414
021079,960709,950475,205535867.91170645
960709,021079,950473,159049010.66057435
970833,960699,960703,128615982.11065498
960699,970833,960707,108775250.79812704
960699,960701,960703,99060006.36429657
960710,960699,940089,125682280.18020384
960699,960707,940089,135771620.86061794
021070,960699,960710,163647107.64521688
960699,021070,960701,204136650.78663936
950451,021063,940087,200757625.02211624
021063,960685,940087,226828997.57233122
021063,950451,960688,210471251.58794066
960685,021063,960687,103334999.2219076
950452,021063,960688,184395091.51777485
960687,021063,950452,135119024.48727307
93059,93057,960600,89000373.4663834
93057,93059,93055,
960596,93057,93055,110911650.00327104
93035,93051,93034,
93051,93048,93062,82708402.22858898
960759,93051,960594,127525819.72538461
93051,960759,93034,
95105,92106,101183,20730747.129049685
93048,95105,101183,22097830.2115962
95105,93051,93035,
93051,95105,93048,160021809.89257732
960597,93057,960596,32883013.55046152
960600,960597,141202,297764262.9166264
93057,960597,960600,114689744.56418435
93053,960596,93062,340010779.82652277
131194,93053,93062,97498303.563158
93053,960597,960596,
960597,93053,960628,
93085,02P114,990838,13168361.097746564
000841,131194,93062,25468054.157052867
000841,93048,101183,7105046.298621744
93048,000841,93062,19262650.973722298
92106,000841,101183,7459367.314699755
000841,92106,93046,24834669.087820597
131194,000841,93046,26275812.476500176
960756,93041,950226,79654093.42489104
93041,02P107,950226,14306962.301904475
02P107,93041,960756,14994188.381578153
970821,93050,041136,20719925.016701993
93099,93050,93084,131606689.30448478
93050,93090,93084,167729268.81956944
93090,93050,03S045,49961987.59252752
93050,93097,03S045,57714973.93661227
93097,93050,04S048,36316611.4452013
93050,970821,04S048,37549455.5044001
93078,93077,93073,160843865.1559829
93077,93081,950296,56483390.11003416
93081,93077,93078,87417332.84091024
020847,950295,950277,125323419.6537184
950295,970818,950277,150150106.96339113
950295,93090,970819,91258258.5905452
950295,020847,93090,157045645.07560685
02S043,950295,970819,50353747.06518605
93091,93052,93093,37719682.70611028
93091,970820,141209,
93091,02S043,93052,54960504.23724874
000842,970820,02P115,72290471.12495455
93081,000842,02P115,68645859.89456855
000842,93081,93078,75235122.57148302
970818,93079,950277,119904885.77830966
93079,031102,950277,285682817.3220611
031102,93079,93074,106010575.93377425
93079,970818,141209,
020981,960606,940048,73097775.42900224
960606,020981,93070,177543920.30248132
950230,95105,93035,143607627.33026502
93065,93029,93063,165513211.54241085
93065,93066,93029,120903485.71627149
960607,93065,93064,98436023.234749
960754,93065,93063,138217641.67486256
020957,960610,950272,172777782.75144354
950271,99R006,00R019,203090337.40149105
99R006,950271,020984,138187783.95099872
020983,950266,99R004,274326667.9755234
99R006,020983,99R004,109311513.28757414
020983,99R006,020984,70296395.62636842
960570,020983,950247,282615641.6872939
020983,960570,950266,271994098.39401203
950247,020983,950267,139782364.41437453
020983,020984,950267,132027343.05305818
940047,031127,960615,158841053.56526187
99R006,960608,00R019,94996454.44315144
950270,960608,99R004,81455913.13391103
960608,99R006,99R004,97327948.48968796
960611,960609,00R015,
960609,960608,950270,51240355.16034717
960609,940046,00R015,169890156.40787664
940046,960609,950270,51689467.63372417
960616,950278,93084,127946508.92601226
020987,950263,960612,176724937.13684955
020987,940047,960615,141106282.9418361
950275,020987,960615,137026133.14681783
950263,020987,950275,362922668.91464865
020987,960612,00R019,218512403.50024357
93069,031102,93073,202125318.16841763
93069,950263,031102,
93071,93069,93073,91756193.60812032
93069,020981,940048,102905874.88069887
020981,93069,93071,80808510.77045967
950271,020985,950268,104806484.55337764
960610,020985,950272,97852666.26624216
020985,960612,950272,210115981.69195944
020985,950271,960612,135453793.81852075
020985,03S046,950268,95692439.53131384
020985,960610,03S046,65926205.28705217
020969,960577,940054,157002931.77615482
960578,020969,940054,243705817.94302145
020969,960578,950251,316465022.3775726
020969,950251,960573,245539827.19700348
020972,020971,940053,115704385.91479467
020971,020972,960576,152106394.9199085
960575,020972,940053,152760298.26993376
960576,020972,071158,166526402.3125575
020972,960575,071158,164597589.60345086
950248,020966,960577,224533342.21612483
950248,020969,960573,112111760.0724907
020969,950248,960577,249283832.05362046
020976,950258,950285,273758095.69432235
950298,970822,950299,85697870.79988857
970822,950298,940060,141359023.2987722
020994,950292,960629,104336486.14739448
950292,950298,960629,110615001.73205297
960572,020967,940052,98568509.14942907
960572,950250,020967,187027856.9123454
020967,041138,00R015,175991102.97603726
950250,041138,020967,224697274.1620461
041138,960611,00R015,
93023,93016,93026,170918616.30751094
93036,93023,93026,375567076.8447112
93018,93023,950225,92468865.69226699
950225,93023,93030,152987044.02211285
93023,93036,93030,361146076.02587074
93016,93023,93012,166362568.90806818
93023,93018,93012,112360983.9002309
93036,93045,93030,153327655.62946105
93045,93037,93030,149029292.42709938
020959,93045,93039,70111957.87459093
93045,93036,93039,104115979.99596176
93045,020959,93044,59940754.56342078
93037,93045,93044,188317146.85235834
950224,93008,93013,83743648.40713052
93008,950224,93012,112310285.76919736
960584,93020,93010,280509528.2879411
960584,93014,93020,178759628.7722872
940042,950216,93004,176312433.89507562
020947,950216,940042,176719613.6531528
960559,960561,010845,198883193.24667373
960561,950209,020948,309477374.31081396
960567,020964,020962,180303572.56983608
960567,02P110,020964,11652527.17407072
950179,14P125,111185,
950179,970797,020920,172650444.02801776
970797,950179,950178,214553278.63024387
07S069,93009,93022,
93009,07S069,940042,
93009,940042,93004,
93009,93021,93022,173427357.7784683
93009,93004,93010,281009587.3365457
93009,93015,93021,215876709.69818217
93015,93009,93010,214018273.19554806
960561,020942,010845,98181613.46759886
020942,960561,020948,178592342.9591553
020924,950181,020922,295056472.03275716
091174,950181,950155,264584778.14257547
940024,020896,960533,235715358.86304253
020896,940024,950152,166107407.27160415
960533,020896,950158,
950150,020895,020894,259013755.66922846
020895,940024,020894,232438994.73794818
950155,960541,960538,187045174.78632256
020897,940023,020898,
960534,020897,960542,241255206.1530293
020897,960534,950149,
940023,020897,950149,
960540,960538,960542,158812114.38250366
960540,950155,960538,90707494.54417537
960540,091174,950155,109826941.65302412
950200,07S067,960560,69107580.23430306
950200,960560,020940,108693667.39637914
091179,950179,111185,145626839.18734193
950179,091179,950178,146620212.0742409
14P125,06S059,111185,
06S059,14P125,05S054,
960549,06S059,05S054,275438978.2405207
091179,020917,950178,177571115.4935861
950236,020961,950206,607483155.8092446
950204,950236,950206,214113960.47267336
950236,950197,960564,
940049,950231,960564,271377364.6899322
950197,940049,960564,217201344.67849612
950194,950231,02P105,
950194,02P104,950232,
950231,950194,950232,
940050,970806,960571,126210669.53990437
940050,950231,950232,
950233,940050,950232,
940050,950233,970806,389854709.6380287
960556,020917,020931,399855062.3406381
960556,940035,950178,222441399.1415801
020917,960556,950178,611887773.6806698
960557,07S067,950180,310923200.3638963
020921,091174,950154,409975880.87323976
950181,950182,020922,166995575.686072
950182,950181,091174,442038844.12060744
020921,950182,091174,348732780.6765694
950182,020921,950184,95902579.61423038
02P205,950171,07S066,3777698.476859934
950171,02P205,07S065,10490243.783282237
06S057,02P205,07S066,
02P205,06S057,960550,
020911,020910,940029,168967113.73099303
020910,071159,940029,219006810.22393394
950171,960546,07S066,69862922.5278527
020910,960546,121191,227799558.15640083
960546,020910,020911,243197356.33702585
970796,071159,960544,317716069.4639929
071159,970796,940029,248275785.83903384
970796,020912,940029,123514049.11575401
071159,020908,960544,273995755.8392987
950165,020908,071159,270650100.6719072
960543,950165,950163,167311530.73395744
960543,020904,970798,168577807.64949465
950165,960543,970798,335272905.88697886
950311,020999,960636,95124979.0002869
020999,950311,041129,98421209.53932293
061148,950311,960636,82002390.89848599
950309,950311,061148,356593921.74666506
041139,031106,960637,72658648.78212854
020999,031106,041139,100627808.51085566
950309,02P116,960633,133068007.18519749
02P116,960631,960633,81720764.81858778
960631,02P116,960632,3193644.6113193072
960632,02P116,950304,3376513.065989545
02P116,950309,950304,74324888.26324672
051143,960634,021101,166153267.5220838
940062,051143,950321,185661320.59070563
940062,950320,960639,137095010.48000452
940062,950321,950320,171696446.04403213
071156,950315,950367,85780863.24414961
950315,031107,950367,81401575.56152079
950315,071156,950316,21232735.366426524
950315,950316,03P214,40635060.99805065
031107,950315,03P214,11618890.645508787
950353,940067,950348,153923045.54728135
950353,950355,940067,63092595.18212992
950353,950348,950351,117065517.36220528
950353,950351,950356,84728700.7517519
950355,950353,950356,77779107.73964061
960642,950332,021003,75730181.16546631
950332,960642,950331,191502191.79327118
021002,960642,960641,178533749.3145822
960642,021002,950331,171227260.69907367
081170,151210,021003,
020978,151210,081170,
151210,020978,950259,
151210,950327,960641,
950327,151210,950259,
950333,960643,021003,101159760.18509503
960643,950333,960644,54609389.03570303
950332,950333,021003,71017661.55843402
960644,950333,950335,110565769.40131818
950333,940067,950335,191142992.57005906
950333,950332,940067,151133416.59439155
021013,031112,960653,66218462.87911181
031112,021013,950374,85075539.45822963
950374,021013,041130,48321897.40521136
141203,021013,960653,103123043.18486694
021013,970826,041130,86434573.45773493
021013,141203,970826,133627011.99431454
960673,970827,950416,131618492.12618077
950416,970827,021041,139650268.5201868
970827,950415,021041,87089329.42405562
950363,131198,950422,118252507.59322366
960673,131198,950363,170442183.54714802
131198,960673,950416,68386718.63997993
131198,03P216,950422,49761948.6933955
071152,950439,950442,74770324.76089823
111189,041131,121192,132301887.9863962
950439,041131,111189,162108214.24859187
071152,041131,950439,64149208.26020268
041131,950421,121192,96888931.78841126
950421,041131,071153,106934936.85352881
021051,031119,940083,68937468.9072934
021051,010846,031119,127032998.88733543
950419,141207,111189,93008616.31613395
141207,950439,111189,139889592.74850833
950439,141207,031120,133362216.68772373
031120,141207,940083,133388093.41745052
141207,021051,940083,97023794.68389766
141207,950419,950431,135964650.6907477
010846,141207,950431,151611390.81688622
021051,141207,010846,177096081.05164886
950420,960675,950424,109396597.9671672
031116,950420,950424,132652921.14004241
950420,031116,021041,76166248.98864882
950415,950420,021041,98029656.69156419
950418,950420,950415,147117513.98595527
031121,950444,950442,12465468.740296312
021053,950444,031121,46254874.67558194
950444,071152,950442,70421179.18016012
950440,960675,071153,163762681.16156676
950440,950441,960675,242484710.60216582
041131,950440,071153,150216793.42952073
950440,041131,071152,95912418.08132154
950440,950444,021053,48040997.75359113
950444,950440,071152,175174866.2785488
950441,021055,031122,31147661.301784113
950440,021055,950441,148525623.36522952
021055,950440,021053,62494024.85587559
93102,93103,93099,84725752.90022676
93050,93103,041136,74995219.83018276
93103,93050,93099,74348657.38137287
020996,950305,950303,91169617.77103935
101182,960512,960519,109402572.3118099
101182,020869,960512,378726723.16691846
05S050,101182,960519,73435417.38103892
020869,101182,05S050,255402240.1920663
960528,950147,940018,261263894.97634336
960526,960528,940018,201812852.4619914
960528,950146,960529,71424525.49457948
950147,960528,960529,75486722.97334413
960528,960526,960525,248507810.7666562
950140,960528,960525,782217513.3830329
950146,960528,950140,202326239.15677595
020877,960520,940014,171337210.92177746
960520,960522,940014,150812722.04975513
020876,960520,020877,207964387.38061118
960520,950128,960522,236565250.61230135
950128,960520,020876,277429925.68504494
020882,020876,940013,102221905.22071572
950128,020882,940013,116742211.10557473
020882,950128,020876,148306940.9479752
960752,940044,020954,124704631.55744803
93065,141206,93064,117635468.34571765
141206,93065,960754,297907611.7026771
141206,020958,950264,229292419.055482
93064,141206,93070,120628084.37930843
960606,141206,950264,126126998.28506948
141206,960606,93070,267129624.58512732
960753,950223,960754,108651025.9373183
960592,950223,960753,240796358.62980738
950223,141206,960754,187323176.6473466
141206,950223,020958,140047168.69340184
960593,960592,940045,111249631.58825518
020957,960593,940045,108204225.32534477
020958,960593,020957,218554973.47899595
960593,950223,960592,195272097.39401934
950223,960593,020958,163560669.26243427
022005,020872,020877,294087357.74490106
960516,022005,020877,307828077.5381357
020872,022005,960509,214276616.5462381
022005,960516,020871,430059430.17286295
022005,020865,960509,247438032.1643161
022005,020871,020865,312317734.1890346
950121,960511,020866,339069429.2110286
960511,020861,020866,203449715.34350273
970789,020887,960521,258243432.37266997
020879,970789,960521,268004162.8894093
970789,020879,960518,151223456.58736756
020887,970789,020885,368885534.9075776
020880,970789,960518,166585146.91070738
970789,020880,020885,400415263.16031224
950138,970793,940015,286111140.8860898
970793,03S047,940015,242589722.1787014
970793,950134,03S047,156557367.84756663
970791,020886,940011,161084457.2913413
970791,940011,960521,305206808.46503586
970791,950138,05S053,190217119.53083867
020886,970791,05S053,87956995.9681982
05S052,970788,950112,204098588.42166087
950124,970788,05S052,143764529.51537237
020886,970788,020883,439444780.43902314
970788,020886,950112,266107763.67470843
970788,950124,960513,327124082.0822613
970788,950121,020883,224377579.25482014
960655,950380,950390,113456320.00886881
041135,950389,021016,195723128.33567384
950389,041135,021026,118855715.16669047
950392,950389,021026,152657747.3578158
021029,021028,960766,171864222.87983316
960766,021028,950394,179117742.58212215
021028,950392,950394,248170391.66694215
021029,950397,960676,149994625.4536674
950397,021029,960766,156502912.4015236
960677,950397,960766,22668271.383155756
960674,950427,950428,183691834.35646313
950428,950427,940077,
950427,960677,940077,269084059.76173586
950429,950427,960674,147644519.43826985
950346,970823,950390,216716900.2341402
950346,950344,970823,173244317.2362878
950357,021006,950425,238603379.50199506
021006,950357,940071,97916050.68129376
970827,950357,950425,
950357,970827,960673,
950357,960673,950362,
950357,960762,940071,51266673.55689123
950360,950357,950362,389485478.241686
960762,950357,950360,463114004.17326236
960762,950350,940071,64401963.719293565
950344,950350,960762,121273365.35176972
950346,950350,950344,161950664.8946263
950350,021006,940071,100161316.31032489
950350,950346,021006,184186986.14161262
141204,021044,960676,145586721.51022452
141204,950429,950417,135326324.8840145
950397,021045,960676,119610942.62079671
021045,950397,960677,38132232.665566415
021045,141204,960676,94398533.14785762
141204,021045,950429,97478555.26951228
950427,021045,960677,119837419.33484341
021045,950427,950429,166865732.04143205
950398,960664,960662,286800607.37402403
960662,960664,950394,275483257.1277574
021032,960664,950401,195685971.5351373
960664,950398,950401,309862928.59266496
950394,960664,940077,333766164.27395195
960664,021032,940077,156263110.7460637
021047,131197,950433,161941866.71785632
131197,021047,141205,190127593.38461304
021047,021052,141205,274027662.64717126
041132,021047,950433,233983980.46378708
021052,021047,041132,192425187.02319458
960678,131197,141205,371791835.55791277
960678,021046,960767,
960678,141205,021046,222491627.52242103
940088,051147,950470,
950473,940088,960706,179568986.38104194
940088,950473,970828,355210322.40399927
960706,940088,021077,126034147.6689952
940088,950470,021077,149324478.03226236
021040,940088,970828,
051147,940088,021040,
021054,021052,041132,88612147.94880773
021054,960684,960683,126279371.73963843
950443,021054,960683,125733695.02690728
021052,021054,950443,170507996.95305336
021054,041132,031123,102007829.40718049
960684,021054,031123,141181045.92405844
021085,021086,960715,107709735.69726254
021086,021085,950479,158806160.97394603
021086,950481,960715,157194757.73530844
021086,950479,950481,238402190.4881919
950478,021083,950477,190425240.86731037
021083,960711,950477,141491496.59377977
950463,021068,960774,161793276.40013865
950463,960693,021068,169497423.83253893
021074,950463,960774,112289433.57121952
970834,960775,960717,291239192.6216968
960775,021074,960717,127725366.57689266
960773,960775,950468,219550170.57352415
960775,970834,950468,289153451.0888014
950476,940090,021082,238145992.10941198
940090,021079,021082,268028388.9065123
940090,950476,021080,178692025.43134585
950473,940090,021080,270439158.86161554
021079,940090,950473,139101397.55468938
960596,960595,93062,321870235.33974075
960595,93051,93062,71938184.08265163
960595,960596,93055,105363323.94013332
960595,93055,960594,28549531.136203654
93051,960595,960594,15157585.946215076
95105,93042,92106,59037774.64057024
92106,93042,970813,92949127.29881464
93042,93068,970813,77622636.42915547
93042,950230,93068,52792745.68341661
950230,93042,95105,54231850.24806108
960597,960598,141202,9233154.519589439
960598,960597,960628,
950297,93053,131194,76319102.50544772
93053,950297,960628,47312169.37930998
93086,091178,141202,
93086,990838,091178,
960598,93086,141202,
93086,960598,960628,
93043,93076,051144,161619359.86464873
93088,93091,141209,
93091,93088,02S043,73360671.63874272
93088,950295,02S043,57118632.512169436
970818,93088,141209,
950295,93088,970818,53415086.88098534
990838,990840,091178,
950296,990840,990838,465663527.231294
93081,990840,950296,108338963.05997583
990840,93081,02P115,11204693.72935946
93091,93092,970820,45230017.953826055
960623,93092,93091,31501558.765470613
970820,93092,02P115,90193043.86294426
93092,990840,02P115,20398490.16457324
93092,960623,091178,26113455.76364572
990840,93092,091178,67264045.95350401
93094,960623,93091,29993323.64634392
93094,93095,091178,26637005.55241757
93094,960624,93095,11312632.834091665
970820,970817,141209,
000842,970817,970820,63113599.278813064
970817,93079,141209,
93079,970817,93074,59136462.72596252
970817,93078,93074,99709267.27506469
970817,000842,93078,97953249.33322838
960621,93043,970813,33823361.191481255
93043,960621,93038,37957595.497296125
93068,960621,970813,64615432.61138821
960621,93068,93038,81366038.5344942
93066,950229,93035,53379863.339392744
950229,950230,93035,37330027.42903929
950221,960591,950265,119200891.8508825
03S046,950221,950268,101748439.46542501
950268,950221,950267,364806252.03632855
950221,950265,950267,354051224.08839583
960591,020982,950265,215049209.43298936
950265,020982,020964,278553860.36149955
020982,950244,020964,163976891.74449584
950244,020982,950246,237573107.19975758
020982,960591,020954,310443930.97085595
020982,940044,950246,354217334.0782817
940044,020982,020954,193835300.43160707
950276,960616,950277,241543378.17618853
950275,950276,950277,248403291.150897
950276,950275,960615,200598104.56038642
031127,950276,960615,219661918.33996162
020986,960609,960611,206228663.79725564
020986,031127,940047,130070300.66131738
960609,950273,960608,66285150.57120202
960608,950273,00R019,44267916.91679691
950273,020986,940047,160789453.7283963
020986,950273,960609,204063477.02604738
950273,020987,00R019,137300896.88469654
020987,950273,940047,159195417.9369016
031103,93102,93099,77722997.79002227
93102,031103,950303,66820426.68655488
950300,950293,020994,124985993.1153371
940061,950278,960616,125928411.31909351
940061,950293,950278,128581900.73770122
950263,970809,020979,151336508.6071717
93069,970809,950263,172629777.7460196
970809,93069,940048,151199257.57781816
970809,960613,020979,165155626.63336962
950264,970809,940048,146323121.7179353
960613,970809,950264,313178584.67271966
020993,950286,950285,95276910.9230539
950286,020976,950285,166254508.06817138
950256,950258,020976,191892754.88560942
950258,020977,950285,281030254.02380973
020977,950317,950285,427523730.6702443
020977,950260,950317,167971659.85643455
020977,960579,950260,131373820.11957905
960579,020977,950257,174701556.57877126
020977,950258,950257,242276293.53145778
960630,940063,960629,48911657.2379894
950298,960630,960629,103292855.94585863
960630,950298,950299,111181931.9762911
960631,960630,950299,138676037.97618943
02P207,960572,940052,152641621.40266925
960574,02P207,940052,
020966,02P207,960574,
93008,93007,93013,116471578.39866962
93007,93008,93003,161256731.83298466
93007,93011,93013,141545846.10325834
960583,960582,93003,137146972.09521297
960583,93008,93012,146663038.80734083
93008,960583,93003,121195350.3717003
950215,93002,960590,136338971.04742318
93006,960584,93010,108618971.44421014
960584,93006,93002,172281522.38364857
93004,93006,93010,152423929.98450646
950216,93006,93004,192633011.59776497
93006,020947,93002,354282941.817628
93006,950216,020947,199003255.22213975
950209,960586,020948,271908191.0832854
960586,950217,020948,309748880.71725696
950202,960561,960559,108052020.1139949
950209,950202,020939,251601696.74770585
960561,950202,950209,236043058.74153653
950217,960585,020948,169683592.9759494
960567,940051,02P110,4180669.009069767
02P109,940051,960566,
02P110,940051,02P109,
940051,960567,020962,67509684.71440457
950240,940051,020962,171232765.48424977
940051,950240,960566,202614741.1875072
940038,950179,020920,194406550.3908846
950179,940038,14P125,
14P125,940038,11S070,
11S070,940038,950201,212162607.54570892
940038,020920,950201,229699063.53709486
960535,020895,950150,218774073.8759433
960534,960535,950150,488876263.7083773
950151,960535,960534,192425086.83802903
010844,950151,960538,321292492.3569477
960541,010844,960538,194045045.6959235
950181,950183,950155,197527182.53310975
950183,960541,950155,444736573.7552702
950183,020924,970798,253052275.1756597
950183,950181,020924,422157803.33749104
020904,950183,970798,190852235.81875834
950161,950159,020904,303549521.05088496
960543,950161,020904,118285085.74657159
950161,960543,950163,89555717.54104526
950161,950163,970795,177408507.07636386
020897,940026,960542,273756273.4443275
940026,020897,020898,416601326.0865512
091174,940026,020898,255421499.24389866
940026,960540,960542,255858470.2261784
960540,940026,091174,180822954.43324482
020924,950187,970798,270319124.3239731
07S067,020936,950180,101730323.33919834
950200,020936,07S067,105210436.32359976
020936,970797,950180,154813030.4006236
970797,020936,020920,215667091.67050168
020936,950200,020920,205300961.31344062
020938,950200,020940,124043547.4000801
020938,950205,950201,225369063.64900684
950205,020938,020940,205427743.25682107
020920,020938,950201,233313522.88773128
950200,020938,020920,190637859.82615137
020928,950193,020913,140743364.5186548
020928,970796,960544,274096797.34556794
970796,020928,020913,267713127.07610098
950190,020928,960544,199326270.87395093
020916,950173,020915,95941261.01654693
950173,020916,020912,265566505.7372307
950173,970796,020913,235104781.19066757
970796,950173,020912,238567186.2270117
06S055,051145,020914,142535148.3271224
051145,06S055,020911,174186412.1975467
051145,020916,020914,134274214.4274121
020916,051145,020912,211619716.3566058
051145,020911,940029,160034970.82367733
020912,051145,940029,99546074.0639293
020916,020918,020914,171800651.64379698
131201,091179,111185,146561469.16624582
020917,131201,131195,81104544.32742998
131201,020917,091179,167951007.73324707
950176,020916,020915,93133450.19660728
950176,06S059,960549,122535365.41940509
020918,950176,960549,77520195.5507195
950176,020918,020916,93881708.74008101
950174,020917,131195,113218164.43753299
950174,950173,020913,158585528.52748865
020917,950174,020931,261410575.62319088
950174,131195,020915,181374890.73138347
950173,950174,020915,122219475.79281017
950174,950193,020931,442191771.5778502
950193,950174,020913,199185026.03445616
950236,111186,020961,430492174.90765935
950238,111186,960571,57607898.37454942
111186,950238,020961,135058692.76762706
111186,940050,960571,130049656.45150872
950231,071162,02P105,68175315.95925419
940049,071162,950231,375738765.066478
071162,940049,950197,327461858.4077972
071162,950196,02P105,70238204.1215053
071162,950197,950196,
950196,020932,02P105,171311714.2589568
020932,950194,02P105,
020934,960557,950180,113359071.76626983
960557,020934,940035,99238595.37593074
950178,020934,950180,227115155.9067261
940035,020934,950178,199455629.50268605
970803,960557,940035,128234111.70770472
960556,970803,940035,133949299.8456213
970803,020933,970799,187676585.2703659
020933,970803,960556,250922042.40921754
940033,960556,020931,224118066.7619688
940033,020933,960556,153572888.6287991
07S067,950198,960559,253697110.73652312
950198,950202,960559,253529696.04349512
950202,950198,020935,410139658.5498697
960557,950198,07S067,400063525.7171745
020909,020907,950166,184516735.07326692
071159,020909,950166,209518855.92671084
020910,020909,071159,270671291.11905324
020907,020909,121191,282886346.9983233
020909,020910,121191,254053978.13292807
950170,950171,07S065,67656156.22076622
950170,960546,950171,214522424.48042426
960546,950170,121191,228854728.82589716
950170,960547,121191,382415370.55481625
950170,07S065,950167,108285266.98460077
960547,950170,950167,377257014.34821343
950175,06S055,020914,81952570.48167199
06S055,950175,06S056,40433258.77930529
020918,950175,020914,152170256.0854911
950175,020918,06S056,99554516.49491751
06S055,950172,020911,133638745.0339167
960546,950172,07S066,111150739.74004203
950172,960546,020911,199885205.29391727
950172,06S057,07S066,
06S057,950172,06S056,104969489.31062116
950172,06S055,06S056,74853910.37554845
950312,021008,960637,182000285.34615716
031106,950312,960637,56322735.18404198
950312,020999,041129,128029477.06652717
950312,031106,020999,93127039.75801122
940064,960634,041129,120432896.54442279
950311,940064,041129,114192677.8820924
940064,950311,950309,182321547.16230604
940064,950309,021101,234086079.45511425
960634,940064,021101,191960320.5715952
950364,950310,021007,104666137.08553551
950310,950364,021008,159458439.48780265
950310,950326,021007,111988808.38566902
940062,950323,051143,86372252.86520465
950310,950323,950326,134264625.9367088
950323,950310,051143,174942580.43368733
950326,950323,960639,106951717.31763777
950323,940062,960639,63546966.6995638
950262,960642,021003,116065524.07560262
151210,950262,021003,
960642,950262,960641,187482083.49068958
950262,151210,960641,
031114,031116,03P216,66754085.817042984
131198,031114,03P216,91098571.65012397
031116,031114,021041,37908262.007835165
031114,950416,021041,49973295.5354028
031114,131198,950416,77172206.91055955
950420,021042,960675,106652533.25221795
021042,950420,950418,100287250.51402983
960675,021042,071153,146466418.4928583
021042,950421,071153,97651923.86249988
021042,950418,950417,97609294.31499313
950421,021042,950417,139586466.24008003
940082,021053,031121,55655967.749037124
940082,021055,021053,87300839.74371241
021055,940082,031122,44288585.49202217
940082,081166,031122,
081166,940082,031121,
93104,93102,071161,69539211.31836197
93104,93103,93102,66581280.0232037
041136,93104,071161,29180677.987904616
93103,93104,041136,59370540.497679405
940063,950302,950300,143869221.5895106
950302,020996,950300,143596197.0830362
020996,950302,950305,70601906.34192443
950302,020998,950305,199920552.01058602
020998,950302,950304,142849820.10753545
950302,960631,950304,160947352.59356946
960630,950302,940063,47001439.077891365
950302,960630,960631,178065858.3555165
970802,020952,950246,157210765.01125443
940044,970802,950246,86860296.78884585
970802,960752,020952,170163159.82552215
970802,940044,960752,90716450.0711315
020873,960511,950121,314890442.76478875
020873,970788,960513,521796370.31202376
970788,020873,950121,444110823.8143906
960511,950114,020861,258731049.09695578
950114,960507,950108,337454605.89054585
020873,950114,960511,324872981.91609967
950114,950108,960503,564417511.7618012
020861,950114,960503,372319309.82538867
950134,020889,960521,236280701.51320863
020889,970791,960521,304900847.7882452
970791,020889,950138,190969711.23490468
020889,970793,950138,216632991.3983789
970793,020889,950134,197491387.52933666
000843,021017,950378,153657493.34521887
950380,021017,000843,108254940.32908398
950378,021017,021014,127157374.68684432
021017,960655,021014,157448458.2303723
021017,950380,960655,72397107.5067843
021027,000843,021016,283595977.660209
950389,021027,021016,201563004.8881889
000843,021027,950393,101767518.3661507
021027,950392,950393,135384277.01183227
021027,950389,950392,204981282.6581994
141204,950426,021044,238433734.545453
950418,950426,950417,201209935.79838458
950426,141204,950417,260653093.05848837
021044,950426,950425,155687574.00701666
950426,970827,950425,182114016.52215675
950426,950418,950415,131170706.29872955
970827,950426,950415,101291486.58591826
950395,960765,950393,236438863.09515035
950395,021028,021029,143172271.14579913
950392,950395,950393,222442798.35696253
021028,950395,950392,190776342.97743025
021044,950396,021029,179634212.99622768
950396,950395,021029,212464486.36361217
950395,950396,960765,189287651.86798805
950396,021044,950425,125907384.4127291
021006,950396,950425,275731425.33056873
960765,950396,021006,156973344.4187677
950391,000843,950393,249462988.6361448
960765,950391,950393,281767989.0653258
950380,950391,950390,104144267.03863649
950391,950380,000843,231331105.2037424
950391,950346,950390,77389863.65662836
950346,950391,021006,206217814.39720243
950391,960765,021006,229622245.64007244
021033,960678,960767,182168601.44714308
021032,021033,960767,139563951.0081881
021033,021032,950401,176549845.58002225
131197,950405,960667,174982790.83322442
960678,950405,131197,286218830.9112693
021033,950405,960678,209252605.83607975
960667,950405,960768,135108974.37886494
021031,950405,950401,278707624.11029357
950405,021033,950401,127056242.66613899
950405,950402,960768,227838818.84744728
950402,950405,021031,141507330.65446302
960712,021085,950480,244062871.02071247
021084,960712,950480,213447483.04869485
021085,960712,950479,221978728.91498345
960711,960712,021084,294258464.3212546
021083,960712,960711,119728825.83067992
960712,950478,950479,190046952.4715487
960712,021083,950478,150246722.49620503
960697,960773,960696,70305920.99107403
960697,960775,960773,157024578.41158354
960697,950463,021074,193949525.90140188
960775,960697,021074,186140529.85965464
960694,960697,960696,27809902.90637468
93049,131194,93046,45258273.70230442
93049,950297,131194,24370334.97123142
950297,93049,051144,34072885.72336733
960620,950297,051144,84465138.73720044
950297,960620,93085,58906749.68806273
93085,960620,02P114,7269452.210340803
02P114,960620,950296,71828640.5915497
950297,970814,960628,51467707.32723877
970814,950297,93085,80260533.15429793
970814,93086,960628,38954446.23336508
970814,93085,990838,46116315.94460108
93086,970814,990838,57606100.49512115
93077,93075,93073,157679631.98136544
960622,93091,93093,24634017.926445022
960622,93094,93091,19536526.750628043
960624,960622,93093,12369844.832122074
93094,960622,960624,11870519.806108609
960623,960625,091178,16177332.581008062
960625,93094,091178,2354682.7013722104
93094,960625,960623,7557009.878963625
93031,950229,93066,71619982.24306597
93031,93065,960607,73582398.1660759
93065,93031,93066,149507133.83514628
93038,93031,960607,88878031.5741963
93068,93031,93038,142104371.81285775
950230,93031,93068,80428627.86668506
950229,93031,950230,48075974.150965564
960591,950269,020954,338792359.9424986
950221,950269,960591,77099696.4704075
950269,020957,940045,137271803.4145357
020954,950269,940045,369487093.10413736
950269,960610,020957,120590373.60032415
960610,950269,03S046,72387131.76650456
950269,950221,03S046,114665461.20998114
950276,020989,960616,272227955.4433537
950251,950279,960573,316253149.89498377
020995,031103,93099,125370532.1498093
020995,93099,93084,98502266.6668936
950278,020995,93084,90472807.62449172
950293,020995,950278,136053521.68018928
020995,950293,031103,238464432.45538282
950301,950293,950300,113466978.91055727
950293,950301,031103,157573176.97033942
031103,950301,950303,71568188.06984831
950301,020996,950303,89413022.4935499
020996,950301,950300,117778952.28892636
950293,020992,020994,183266083.10040018
940061,020992,950293,147062443.56901005
020992,940061,950284,180515618.54881582
940060,950288,031128,96971123.26003471
950288,950286,020993,106493741.92004398
950288,950291,031128,82030068.77471866
950288,020993,950291,77634781.78634158
950256,020974,950258,286678831.50166494
950258,020974,950257,161159039.7573991
020974,960578,950255,180963770.43568358
020974,950256,960578,269018421.9158952
940055,020974,950255,155423620.60429445
950257,020974,940055,79697421.72035849
950248,020968,020966,137739552.50941688
020968,02P207,020966,58821576.39615338
020968,950248,960573,74531521.57895552
960572,020970,950250,194998139.69853008
92110,960584,93002,123028878.22958447
960583,92110,960582,147008915.49750036
950215,92110,93002,119590553.38272594
92110,950215,960582,119271621.39504246
950213,960588,960590,96700314.06934132
960588,960585,950217,157956750.85444626
950219,960588,950217,242880112.15736908
950219,950215,960590,253931530.4795591
960588,950219,960590,184731882.88630205
950202,940040,020939,234993672.46034357
940040,950202,020935,414649151.17999107
940040,950236,950204,315926024.3991291
950236,940040,950197,
940040,020935,950197,
950210,020942,020948,185018510.82211447
960585,950210,020948,192023246.42305934
950210,020943,010845,194930389.89849246
020942,950210,010845,107541627.20955051
07S062,950153,960539,93464980.92366537
07S062,960539,950156,92388897.50200649
950158,07S062,950156,
020896,07S062,950158,
07S062,020896,950152,42547323.49748511
950153,020901,960539,129828416.95238367
960539,020901,950156,140045297.6154933
950159,020901,020899,244086106.16296726
020901,950153,020899,78616457.5877334
020901,020903,950156,205342389.31965664
020901,950159,020903,200084217.43849722
02P103,960535,950151,233305332.58034983
010844,02P103,950151,99030622.1641452
960541,020902,020899,237607588.91594008
950183,020902,960541,293655927.69996685
950160,950161,970795,221244412.38952413
020905,950160,970795,193027319.66657606
020903,950160,020905,219697938.84687844
950159,950160,020903,202991863.10097402
950161,950160,950159,326521210.2142486
020921,020923,950184,33536713.405906346
950194,960551,02P104,
020923,960551,960552,242477843.25459158
950182,950185,020922,122959712.12898012
950185,020924,020922,114609645.81411286
950185,950188,020924,289702453.6994032
020908,020926,960544,218234175.3886985
020926,950190,960544,177279362.64027086
940036,06S057,06S056,49080576.50751817
020918,940036,06S056,103702870.4494294
06S057,940036,960550,77761182.15111849
06S059,940037,111185,69169048.65824752
940037,131201,111185,80903859.72193027
950176,940037,06S059,134556848.3825041
131201,940037,131195,67431405.82571599
131195,940037,020915,241535017.14988503
940037,950176,020915,291151398.8188441
950234,950236,960564,209185844.77519715
950234,111186,950236,226366700.1165865
940032,020932,950196,216373919.85602522
020932,940032,950194,
970803,950199,960557,115465396.77700934
950199,950198,960557,216471062.94318578
950199,970803,970799,133136301.05002563
950196,950199,970799,314281333.97410536
950197,950199,950196,
020935,950199,950197,402370620.5419347
950198,950199,020935,247789906.25160566
960635,950312,041129,111051166.89995761
960634,960635,041129,121800142.52929239
950312,960635,021008,175642387.51149598
960635,950310,021008,190241688.91366702
960635,960634,051143,126568611.96899123
950310,960635,051143,193255503.12168354
020868,020873,960513,287462879.1203166
020868,950114,020873,374648834.13127303
960507,020868,960513,186121944.8674646
950114,020868,960507,280590403.7354583
960695,960694,950461,75252171.88624275
960695,960697,960694,63118899.42141092
960693,960695,950461,65005518.809911825
950463,960695,960693,46620753.3171219
960697,960695,950463,45714682.25142347
960626,93043,051144,37641282.64005569
93049,960626,051144,81521755.84735183
960626,93049,93046,57525244.72925887
960626,93046,970813,41844139.47773025
93043,960626,970813,22969181.996599965
970815,93075,93077,35362191.82094456
93075,970815,93076,46509184.2274909
970815,93077,950296,32608240.223329276
93076,970815,051144,135415287.789847
960620,970815,950296,235486005.28321603
970815,960620,051144,121390916.3240661
96S007,93071,93073,34450074.3762707
93075,96S007,93073,88417170.39629237
96S007,020981,93071,22712898.784284636
950274,950276,031127,154930934.80151525
950274,020989,950276,173660898.62491986
020986,950274,031127,99826068.55211622
970811,940061,960616,204366006.67419362
020989,970811,960616,170523015.5246766
940061,970811,950284,118530754.0724109
950282,950256,020976,267603042.2785109
950282,950280,950256,324007869.45023453
960617,950279,950251,163910726.28157696
950280,960617,950256,331555943.4892085
960578,960617,950251,217879380.6969823
950256,960617,960578,289830654.12135524
020990,950280,960619,210558649.0854338
020990,960617,950280,171738683.50966743
960617,020990,950279,211961213.01887748
950298,950289,940060,209267167.81617326
950292,950289,950298,98859069.28257747
950289,020992,950287,112728503.43191019
950289,950292,020994,84679903.7401492
020992,950289,020994,193988355.3150713
950287,940059,960619,86487872.2451052
940059,020992,950284,202053352.7505505
020992,940059,950287,161082166.01949388
02P207,950249,960572,95488277.93426429
950249,020970,960572,162049680.34098148
020968,950249,02P207,43787167.85297325
950249,020968,960573,97066185.27744654
950279,950249,960573,245799028.58038846
020970,950249,950279,104082498.31156227
020970,960618,950250,252010610.47838503
960618,041138,950250,229891403.68065247
960618,020970,950279,170539084.06978458
960584,960627,93014,112128962.2806818
92110,960627,960584,1758501.8894392075
93014,960627,93012,156168243.21321657
960627,960583,93012,131567059.02532436
960627,92110,960583,1966929.0869282458
020965,960588,950213,87068079.77026363
960588,020965,960585,175639643.8443449
020965,950213,960581,128515795.65770677
950212,020965,960581,103585638.3643116
950207,950204,950206,134316960.41965246
020963,970801,950206,180847478.64496404
970801,950207,950206,178494172.95787096
950207,970801,960563,191789322.48503783
970801,020963,950220,310452939.30597806
93001,960589,950222,314767298.0525057
93001,950222,93005,308243120.32052684
93011,93001,93005,295961901.8729045
93007,93001,93011,255615199.9903243
960563,020949,960586,291164875.71531224
970801,020949,960563,180276004.06658435
960589,020949,950220,337286455.874739
020949,970801,950220,280958279.05109197
071163,960589,950220,183779068.34728208
960589,071163,950222,198471324.9036355
960752,071163,950220,198584474.6112008
071163,020956,950222,109852797.08653873
020956,071163,960752,358331494.7696803
960586,960587,950217,204782913.3333714
960587,950219,950217,189228467.9517672
950215,020951,960582,97253162.46785901
950219,020951,950215,133904689.30096932
960582,020951,93003,178972728.8598885
960535,091175,020895,211722272.82818738
02P103,091175,960535,156137015.97966555
091175,960541,020899,450632370.9350965
091175,010844,960541,157583175.7959807
091175,02P103,010844,33245648.2551505
950157,950159,020899,296245835.1529721
020902,950157,020899,205378949.16625625
950159,950157,020904,188988533.45319343
950157,950183,020904,241210380.37713692
950157,020902,950183,261920465.50116432
960551,940030,02P104,35375424.952596724
940030,960551,020923,128954091.72989857
940030,020923,020921,247062517.54284135
02P104,940030,950154,
940030,020921,950154,
950186,020923,960552,134405270.05977067
950186,960552,950188,169164966.43379852
950185,950186,950188,389435691.99825877
950186,950185,950182,384301373.86115044
950186,950182,950184,325495465.68781394
020923,950186,950184,122242877.79814723
960553,020926,020908,192805217.25073674
020926,960553,950187,156069345.54742542
960553,020908,950165,162790378.82970384
960553,950165,970798,378205295.98617
950187,960553,970798,241098456.63799143
06S058,05S054,960550,18043208.787056684
940036,06S058,960550,29231886.691539735
06S058,960549,05S054,91876240.46110116
06S058,020918,960549,118110109.62263925
06S058,940036,020918,58196960.35608825
111186,151212,940050,
950234,151212,111186,
940050,151212,950231,
950231,151212,960564,
151212,950234,960564,
950195,940032,950196,200435446.44218045
950195,950196,970799,307761971.4329309
020933,950195,970799,326590309.03768724
131196,940031,950192,200588262.1643972
96S007,96S006,020981,33693500.15059004
96S006,93075,93076,37253336.837720454
96S006,96S007,93075,15946275.340857632
960614,020986,960611,164538052.8812012
960614,950274,020986,122130093.71600445
950274,960614,020989,96970467.66619341
950286,020991,020976,212460085.52020618
020991,950282,020976,161259081.0117083
950288,020991,950286,160358230.44470006
020991,950288,940060,233269389.70819646
950289,950283,940060,279951731.6545762
950283,950289,950287,169391482.13395956
950283,020991,940060,208848435.37461564
020991,950283,950282,123726636.5258222
950283,950287,960619,318265265.3477239
950280,950283,960619,328133729.7758426
950282,950283,950280,142387685.0404632
041138,021099,960611,
960618,021099,041138,
020945,950210,960585,148230831.1001784
020965,020945,960585,227617745.3307699
020945,020965,950212,108607015.02531795
950210,020945,020943,145116486.5397584
020945,950212,950211,159756043.33569345
020943,020945,950211,146808633.3646387
950207,020941,950204,166991770.4331258
940040,020941,020939,163041097.82844675
020941,940040,950204,321851677.79260653
020941,950209,020939,170850390.12156543
020941,950207,960563,183725685.18946677
020941,960586,950209,277487017.6283648
020941,960563,960586,306409039.7308349
960587,020950,950219,171470683.45797387
020950,020951,950219,114353584.43995525
950153,960537,020899,116355658.9200235
960537,091175,020899,194131381.78056288
960537,07S062,950152,207534206.23199236
07S062,960537,950153,276327093.07003987
940024,960537,950152,443755400.2875086
020895,960537,940024,430058168.29710037
091175,960537,020895,182849969.81025422
131196,950189,950188,240333910.2675608
950189,020926,950187,241099016.1190378
020926,950189,950190,188220337.44268197
950189,131196,950190,326176735.05822223
950188,950189,020924,347562340.47521466
950189,950187,020924,230955453.51263192
950193,020929,020931,264119998.6714806
020929,940033,020931,258764694.0756888
020929,131196,950192,243252486.7812459
950195,960555,940032,163890889.94202706
960552,020925,950188,261896119.13728362
020925,131196,950188,335960736.092531
020925,940031,131196,143111318.24079493
960551,020925,960552,274383940.0496403
021100,96S006,93076,94499215.1913733
020981,021100,93070,132162352.54926863
96S006,021100,020981,114069986.90797389
020988,940059,950284,159061244.98600864
960614,020988,020989,168842590.4155204
970811,020988,950284,93643592.30837214
020988,970811,020989,144117714.42656183
950281,960614,960611,104451266.55948226
021099,950281,960611,96295975.3430271
950281,020988,960614,89569415.3382068
950218,020950,960587,222757664.1318924
020949,950218,960586,367222414.02786154
950218,960587,960586,263372078.49879906
950218,020949,960589,155809484.7424478
93001,950218,960589,221804054.78657866
020951,940043,93003,196558891.41426802
020950,940043,020951,111740214.63132274
940043,93007,93003,220833169.10893866
940043,93001,93007,240918714.61369967
940043,950218,93001,299096691.7976781
950218,940043,020950,106811434.59292947
131196,960554,950190,166686310.72633076
020929,960554,131196,188333693.23970184
960554,020929,950193,127429624.69800588
020928,960554,950193,115998970.66766077
950190,960554,020928,141309761.60902026
020929,020930,940033,303568940.54907525
020930,020929,950192,298708969.2129381
940033,020930,020933,169991571.1268432
020930,950195,020933,369730471.35669076
960555,020930,950192,270219867.380445
020930,960555,950195,304504295.9785578
020925,950191,940031,81609010.58411555
950191,960551,950194,
950191,020925,960551,
940032,950191,950194,528265496.46600425
960555,950191,940032,120117089.68755695
940031,950191,950192,263051865.80687588
950191,960555,950192,227943958.10394615
93072,021100,93076,45157124.11806944
93072,93043,93038,120568530.25216354
93072,93076,93043,136616300.98542318
93072,93038,93070,103786008.39352216
021100,93072,93070,60283164.671413496
940058,021099,960618,154291334.38329396
940058,950281,021099,146117208.51357585
940058,020990,960619,302900373.10318804
950281,940058,020988,216094162.91120076
020990,940058,950279,262147599.63890517
940058,960618,950279,164718141.229544
940059,940058,960619,135443231.10377672
020988,940058,940059,333444003.761512
