st1,st2,st3,area
960605,051140,021098,
950497,950498,051140,
020859,950109,020848,
950101,020859,020848,
02P213,052007,021098,
052007,960603,021098,
960603,052007,02P213,
960605,960604,02P213,
960604,960603,02P213,
960604,960605,021098,
960603,960604,021098,
960602,960605,02P213,
960605,960602,051140,
950498,960751,051140,
950102,02P201,020848,
93022,960602,02P213,
960602,02P208,051140,
960751,950500,131200,
950500,960698,131200,
960747,960748,950498,
950456,950102,131200,
950376,960602,950314,
950382,960527,950102,
950456,950382,950102,
960750,960751,950498,
960748,960750,950498,
960750,950500,960751,778438531.576245
960743,960747,950498,
960743,960748,960747,
960748,960743,960698,
031113,02P208,960602,
950376,031113,960602,
020875,950106,950102,
960746,940085,02P211,
940085,960746,031122,
960746,950497,051140,
031122,960746,051140,
960750,960749,950500,
960749,960750,960748,
950500,960749,960698,
960749,960748,960698,
111190,950498,950497,
960602,091178,950314,
141202,091178,960602,
950382,950252,960527,
950252,950232,960527,
940008,950106,970785,
950106,960501,950102,
02P201,940001,020848,
950104,960501,950106,
020859,020864,950109,219539297.42370948
940004,020864,020859,426306204.585017
940002,960503,020859,
960504,020854,020858,344855087.0984801
020854,960504,940002,242632777.34008518
02P122,021059,021080,
960743,960739,960698,
960739,960736,960698,
960734,960729,960698,
960736,960734,960698,
960746,960731,950497,
960731,960732,950497,
960692,960691,960698,
960729,950487,960698,
950456,950408,960668,
960550,93022,02P213,
950106,970783,940003,482056110.80435956
940008,970783,950106,
950104,970781,020852,295934385.1227077
970781,950106,940003,461304017.0209472
970781,950104,950106,
950104,970778,960501,
970778,02P201,950102,
960501,970778,950102,306869389.82061934
970778,940001,02P201,
020851,950104,020852,214423793.69863302
020855,970782,020852,704530223.7170997
020855,970781,940003,137570436.277313
970781,020855,020852,383043574.43376786
970783,020855,940003,160661367.79343385
960503,020856,950111,290142028.6402072
020856,960503,940002,167388710.88718197
020856,960504,950111,316812604.3836138
960504,020856,940002,263611327.5466381
950103,020859,950101,
950103,940002,020859,
020854,950107,020858,243507949.33557412
02P118,960645,950382,
940075,950383,960668,
950383,950456,960668,
950383,950382,950456,
950386,950383,940075,
021059,021088,02P211,
021088,021059,02P122,
960745,111190,950497,
021094,960745,950497,
960736,960738,960737,301182438.28616613
960744,960743,950498,
111190,960744,950498,
960735,960734,960736,
960726,960731,960746,
950457,950458,950456,
960691,950457,960698,
960698,950457,131200,
950457,950456,131200,
950459,950457,960691,
950457,950459,950458,
960692,081168,970832,
950487,081168,960692,
950462,960692,960698,218759991.96703961
950487,950462,960698,
950462,950487,960692,
021060,950408,950456,
950235,950253,950245,
950253,950235,950252,
950318,950320,960638,154548792.73449144
020849,970778,950104,411602416.50121546
020851,020849,950104,400816434.7296652
970778,020849,940001,219772819.96889755
020849,020851,950101,458929578.92444706
020849,950101,020848,322412659.0516341
940001,020849,020848,217490722.00753924
950113,950115,020864,123217291.24133417
020864,950115,950109,151356080.64728868
020851,020850,950101,449456223.9396795
020850,950105,950103,279581091.47912943
970782,950105,020852,362282701.5469361
950105,020851,020852,171252366.96037292
950105,020850,020851,302116879.05802757
950105,970780,950103,483308346.68568224
940020,020888,020875,
960527,940020,950102,
940020,020875,950102,
020888,940017,950143,
940017,950145,950143,437197441.39896464
940020,940017,020888,
940017,940020,950145,695581917.346313
020860,020855,970783,236441204.83747926
020860,970783,940008,323772351.99749243
960509,020860,940008,498736424.86851007
960510,960504,020858,829769118.9209243
950408,960669,960668,
960669,950407,960668,529273733.3736024
02P209,940075,960668,
950388,02P209,960668,
02P119,950388,960668,
950388,02P119,021025,
950407,02P119,960668,
950412,950411,950413,240976875.4989847
960669,950411,950407,271992651.41364723
021016,021014,950382,
021014,02P118,950382,
021046,940077,960767,
031118,970828,021080,707439494.3581564
021022,950386,940075,120079108.3593506
950386,950384,950383,
021059,041133,021080,
041133,031118,021080,447562803.900792
960742,960739,960743,
960744,960742,960743,
960742,960744,960739,328619483.4358566
960739,950496,960736,
021095,950496,960739,
950496,960738,960736,334540108.7583681
960744,02P212,960739,
02P212,021095,960739,
02P212,960744,111190,
960738,960740,021094,117754143.98792662
950496,960740,960738,292682702.2800255
950495,960736,960737,375057368.3216785
950495,960735,960736,
960735,950495,950497,
950495,021094,950497,
960738,950495,960737,53276085.66872711
950495,960738,021094,
960735,141208,960734,
950494,960730,960729,
960730,950494,960732,323523227.8785136
960730,960731,960729,
960731,960730,960732,208255377.6605032
960725,950487,960729,
950460,950459,960691,
960692,950460,960691,
950460,960692,970832,
021065,021062,950458,
950458,021062,950456,
021062,021060,950456,
021060,021062,940087,124441953.04174973
960725,960777,950487,
93055,02P206,960594,
93022,95113,960602,
95113,141202,960602,
93021,950226,93022,
950226,95113,93022,
950252,960565,950232,
950235,960565,950252,
940028,950167,111184,
940066,03P214,960637,
940068,021010,021009,114442585.47076155
021010,950366,111188,
021010,940068,950366,113020768.2112765
031111,021000,950373,40359483.70229814
031111,950316,021000,72945360.38593698
950334,960763,960764,128059093.78248394
970825,021000,111188,
021000,970825,950373,130644520.51979584
021011,950370,051146,210827714.88263306
950366,950370,111188,
950370,970825,111188,
970825,950370,021011,255754382.14260668
970825,041130,950373,168580874.8911935
041130,970825,021011,184755459.45409688
950368,031109,051146,116728748.20592225
031109,950368,940069,81350064.11685626
960652,031109,940069,65063001.45564607
071160,071161,950314,
071161,950306,950314,
950317,950318,960638,130117972.65696412
950317,940056,950318,75019592.00348674
950285,950317,960638,226795283.0881186
950352,950351,950349,148620422.44747975
950351,950352,950356,137407776.43118075
960519,940009,950167,
950119,960519,021098,
970779,950103,950101,71262826.54274873
020850,970779,950101,162695456.24738595
970779,020850,950103,143018063.81596076
020853,950107,020854,355575817.31613684
020853,970780,950105,432531605.3029238
950107,020853,970782,385824656.8591224
020853,950105,970782,491435882.6111307
950145,02P102,960530,
940020,02P102,950145,
02P102,940020,960527,
950140,020888,950143,
940021,950145,960530,117794441.65582627
970794,940021,960530,261392257.2277069
950145,940021,950143,192482927.47681287
940021,970794,950143,334362635.16780424
081173,020892,020894,341044175.4975801
950139,081173,950141,
020855,950110,970782,599605878.5549165
020860,950110,020855,346535488.1764736
950110,020860,960509,400858661.6644747
020870,020864,940004,606455266.6557894
020870,950113,020864,293303084.57191837
960513,950122,940005,418385207.99447024
02P119,940076,021025,
940076,02P119,950407,
081167,950341,960645,131687941.06573622
960680,970829,031117,96908829.17167668
021046,141205,970830,
960658,950388,021025,178433078.606784
950399,021022,940075,256843986.5547544
021018,950384,021020,154497211.5082382
950384,021018,950383,
021088,950483,02P211,
960715,950483,021088,123927123.58855776
021096,02P212,111190,
02P212,021096,021095,
960745,021096,111190,
02P124,021096,960745,
021096,02P124,021095,
02P124,960745,021094,
960741,950496,021095,50699004.09262258
960741,960740,950496,178240733.72378018
02P124,960741,021095,
960740,960741,021094,78581066.85100935
960741,02P124,021094,
141208,960733,960734,
960734,960733,960729,
960733,950494,960729,
950494,960733,960732,
960732,960733,950497,
960733,960735,950497,
960733,141208,960735,
950484,960715,950482,510093801.59474313
950484,950483,960715,200128653.94320917
950492,960746,02P211,
950492,960726,960746,
950459,960690,950458,
950460,960690,950459,160013569.3900555
081168,02P210,970832,
021091,960777,940098,192609733.00017977
021092,021091,940098,211952227.87059236
021062,950451,940087,224112734.00642908
021075,940093,950468,161186367.103201
950485,021075,950468,209989069.35731274
021075,950485,950469,250610166.207066
021075,960702,940093,159506932.44957015
960705,950471,021078,134690471.0545906
960686,950471,950413,
950471,960705,950413,
021039,960686,950413,307644444.84982353
950411,021039,950413,200877768.75702456
021039,950411,960669,328652074.54045427
950452,960710,940089,137253079.05860442
960710,950452,960688,243447540.4234178
950474,950477,021081,237717402.00685984
02P206,960759,960594,
93034,960759,93067,121887862.3952637
960759,93039,93067,127734856.56571446
93039,960759,02P206,
93055,960599,02P206,
93090,03S045,970819,
93095,93098,091178,36664391.772989124
091178,93098,950314,
93098,071160,950314,
93096,93098,93095,49053106.681255415
960606,950264,940048,51038385.85336131
950253,940052,950245,
940053,02P111,950252,
960755,93019,93011,121080186.7804565
960755,93063,960758,92069309.44495855
93019,960755,960758,111417678.26393881
93024,950226,93021,
950243,950247,960569,157006270.20789132
950243,950235,950245,
950203,11S070,950201,
091176,950203,950201,269231636.9991701
950203,091176,101181,255124107.68731636
020892,950150,020894,280705919.2958893
950150,020892,02P204,
950149,970794,960530,431299634.43379736
950364,940068,021009,235654584.0435332
021008,950364,021009,189283242.4895272
940068,950364,960764,212134506.55161953
950364,950334,960764,204514781.4412375
950334,950364,021007,128092217.06315108
950351,950348,950349,106901582.81240858
960761,960763,950335,43358887.35603914
960763,950365,960764,76384756.22172797
950365,940068,960764,87802424.74724771
940068,950365,950366,112794080.21933755
960761,950365,960763,80412261.65349875
041139,03P214,950314,
03P214,041139,960637,
021010,950367,021009,182384652.07156613
021000,950367,111188,
950367,021010,111188,
021012,031111,950373,58689000.50485087
021012,031113,950376,50611212.38240611
950316,071155,03P214,
071155,950376,950314,
03P214,071155,950314,
071155,021012,950376,37144221.37461082
071155,950316,031111,69775389.29457797
021012,071155,031111,59084371.88440152
950320,950319,960639,179521477.08038476
950319,950322,960639,195610405.92259982
950319,950320,950318,109653067.1860103
960763,960760,950335,52995278.33866031
950334,960760,960763,126846186.73728749
950326,950334,021007,145670322.64994383
950339,950370,950366,120839153.23295234
041130,970826,950373,150340882.55240682
021012,970826,031113,124854897.24559538
970826,021012,950373,146855231.87487778
950370,960650,051146,118870631.7965401
960650,950368,051146,167906124.40977144
950339,960650,950370,62749176.74078668
960650,950339,950337,91452001.0538923
950368,021004,940069,118447795.35019276
960652,02P117,950369,
02P117,960652,940069,
02P117,021004,950369,
021004,02P117,940069,
950372,960652,03P215,
960652,950372,031109,74164766.44649379
960652,950422,03P215,
021046,950428,940077,
071161,020997,950306,105019772.50103395
041136,071161,071160,38914820.02786608
950306,950307,950314,
950307,031104,950314,73707659.8280612
031104,940065,950314,128699101.06215064
950317,950260,940056,108938386.20300186
950260,960580,940056,155133922.15092936
950352,960649,950354,116996659.59985605
950345,960649,950349,180042110.19943252
960649,950352,950349,156241961.74358585
960645,950327,950382,
960640,950327,960645,76506400.65160815
950327,950252,950382,
02P112,950327,020975,
950327,950259,020975,
020878,05S051,940009,
940009,05S051,950167,
020878,950118,950113,203058623.13593224
05S050,960519,950119,
960502,020853,020854,429287386.98289716
020853,960502,970780,382353225.89434516
960502,020854,940002,305722573.7017088
950103,960502,940002,
970780,960502,950103,
950126,950120,020875,244934682.56719938
950106,950120,970785,
950120,950106,020875,
950130,950140,960525,516638363.2348488
950140,950131,020888,350070902.2953356
020888,950131,020875,
950131,950126,020875,
950130,950131,950140,500647751.71508163
081173,960533,950141,
960533,940016,950141,
960533,081173,020894,
940016,960533,950142,
960533,950158,950142,
940016,020890,950141,292179491.2401488
020890,940016,950142,199084542.15315887
950146,950140,950143,435250411.70824486
970794,950146,950143,371188011.9298357
940022,960529,02P204,
020892,940022,02P204,
950136,950139,950141,
960755,960754,93063,111849038.72970285
950110,020857,970782,317486546.61340207
950107,020857,020858,165898225.06808493
020857,950107,970782,277114452.3748113
950167,940019,111184,
960505,970784,940004,384611023.3546026
970784,020870,940004,317852921.38980365
960503,02P202,020859,
950108,02P202,960503,
02P202,940004,020859,
02P202,960505,940004,
950116,020878,950113,306598530.37624073
020870,950116,950113,165999196.48954108
950112,05S053,940010,
950378,021014,021016,92540839.52518523
02P118,091180,960645,
091180,081167,960645,117291101.02121542
081167,960655,950341,162691200.76783708
091180,960655,081167,183865915.72872517
021014,960655,02P118,
960655,091180,02P118,
960655,970823,950341,201179021.75043684
970823,960655,950390,349721870.2643031
950328,960640,960645,199447907.6649919
021026,021015,950379,214511138.49039888
950383,960656,950382,
960656,021015,950382,
021018,960656,950383,
970829,940086,031118,232724834.36192945
960680,940086,970829,232646185.47298104
940086,970828,031118,365004725.74853235
940086,960680,960672,411208059.67092156
021035,960768,061151,233201357.11361974
950434,960680,031117,146715266.41912913
950436,950434,031117,179860854.50361472
960659,960658,021025,176375529.8202068
940076,960659,021025,189893479.0552824
021037,960659,940076,432451065.25038546
950409,940076,950407,285915669.6301003
950409,021037,940076,314947280.62554
021037,950409,950412,214267047.20066547
950411,950409,950407,243221959.29543042
950409,950411,950412,235562673.69163424
021024,02P209,950388,
960658,021024,950388,190646072.63765815
02P209,021024,940075,
021024,950399,940075,217536945.71460816
021021,950384,950386,112782899.15390576
950384,021021,021020,159364241.39446643
021023,950400,061151,237044230.37094107
021030,950385,021020,128979025.12715426
031126,021058,950449,118929592.77155435
031126,950449,021059,117097168.58664271
940085,031126,02P211,
031126,021059,02P211,
950448,051141,021058,103857271.64636277
041134,021049,950447,145021688.38871858
021049,041134,950436,153203334.1917293
021049,021050,950447,128967038.64779773
950443,031119,970830,150825987.16173604
021058,051142,950449,75116768.16469361
950449,051142,021059,81872264.33624105
041133,960681,031118,137997542.34264255
960681,970829,031118,187364814.70200592
960714,021076,950469,201038875.5094825
960715,950481,950482,305386526.52506447
960714,950481,021076,325182542.2801186
021084,021088,02P122,
021084,950480,021088,
940095,960715,021088,202526372.0770068
950483,960716,02P211,
950484,960716,950483,152624054.09462136
960716,950492,02P211,
950492,960716,960724,
950491,950492,960724,
021067,960690,950460,181161102.16358075
021067,950460,970832,201006202.22965327
021067,02P210,960772,
02P210,021067,970832,
940091,021065,950458,330765737.6913892
960690,940091,950458,
950450,021062,021065,122080358.39992625
021066,950450,021065,189563460.50002632
950450,021066,950454,229882519.62728676
950467,081168,950487,
950467,02P210,081168,
940093,960773,950468,302549916.288587
960696,960773,950464,228697151.37664846
960773,940093,950464,415645808.9254012
960777,940096,950487,
940096,950467,950487,
950467,940096,960717,177511027.32089263
940097,021091,021092,105273337.70846543
021090,950484,950482,214420849.8548574
960716,940099,960724,
940099,960716,950484,146501068.68738174
021090,940099,950484,308492118.0551571
940099,021090,942004,258757523.574222
960726,960728,960731,
960731,960728,960729,
960728,960725,960729,
960728,960727,960725,146088956.32569066
960727,960723,960725,416093460.0415427
960777,960723,940098,
960723,960777,960725,
950491,960723,960727,
950461,970831,950454,408240361.9259494
960701,950465,081169,233688036.68869284
960700,960710,960688,317346141.3466485
021076,021073,950469,144147781.61816388
021073,021075,950469,133617803.49379474
021073,960702,021075,169986096.62237796
021073,021076,081169,318035491.15720767
960702,021073,081169,197320214.60427997
950465,021071,081169,167924454.00904614
021071,960702,081169,156384171.25051886
960702,021071,940093,110393227.60442853
940093,021071,950464,289512130.55267054
021071,950465,950464,157392280.5344585
960718,970837,950485,195031384.10707316
950489,021090,950482,156448237.8544593
021090,950489,942004,152240137.05777204
950470,960705,021077,138005521.72796515
950470,950412,950413,497897377.5046264
960705,950470,950413,518868182.4597039
950471,021064,940089,218674419.60098752
021064,950471,960686,126076261.68448582
021064,950452,940089,186694231.20782083
950471,960707,021078,170894320.73504934
960707,950471,940089,193910517.90317062
960670,960669,950408,166375095.67243034
960670,021039,960669,129191968.36090632
960670,940079,021039,168497670.9577835
021060,940079,950408,282210261.5063014
940079,960670,950408,204087331.17621103
960687,021064,960686,125336126.98771675
021064,960687,950452,152738248.9083207
950476,02P122,021080,
950466,960701,081169,110972723.79160763
93047,02P206,950227,
93039,93047,950227,111462231.5702565
93047,93039,02P206,
93044,020959,950227,77974932.03216678
020959,93039,950227,89035582.17533773
93020,93025,93027,123873895.74098012
93024,93020,93027,124168835.10088219
93059,960599,93055,
960601,960600,141202,
95113,960601,141202,
02P206,960601,950227,
960599,960601,02P206,
93098,04S048,071160,
03S045,93089,970819,
93096,93089,03S045,
93052,93096,93095,49904560.16253934
960624,93052,93095,65697905.2466717
93052,960624,93093,11453592.42461043
93052,93089,93096,44480705.04678323
93097,93096,03S045,
93096,93097,93098,67383677.19382657
93097,04S048,93098,
93090,020847,93084,171493136.7170537
02P114,950296,990838,
93063,93029,960758,93918516.32571492
93046,92106,970813,41349203.10036085
960607,93064,93070,122666385.69004695
940052,020967,950245,160348947.20723498
93019,93028,950228,139941035.41820985
93028,93019,960758,102773976.28432037
93029,93028,960758,88563803.62548962
081171,93019,950228,70691754.38178885
93011,081171,93013,168092117.972395
93019,081171,93011,174427491.9428089
93026,081171,950228,27252020.197733626
93016,081171,93026,167500054.1943813
950224,93016,93012,117755174.12254336
081171,950224,93013,131058904.90251869
950224,081171,93016,99591723.4890446
93025,950225,93030,144038858.9198114
93033,93024,93027,82050508.61877203
93024,93033,950226,152250725.15030384
93033,960756,950226,111031377.16983092
93025,93033,93027,70832580.30295742
960756,93033,93025,155481084.32747144
970810,970806,950237,112989268.30382253
950233,960566,950237,
970806,950233,950237,
960565,950233,950232,119088680.2679596
950233,02P109,960566,
02P109,960565,950235,
02P109,950233,960565,
020964,950241,960569,162167667.93450385
950241,950243,960569,169161106.8944785
950243,950241,950235,
950241,02P109,950235,
950266,020967,00R015,
950203,05S054,11S070,
05S054,950203,101181,
960550,05S054,93022,
05S054,101181,93022,
950164,940028,111184,
020893,950150,02P204,
950149,020893,970794,311472589.7439973
960529,020893,02P204,
020893,950146,970794,326946114.2887945
950146,020893,960529,280366422.61292017
020893,960534,950150,
960534,020893,950149,
950232,02P104,960527,
02P104,950154,960527,
07S065,960550,02P213,
07S065,02P213,021098,
960519,07S065,021098,
07S065,960519,950167,
950343,950345,950349,169535063.1194239
950329,950343,950331,180196057.99439257
950348,950343,950349,120717129.44286822
950343,950348,950331,162876029.08784834
021002,950329,950331,156691469.3453095
950336,960761,950335,99220943.11672994
960761,950336,950337,87603582.71439835
061149,041139,950314,41068981.758488245
041139,061149,960636,108947224.20296127
950367,970824,021009,146564495.01725388
970824,021008,021009,195857040.60453352
970824,940066,960637,165532831.02473918
021008,970824,960637,384637521.3759282
950316,071156,021000,42923360.07985567
071156,950367,021000,89748039.12699856
950261,950319,950318,132770114.98941572
940056,950261,950318,118009089.40943083
960580,950261,940056,250583619.65831193
950261,960580,950259,180962347.48247287
940067,950336,950335,144609021.94657582
950319,081170,950322,118808400.65710972
960760,960644,950335,46639720.75506348
950320,950321,960638,138833662.95750016
950324,960760,950334,101346009.19783844
950326,950324,950334,160239573.76626185
950324,960644,960760,46718908.54452733
950322,950324,960639,161009249.97826993
950324,950326,960639,158195705.91925
950338,950365,960761,77531536.74814339
950338,960761,950337,103442107.89474359
950339,950338,950337,50322922.266307704
950365,950338,950366,71503889.50492044
950338,950339,950366,39985843.39292269
031113,940070,02P208,
970826,940070,031113,65780291.152261004
950371,021011,051146,111795989.71311922
950371,031110,021011,91443048.15464422
031109,950371,051146,87199372.96799742
950372,950371,031109,158793126.43058306
950374,031110,121193,
950374,041130,021011,73943854.28393185
031110,950374,021011,103273023.74060029
141203,940070,970826,
940070,141203,02P208,
141203,960653,031122,
141203,031122,051140,
02P208,141203,051140,
950340,021004,950368,108123520.29637778
950340,960650,950337,157757544.6829628
960650,950340,950368,128997592.8752601
021004,950340,950356,284553391.53585076
950361,950360,950362,108831540.15483522
950358,950352,950354,112744324.43747467
950360,950358,950354,185191942.83149287
950423,950424,031122,
950431,950428,021046,144787170.52274582
950424,950441,031122,74649958.36468346
960675,950441,950424,113276482.88164349
950305,950307,950306,187791827.537494
020997,950305,950306,155941156.0358527
950305,020997,950303,147515779.18209302
061148,940065,950304,226212332.27753484
061149,061148,960636,87950810.63083993
940065,020998,950304,135814695.40938947
020998,940065,031104,147814040.7156067
950307,020998,031104,100499461.36317264
950305,020998,950307,156037108.41158795
960633,950294,021101,143077989.82231557
950291,950294,031128,137114943.99811223
950300,020994,960629,146448442.39774582
940055,950255,02P112,
940055,02P112,020975,
960648,950347,950345,182829217.58704808
950347,960649,950345,145948004.10435802
960649,950347,950354,162980980.83730093
940057,950327,960640,161813885.9021232
021002,940057,950329,215133585.6415503
950327,940057,960641,165576466.95645395
940057,021002,960641,162200633.8934892
05S051,950125,960531,
950125,05S051,020878,
950116,950125,020878,252043189.75546
960512,020878,940009,202750802.55551797
960512,950118,020878,204587901.88597816
960519,960512,940009,212693500.2402956
020884,950120,950126,321176755.01140594
020884,950130,950129,303671769.6342682
020884,950129,940013,254351005.7089459
950137,950130,960525,137286351.51027435
950130,950137,950129,254627597.48194417
061150,950137,960525,55045797.3136941
950129,950137,950135,234510954.09422562
950137,061150,950135,107570328.0991161
950131,950127,950126,141289367.62909532
950127,950131,950130,311478695.4161909
950127,020884,950126,106298076.3512789
020884,950127,950130,247021703.48189124
020890,950133,950141,298287205.23487437
950133,970790,950141,
970790,950133,940012,342066708.56576204
950133,020885,940012,193092454.8494113
020885,950133,020890,260284205.92132252
970790,950132,950141,
950132,950136,950141,361570007.06273794
950132,970790,940014,377520629.2985648
950136,960523,950139,223030143.60159984
950139,960523,950135,316075463.36068887
950246,950240,020962,263285912.43037623
950265,950247,950267,220187623.4066902
950247,950265,960569,238829163.45090845
950265,020964,960569,318519379.49991053
020955,020954,940045,262191534.63589633
960753,960754,960755,146565998.61490333
960753,93011,93005,144025013.09626687
960753,960755,93011,160224689.74890146
960592,020955,940045,155143295.75098872
020979,960613,950272,151048461.90987805
960613,020957,950272,231691907.67515925
960506,960510,020858,314147525.9406615
020857,960506,020858,188822122.70964265
020885,020880,940012,176138871.9848315
020862,020857,950110,190293813.851016
020862,960506,020857,406388214.54552907
020865,950110,960509,326515038.4721265
020865,020862,950110,116680345.2517573
03S047,960532,940015,
940019,960532,03S047,
05S053,960532,940010,
940010,960532,960531,
960532,05S051,960531,
05S051,960532,950167,
960532,940019,950167,
07S064,940019,07S063,
950144,940019,03S047,
950158,950144,950142,
950144,950158,07S063,
940019,950144,07S063,
960507,970784,960505,364683274.11517614
960507,02P202,950108,
02P202,960507,960505,
950125,960515,960531,223021227.8433791
960515,950125,950116,311104751.9167119
950122,960515,940005,296469452.40923214
960515,020870,940005,269104320.14677304
960515,950116,020870,134496269.345336
020863,020866,950111,233938585.01250735
960504,020863,950111,275518353.21911705
960510,020863,960504,431005913.1172853
020867,091177,960510,238205566.11087
960506,020867,960510,247795130.82180306
020867,960506,940007,421528218.0549513
950121,020874,131199,
020874,950121,020866,648696513.9548262
091177,020874,960510,
020874,020863,960510,
020863,020874,020866,
960532,950138,940015,100183186.15860496
950138,960532,05S053,
960521,940011,131199,
950121,940011,020883,118946625.51720458
940011,950121,131199,
960674,111189,121192,
960766,950394,940077,293299733.5434905
950417,960674,121192,
950342,960648,950345,172161081.12226263
950342,970823,960648,169394272.79663292
950328,021001,960640,170858697.04586616
021001,940057,960640,229816641.61246
940057,021001,950329,143544594.49738377
021026,041135,021015,215065957.6892411
041135,021016,950382,
021015,041135,950382,
950381,960662,950379,193168191.5341226
960660,960662,950394,336303034.73455805
960660,021026,950379,175142325.4952272
960662,960660,950379,260578356.8573107
940077,021032,960767,170936854.64580703
021015,111187,950379,
960656,111187,021015,
111187,950381,950379,
940074,960656,021018,112372440.54745279
940074,021018,021020,131060814.88430367
950385,940074,021020,147853511.1508408
940078,021035,061151,149860487.9766257
021024,071164,950399,131390343.87036341
071164,960658,960665,264885024.3583793
071164,021024,960658,266590783.19130623
071157,071164,960665,141773856.84046265
021036,960666,960672,232276099.91529953
940078,021036,021035,196453143.08368436
021036,940078,960666,148265329.30016613
960680,021036,960672,
950434,021036,960680,
021031,950401,960663,191608791.28653005
960667,960768,021035,131093643.2068882
950433,021048,950435,153538853.7787753
021048,950434,950436,158729991.16736808
021048,041134,950435,134746622.76430887
041134,021048,950436,261903966.72986776
041137,950474,021081,112153668.76109228
021082,950475,021081,121083416.36041237
950475,041137,021081,162714199.86660567
021038,960769,960665,165244330.28321704
960769,071157,960665,136034728.6263194
960666,960769,960672,389515550.6137053
071157,960769,960666,205638287.5720533
021040,940086,960672,514103231.11207974
940086,021040,970828,
960659,950410,960658,196942454.42934725
960658,950410,960665,350036595.08549905
950410,021038,960665,264859868.94356585
950410,960659,021037,230194089.53385368
950387,021021,950386,186534258.65350482
950387,021023,960663,145780313.44622636
021030,950387,960663,201682749.59955776
021021,950387,021020,271530869.613274
950387,021030,021020,252404785.59718052
960657,950400,021023,232075484.9933799
021022,960657,950386,141753542.10791796
950399,960657,021022,187565145.3463241
960657,950387,950386,358688307.5898731
950387,960657,021023,194827011.12661567
041132,950433,950435,121453156.04018937
041134,041132,950435,99160222.15016061
041132,041134,031123,90103824.82845871
950443,950445,031119,95850182.64469752
031119,950445,940083,106652280.93402879
02P120,950443,960683,
940084,02P120,960683,
02P120,950445,950443,
950445,02P120,940084,
031125,950448,021058,103234890.51156555
031125,031126,940085,92581007.78085609
031126,031125,021058,165509908.850323
960684,940084,960683,35552828.44745695
031124,051142,021058,81574961.76698174
031124,051141,950447,87266272.28875601
051141,031124,021058,73714557.27700013
021050,031124,950447,103316319.433673
051142,031124,021050,156509888.42337078
950437,041133,021059,87758685.2110958
051142,950437,021059,134408507.20978346
950437,051142,021050,91622939.04663008
950437,960681,041133,73799380.1695207
960681,950437,021050,91821901.95984718
021049,081165,021050,160651600.37505263
081165,960681,021050,83621882.28490359
081165,021049,950436,106292412.6348832
081165,950436,031117,122958209.83448075
970829,081165,031117,113791471.91236426
960681,081165,970829,103301006.13619441
950481,021087,950482,93691190.56592545
021087,950481,960714,141430791.06324363
021087,950489,950482,162882457.29238516
940094,021084,02P122,
950476,940094,02P122,
940094,960711,021084,97128976.18077293
950477,960711,021081,301885082.6741058
960711,021082,021081,311445859.90927696
960711,950476,021082,271969383.63937217
960711,940094,950476,209226185.26701653
950480,960713,021088,35671131.106533155
960713,940095,021088,20273282.179866593
950481,950479,021076,317978303.94590104
950489,960722,942004,165444900.55904013
950492,950493,960726,181152330.23525614
950491,950493,950492,
950493,960728,960726,197357405.48069638
950493,950491,960727,
960728,950493,960727,172042135.8289099
021067,960689,960690,186529891.256818
960689,940091,960690,329321849.28319454
960689,021067,960772,131598730.33842053
960771,950450,950454,243741818.62014642
970831,960771,950454,233848853.17923793
960771,950451,021062,251195277.95446175
950450,960771,021062,191838213.89827657
021066,950455,950454,171739879.22548243
950455,950461,950454,367580316.0545885
950455,960689,960772,174712190.67223185
960689,950455,021066,155733910.4326343
950467,960774,02P210,
021091,950488,960777,298827757.0906053
940096,970834,960717,168742817.1511322
970834,950485,950468,280439109.64915675
970834,960718,950485,218534341.47718593
960721,940097,021092,132888098.15512548
960722,960721,021092,85780479.31233846
021093,940099,942004,211535624.2684852
960722,021093,942004,176591310.78505465
021093,950491,960724,
940099,021093,960724,
021069,970831,950464,117085763.11458577
021069,960700,960688,195580184.3617293
950465,021069,950464,177712505.6270163
960700,021069,950465,107043635.49906112
960694,970831,950461,154010968.80629706
960694,960696,950464,89315353.00667398
970831,960694,950464,240362221.82313356
960700,021070,960710,128610249.49846299
960701,021070,950465,168720467.37067872
021070,960700,950465,107490649.26636875
970837,960776,960719,177785610.3125029
960776,960721,960719,72854121.42871565
960721,960776,940097,153434867.76705045
940097,960776,021091,113429602.42771786
960776,960718,970836,56528866.91662524
960776,970837,960718,182979964.1191541
950488,960776,970836,107893526.06802176
960776,950488,021091,254908180.54029524
960720,960722,950489,62992564.937304504
960721,960720,960719,23892066.448825993
960720,960721,960722,33950747.13571915
970837,950486,950485,196394754.1061614
950486,021087,960714,206683505.9862195
021087,950486,950489,280484602.8042259
950485,950486,950469,370081621.87119216
950486,960714,950469,169471344.4388907
970828,950473,021080,548593066.955477
960707,970833,021078,175791785.55222553
950474,970833,960703,142690838.02243662
021039,021061,960686,159154260.3913143
940079,021061,021039,139436793.36942717
021061,960687,960686,181350760.79703224
960685,940079,021060,189815412.7361663
960685,021060,940087,260296067.78431365
960685,021061,940079,183259055.3489401
021061,960685,960687,165959980.37150657
950474,960704,950477,294537630.09479916
960704,950466,950477,133431510.52897845
960704,950474,960703,117254477.43734248
960701,960704,960703,69368409.0763285
950466,960704,960701,78041404.81762186
93020,93015,93010,78790845.02808574
93015,93020,93024,92038832.63573742
93015,93024,93021,188287223.35756016
02P107,93044,950227,
950226,02P107,95113,
960601,02P107,950227,
02P107,960601,95113,
93037,93025,93030,124395741.10001612
93037,960756,93025,117955333.00940561
02P107,93037,93044,
93037,02P107,960756,
960601,93060,960600,55609027.166272156
93060,960601,960599,24776571.32321972
93060,93059,960600,17983748.485417783
93059,93060,960599,12312108.289186243
970821,041136,071160,28596556.993699294
04S048,970821,071160,
93078,93073,93074,146498387.07945496
93089,02S043,970819,
93052,02S043,93089,
031102,950275,950277,311309052.38098925
93073,031102,93074,147938591.55270734
93038,960607,93070,191757626.98845786
020960,93035,93034,77432852.01416133
020960,93029,93035,66493804.70418402
93028,020960,93034,98726326.19637305
020960,93028,93029,75141539.9929819
93029,93066,93035,89349161.51265581
020984,950268,950267,228309964.88113067
020847,960616,93084,239922692.0962081
960616,020847,950277,204582855.98475963
950263,020979,950272,140631304.68489045
960612,950263,950272,263009541.3730512
031102,950263,950275,
960612,950271,00R019,
020984,950271,950268,250839888.8952375
960577,071158,940054,83123068.30979893
960575,940053,950252,
950327,960575,950252,
960575,950327,02P112,
950255,960575,02P112,
960575,950255,020973,
960575,020973,940054,
071158,960575,940054,
020971,950253,950252,
02P111,020971,950252,
020971,02P111,940053,
960574,940052,950253,
020971,960574,950253,152418232.0943236
960574,020971,960576,182458769.10033834
020966,960574,960576,170344558.88800266
020966,960576,071158,243018307.9619498
960577,020966,071158,236711175.66708565
020973,960578,940054,131252765.74874157
950255,960578,020973,172225726.09116572
970804,93026,950228,107424638.54539588
93028,970804,950228,122325078.09952629
970804,93032,93026,82607289.36016497
970804,93028,93034,53973317.48978174
970804,93034,93067,109630399.8662233
93032,970804,93067,113462047.75512919
93032,93036,93026,122280880.41920753
93039,93036,93067,140310502.88606066
93036,93032,93067,139810536.5311449
93020,93014,93025,248366636.23385265
93014,950225,93025,205937157.0401922
93014,93018,950225,88418592.81384404
93018,93014,93012,107044575.00016439
93002,020947,960590,287937621.94492805
020947,950213,960590,148744590.70919794
950213,020947,960581,219271905.4636358
020947,940042,960581,264624761.35534504
970806,950238,960571,86727158.56142652
970810,950238,970806,141458266.85150683
02P110,950241,020964,
950241,02P110,02P109,
940046,950266,00R015,
950266,940046,99R004,
940046,950270,99R004,
960570,950243,950245,116704706.0502365
950243,960570,950247,403453016.6337786
020967,960570,950245,168374332.39926705
950266,960570,020967,405160340.4010355
05S054,14P125,11S070,
020946,970800,020944,176502780.0001076
970800,020946,950214,126124136.47716051
950211,020946,020944,178792555.1388885
020946,950211,960581,269705669.3683832
940041,091176,020944,183364076.05258083
970800,940041,020944,94241282.87221873
091176,940041,101181,196509431.73154435
101181,940041,93022,
940041,950214,93022,
940041,970800,950214,34118294.33827277
950214,07S069,93022,
940042,07S069,960581,
07S069,020946,960581,
020946,07S069,950214,
950211,950212,960581,182148270.43051142
950205,091176,950201,164065665.0933261
091176,950205,020944,105468808.74775101
950205,950211,020944,133291920.52902389
020943,020940,010845,155529504.26144746
950205,020943,950211,188744894.55560774
020943,950205,020940,235979829.9028463
020903,950158,950156,246166818.79619032
950158,020903,07S063,
940024,960533,020894,237428592.97219178
960538,950151,960542,261436720.7102944
950151,960534,960542,212258215.7746694
940023,950149,960530,410236506.2799103
940023,02P102,960527,
02P102,940023,960530,
950154,940023,960527,
020898,940023,950154,
091174,020898,950154,264672282.80329874
020940,960560,010845,157821834.9652855
960560,960559,010845,211104182.28940603
970797,950178,950180,219091829.0364232
960560,07S067,960559,
07S065,02P205,960550,
960547,020905,970795,380977471.2584555
020905,960547,950164,244745816.0997113
950164,960547,940028,333926099.11329734
940028,960547,950167,142413314.17480946
020907,960547,970795,254585392.47667426
960547,020907,121191,
950163,020907,970795,287006844.97786224
020907,950163,950166,309898487.5506811
950163,950165,950166,248151269.36267635
950165,071159,950166,290634977.86617625
950343,960647,950345,152067193.3504729
960647,950343,950329,139037234.71489045
021001,960647,950329,112150671.64908104
960647,950342,950345,170330858.1013365
950342,960647,950328,291518832.62564147
960647,021001,950328,187102239.70919314
020999,041139,960636,109917779.96474436
950309,960633,021101,147889233.89683414
950309,061148,950304,454876557.4664946
950321,051143,021101,409381046.0009309
031107,970824,950367,200296213.65459058
940066,031107,03P214,
970824,031107,940066,102609477.68715768
950348,950332,950331,204791248.39774704
940067,950332,950348,257032386.93445367
940067,950355,950336,108211162.60496175
950336,950355,950337,114446442.2971843
950355,950340,950337,179686087.83425862
950340,950355,950356,333059348.78008246
950261,020978,950319,141490322.52877876
020978,081170,950319,209336214.7391953
020978,950261,950259,
960643,081170,021003,108725535.2120874
081170,960643,950322,75054087.73363447
960643,950324,950322,112454366.87145345
950324,960643,960644,68186046.82742599
950371,071154,031110,57884552.81009528
071154,950371,950372,182450754.92435715
031110,071154,121193,
071154,950372,03P215,
031112,950374,121193,
071154,031112,121193,
031112,071154,03P215,
960653,031112,031122,
031112,950423,031122,
950363,950361,950362,82743617.76994924
950361,950363,950369,176641049.11482668
950363,960652,950369,438903142.9862443
950363,950422,960652,
950359,950358,950360,101840308.75290309
950359,950361,950369,270920773.16267174
950361,950359,950360,127954081.84498419
021004,950359,950369,251933495.71648625
950359,021004,950356,298666119.80127877
950352,950359,950356,186651502.71649623
950358,950359,950352,54989174.59017124
960673,950363,950362,74775465.48081271
031112,03P216,950423,
950422,03P216,03P215,
03P216,031112,03P215,
031120,031121,950442,116035315.01413193
950445,031120,940083,63814464.61187786
031120,950445,031121,
950439,031120,950442,137104539.1924821
031119,010846,970830,121436757.67433652
010846,021046,970830,144646208.0047206
010846,950431,021046,129766127.97452307
950431,950419,950428,96174847.30558795
950419,960674,950428,148436465.94750783
960674,950419,111189,
950423,031116,950424,106771890.05392691
03P216,031116,950423,
93102,020997,071161,92561562.58516103
020997,93102,950303,80187185.51497908
031105,061149,950314,74066533.46678975
031105,061148,061149,93607799.46122527
940065,031105,950314,38812145.64585576
061148,031105,940065,63662935.22253663
940063,950300,960629,117340086.78570536
960631,950299,960633,164004863.82223964
960631,960632,950304,27190696.23343473
020993,970812,950291,43669371.245026484
950321,970812,960638,165299966.26651764
970812,950285,960638,291934091.86381924
970812,020993,950285,93203719.4584772
970812,950321,021101,317273195.4229627
950294,970812,021101,136264627.9937256
970812,950294,950291,60236148.65880751
950299,970822,960633,103506760.9761605
970822,950294,960633,211721558.1665065
950294,970822,031128,124951065.47289976
970822,940060,031128,126560396.2774398
950260,960579,960580,122092072.53366745
960579,940055,020975,169803105.72021607
960579,950257,940055,133640780.81640834
950259,960579,020975,153845930.3049045
960580,960579,950259,113635787.53574328
960512,020869,950118,183873175.01037368
020869,950115,950113,113459338.1465386
950118,020869,950113,178690359.6472321
950115,020869,950109,
950109,020869,950119,
020869,05S050,950119,
960517,020884,940013,104672288.69346397
020884,960517,950120,169443343.28851905
960517,940013,970785,
950120,960517,970785,
940018,950147,081173,
950147,020892,081173,350242762.87001276
940022,950147,960529,72337457.16680807
950147,940022,020892,204537118.173005
950139,970792,081173,
970792,940018,081173,
970792,950139,950135,320053736.0773365
061150,970792,950135,201835070.3451636
940018,970792,061150,125687096.14318326
960526,061150,960525,49619486.074265346
960526,940018,061150,35585500.34264095
020877,020872,950117,252437932.58922124
950117,020872,970785,210251449.74285176
020872,940008,970785,328976241.168148
020872,960509,940008,515084884.3884133
960522,960523,950136,189837491.7082522
960522,950132,940014,236324177.19401067
950132,960522,950136,280893868.97488517
940013,020876,970785,
020876,950117,970785,129054640.18408227
020876,020877,950117,234173971.19168773
960523,950128,950135,355333070.924447
950128,950129,950135,449821203.6859124
950129,950128,940013,514181104.9633032
960522,950128,960523,212176881.60445383
950239,950240,960568,168400723.64523742
020961,950239,960568,90208681.08618255
950239,950238,970810,110659618.29754826
950238,950239,020961,86520518.39234994
950240,970807,960566,64800341.51750631
960566,970807,950237,60309881.6904221
970807,970810,950237,116055691.0675937
970807,950239,970810,118982640.40201563
950239,970807,950240,199350160.36710912
020952,950242,950246,275635869.27533215
950240,950242,960568,170676289.28779796
950242,950240,950246,195876409.90060866
020963,020961,960568,319141813.04866344
020961,020963,950206,317511511.3731107
950242,020963,960568,241171970.16095406
020963,950242,020952,502778358.04676384
020963,020952,950220,322495117.4314607
020964,950244,020962,102904964.29924685
950244,950246,020962,156866335.63379785
960752,020954,020955,159694959.22010198
020952,960752,950220,243713050.2812856
020958,960613,950264,365836708.92976123
960613,020958,020957,414851401.4688507
020956,960753,93005,108578630.29257767
020956,960592,960753,249923901.7376169
950222,020956,93005,124919211.57431357
960592,020956,020955,158860362.46200946
020956,960752,020955,196113210.12903726
960506,960508,940007,167253418.39054167
020862,960508,960506,244564597.3791256
020865,960508,020862,196995508.040696
960508,020871,940007,219278880.71955982
020871,960508,020865,256530283.06495026
020871,960514,940007,308974233.9840393
020880,960514,940012,270808729.0995195
960514,970790,940012,
970790,960516,940014,461104317.38200784
960516,020877,940014,265981330.77436432
960514,960516,970790,
960516,960514,020871,503069623.3180594
950162,950164,111184,
950162,07S064,950164,
940019,950162,111184,
07S064,950162,940019,
940027,020905,950164,182584731.12454036
07S064,940027,950164,
940027,07S064,07S063,
020903,940027,07S063,
940027,020903,020905,316477086.80466366
960507,05S049,970784,
020870,05S049,940005,
970784,05S049,020870,
05S049,960513,940005,
05S049,960507,960513,
020861,960503,950111,311433062.87521935
020866,020861,950111,243911495.0743243
020881,940010,960531,236491679.90725014
960515,020881,960531,235006622.04990476
020881,960515,950122,160136010.12772477
970787,020867,940007,262701465.00637165
960514,970787,940007,245299043.60622436
970787,960514,020880,265011215.46023738
970787,020880,960518,292167876.4953988
091177,970787,960518,290225354.5179059
020867,970787,091177,361084907.1597422
020879,020874,091177,187686331.4821045
020879,091177,960518,161744078.28606027
020879,960521,131199,
020874,020879,131199,
020887,020891,03S047,
950144,020891,950142,156891368.53681624
020891,950144,03S047,
020891,020890,950142,304926476.12386084
020891,020885,020890,
020891,020887,020885,
020887,950134,960521,194642836.61754525
950134,020887,03S047,
940011,020886,020883,227840606.02718604
950112,020886,05S053,
02P203,950112,940010,
02P203,05S052,950112,
020881,02P203,940010,
02P203,020881,950122,
960513,950124,950122,308824470.8138193
950124,02P203,950122,
02P203,950124,05S052,
000843,950378,021016,250494265.4496373
950392,960660,950394,282082346.52808076
960660,950392,021026,196100988.3688163
960677,960766,940077,231879821.02483281
960762,950360,950354,239189960.46279302
950347,960762,950354,145554721.8631423
950344,960762,950347,170550082.58082458
970823,950344,960648,176155270.25149518
950344,950347,960648,165531315.9325408
021044,021029,960676,135246972.16620922
950417,950429,960674,107936249.31355882
950421,950417,121192,
960646,950328,960645,188187058.0462981
960646,950342,950328,192689491.97530052
950341,960646,960645,124192005.30151828
970823,960646,950341,113742871.13252512
950342,960646,970823,184392633.05965897
021030,950398,950385,220575312.11958462
950381,950398,960662,261560519.99480438
950401,950398,960663,361055417.6608445
950398,021030,960663,270701264.8468519
021019,940074,950385,199723496.87491006
950398,021019,950385,323033381.3937019
021019,950398,950381,269330392.56827015
111187,021019,950381,
021019,111187,960656,
940074,021019,960656,136363218.2784633
071157,950403,071164,163710607.3212948
071164,950403,950399,151735814.11506903
950403,960657,950399,328569511.73310083
960657,950403,950400,142338061.54489094
950400,950403,061151,151276147.01168332
950403,940078,061151,162421444.23488224
940078,950403,960666,167084675.9143
950403,071157,960666,169731147.14049602
960768,950402,061151,207691892.37597623
950402,021031,960663,94087132.96527658
950402,021023,061151,308350489.43922603
021023,950402,960663,209229541.2392883
960679,960667,021035,233195500.83288416
960679,021048,950433,197262380.7681136
021048,960679,950434,179672661.83899227
021036,960679,021035,237864420.33205736
960679,021036,950434,358549660.2938547
131197,960679,950433,
960679,131197,960667,
950472,960706,021077,238182128.43503827
970833,950472,021078,130556538.49008223
950472,960705,021078,87495415.57907552
960705,950472,021077,241073130.56248227
041137,950472,950474,102189833.93483183
950472,970833,950474,138281374.35607335
950414,960769,021038,124650392.1461055
960769,950414,960672,319557905.9791908
950414,021040,960672,163023313.56726345
051147,950410,021037,201323620.94270283
950410,051147,021038,211927636.18821937
051147,950414,021038,140423493.8831317
950414,051147,021040,172710965.60923988
051147,021037,950412,229002770.85857585
950470,051147,950412,599111480.0047561
141205,021052,970830,
021052,950443,970830,211860521.41500947
081166,950445,940084,82280252.25987473
950445,081166,031121,
081166,940085,031122,
960684,081166,940084,62324035.15677799
081172,051141,950448,79985137.1043962
081172,081166,960684,69466107.65412995
031125,081172,950448,59376718.31265986
081172,031125,940085,55619666.854658246
081166,081172,940085,
021056,960684,031123,96069781.36752497
051141,021056,950447,81662623.26060598
081172,021056,051141,67935341.37152947
021056,081172,960684,105608121.70582102
021056,041134,950447,189161916.89289567
041134,021056,031123,32319087.659775104
940095,021085,960715,192131419.82964674
960713,021085,940095,37993106.04574215
021085,960713,950480,80140581.36850727
950466,950478,950477,322918082.9255919
950479,950478,021076,210217780.88165784
021076,950478,081169,323681283.64295936
950478,950466,081169,182633457.24051422
950490,960722,021092,181465163.17837209
950490,960723,950491,
021093,950490,950491,157880265.2141471
950490,021093,960722,310088953.57998854
950490,021092,940098,239976534.8692431
960723,950490,940098,
940091,960770,021065,137198105.21415284
960689,960770,940091,102881513.25964898
960770,021066,021065,147623685.88897398
960770,960689,021066,135651798.71477228
02P210,021068,960772,
960774,021068,02P210,
021068,960693,960772,186685495.89879543
960693,950455,960772,221458602.86403063
950455,960693,950461,192921309.41589803
021074,950467,960717,171218665.39550704
021074,960774,950467,178263211.418274
970835,940096,960777,
950488,970835,960777,
970835,970834,940096,117410914.44830577
970835,950488,970836,144887530.43385246
960718,970835,970836,118313902.44040841
970834,970835,960718,200614187.51642486
950453,960771,970831,139840361.401353
021069,950453,970831,107266059.80983175
950453,021069,960688,138631138.69863725
950451,950453,960688,234294943.71875525
960771,950453,950451,151694385.0357323
021089,970837,960719,120898665.75295591
021089,950486,970837,89959374.24238583
960720,021089,960719,49876109.35214616
021089,960720,950489,98341866.2388008
950486,021089,950489,75024161.0476219
960709,950473,960706,136664954.9467216
950475,960709,041137,251012914.6614309
950472,960709,960706,146928942.5705363
960709,950472,041137,205513172.41638577
021079,950475,021082,135420936.26386297
021079,960709,950475,205535943.9968208
960709,021079,950473,159049010.38257045
970833,960699,960703,128616090.67627694
960699,970833,960707,108775366.23283294
960699,960701,960703,99060054.9771345
960710,960699,940089,125682447.70106237
960699,960707,940089,135771695.92213547
021070,960699,960710,163647146.30273825
960699,021070,960701,204136702.89661005
950451,021063,940087,200757660.8150566
021063,960685,940087,226828797.10426444
021063,950451,960688,210471330.22380212
960685,021063,960687,103334956.58984503
950452,021063,960688,184395273.9482341
960687,021063,950452,135119270.80795923
93059,93057,960600,88999949.59119764
93057,93059,93055,
960596,93057,93055,110911582.09312001
93035,93051,93034,
93051,93048,93062,82708357.6619023
960759,93051,960594,127525149.51179104
93051,960759,93034,
95105,92106,101183,20730776.300010473
93048,95105,101183,22097752.927739207
95105,93051,93035,
93051,95105,93048,160021827.83486038
960597,93057,960596,32882911.259615745
960600,960597,141202,
93057,960597,960600,114689547.25669563
93053,960596,93062,340011040.51685524
131194,93053,93062,
93053,960597,960596,
960597,93053,960628,
93085,02P114,990838,
000841,131194,93062,
000841,93048,101183,7105071.996914712
93048,000841,93062,19262565.92656194
92106,000841,101183,7459398.834839916
000841,92106,93046,24834677.05513824
131194,000841,93046,
960756,93041,950226,79653972.16325288
93041,02P107,950226,
02P107,93041,960756,
970821,93050,041136,20720032.10844389
93099,93050,93084,131606561.938088
93050,93090,93084,167729478.00374508
93090,93050,03S045,
93050,93097,03S045,
93097,93050,04S048,
93050,970821,04S048,
93078,93077,93073,160843906.86189792
93077,93081,950296,56483585.15673357
93081,93077,93078,87417406.31229642
020847,950295,950277,125323483.4021112
950295,970818,950277,150149951.91120148
950295,93090,970819,91258298.69151333
950295,020847,93090,157045705.0032744
02S043,950295,970819,
93091,93052,93093,37719726.09201411
93091,970820,141209,
93091,02S043,93052,
000842,970820,02P115,
93081,000842,02P115,
000842,93081,93078,75235211.96558127
970818,93079,950277,119904960.9069714
93079,031102,950277,285682623.6357136
031102,93079,93074,106010770.82886411
93079,970818,141209,
020981,960606,940048,73097619.49372943
960606,020981,93070,177543804.70086604
950230,95105,93035,143607693.4416954
93065,93029,93063,165513170.66732204
93065,93066,93029,120903472.89261869
960607,93065,93064,98436065.46579874
960754,93065,93063,138217457.02449536
020957,960610,950272,172777588.13934153
950271,99R006,00R019,
99R006,950271,020984,
020983,950266,99R004,
99R006,020983,99R004,
020983,99R006,020984,
960570,020983,950247,282615453.2205045
020983,960570,950266,271994365.13932186
950247,020983,950267,139782424.18900526
020983,020984,950267,132027377.20564313
940047,031127,960615,158841069.76764163
99R006,960608,00R019,
950270,960608,99R004,
960608,99R006,99R004,
960611,960609,00R015,
960609,960608,950270,51240369.93691311
960609,940046,00R015,
940046,960609,950270,51689557.45465918
960616,950278,93084,127946486.16235098
020987,950263,960612,176724576.11657873
020987,940047,960615,141106326.8336951
950275,020987,960615,137026177.405015
950263,020987,950275,362922562.21897876
020987,960612,00R019,
93069,031102,93073,202125319.5650784
93069,950263,031102,
93071,93069,93073,91756210.44967687
93069,020981,940048,102905856.08595383
020981,93069,93071,80808569.96968533
950271,020985,950268,104806342.36938119
960610,020985,950272,97852614.02069472
020985,960612,950272,210115949.14146364
020985,950271,960612,135453812.5330668
020985,03S046,950268,
020985,960610,03S046,
020969,960577,940054,157002931.26701584
960578,020969,940054,243705848.66800526
020969,960578,950251,316465235.0963699
020969,950251,960573,245540046.03421307
020972,020971,940053,115704432.18327452
020971,020972,960576,152106416.00897488
960575,020972,940053,152760263.00582626
960576,020972,071158,166526366.4016103
020972,960575,071158,164597491.8943016
950248,020966,960577,224533567.14131886
950248,020969,960573,112111798.17497869
020969,950248,960577,249283909.11542434
020976,950258,950285,273758358.78450185
950298,970822,950299,85697863.16397053
970822,950298,940060,141359003.85972956
020994,950292,960629,104336573.29490453
950292,950298,960629,110615061.40427347
960572,020967,940052,98568476.67535163
960572,950250,020967,187027930.37124512
020967,041138,00R015,
950250,041138,020967,224696640.63144788
041138,960611,00R015,
93023,93016,93026,170918541.44736254
93036,93023,93026,375567358.0375676
93018,93023,950225,92468904.51923768
950225,93023,93030,152987112.78456128
93023,93036,93030,361145852.9444421
93016,93023,93012,166362647.61092377
93023,93018,93012,112360844.08470114
93036,93045,93030,153327660.93369445
93045,93037,93030,149029119.32938212
020959,93045,93039,70112004.23533179
93045,93036,93039,104116115.19773157
93045,020959,93044,59940779.81283679
93037,93045,93044,188317077.69672516
950224,93008,93013,83743790.5778704
93008,950224,93012,112310422.30387321
960584,93020,93010,280509468.7700843
960584,93014,93020,178759142.67988998
940042,950216,93004,176312208.89909306
020947,950216,940042,176719654.6267654
960559,960561,010845,198882935.86412886
960561,950209,020948,309477537.80675536
960567,020964,020962,180303526.7878628
960567,02P110,020964,
950179,14P125,111185,
950179,970797,020920,172650464.60886362
970797,950179,950178,214553073.73476705
07S069,93009,93022,
93009,07S069,940042,
93009,940042,93004,
93009,93021,93022,173426859.86135307
93009,93004,93010,281009572.04600024
93009,93015,93021,215876486.17070702
93015,93009,93010,214018383.10114476
960561,020942,010845,98181494.82418828
020942,960561,020948,178592024.9149559
020924,950181,020922,295055864.5901981
091174,950181,950155,264584642.6207526
940024,020896,960533,235715295.53108695
020896,940024,950152,166107457.39207238
960533,020896,950158,
950150,020895,020894,259013440.67464498
020895,940024,020894,232438984.44766623
950155,960541,960538,187045219.50682586
020897,940023,020898,
960534,020897,960542,241255100.4883906
020897,960534,950149,
940023,020897,950149,
960540,960538,960542,158812407.49796695
960540,950155,960538,90707655.95925842
960540,091174,950155,109826763.05023205
950200,07S067,960560,
950200,960560,020940,108693468.90744807
091179,950179,111185,
950179,091179,950178,146619792.66784963
14P125,06S059,111185,
06S059,14P125,05S054,
960549,06S059,05S054,
091179,020917,950178,177570631.81919724
950236,020961,950206,607482855.6624652
950204,950236,950206,214113694.94253203
950236,950197,960564,
940049,950231,960564,271377248.869977
950197,940049,960564,217201158.81848228
950194,950231,02P105,
950194,02P104,950232,
950231,950194,950232,
940050,970806,960571,126210580.9122832
940050,950231,950232,
950233,940050,950232,
940050,950233,970806,389854295.4964312
960556,020917,020931,399855389.65810025
960556,940035,950178,222441846.77205485
020917,960556,950178,611889154.368003
960557,07S067,950180,
020921,091174,950154,409975244.98196757
950181,950182,020922,166995289.8893655
950182,950181,091174,442038409.83381253
020921,950182,091174,348732323.6498176
950182,020921,950184,95902582.84360777
02P205,950171,07S066,
950171,02P205,07S065,
06S057,02P205,07S066,
02P205,06S057,960550,
020911,020910,940029,168967065.35282347
020910,071159,940029,219006421.73746446
950171,960546,07S066,
020910,960546,121191,
960546,020910,020911,243197419.77702856
970796,071159,960544,317716439.7098922
071159,970796,940029,248275523.04177192
970796,020912,940029,123513830.20493093
071159,020908,960544,273995780.8938361
950165,020908,071159,270649991.47493863
960543,950165,950163,167311195.47616234
960543,020904,970798,168577867.4853552
950165,960543,970798,335272841.4049846
950311,020999,960636,95124834.29689047
020999,950311,041129,98421196.06078158
061148,950311,960636,82002377.55968967
950309,950311,061148,356594116.1986206
041139,031106,960637,72658672.41364792
020999,031106,041139,100627854.53533933
950309,02P116,960633,
02P116,960631,960633,
960631,02P116,960632,
960632,02P116,950304,
02P116,950309,950304,
051143,960634,021101,166153437.5989911
940062,051143,950321,185661305.1815786
940062,950320,960639,137094980.26462665
940062,950321,950320,171696717.11134964
071156,950315,950367,85780737.48007607
950315,031107,950367,81401578.19323535
950315,071156,950316,21232704.90146499
950315,950316,03P214,
031107,950315,03P214,
950353,940067,950348,153923037.06857082
950353,950355,940067,63092619.932628624
950353,950348,950351,117065666.2099559
950353,950351,950356,84728857.66422999
950355,950353,950356,77779150.09356697
960642,950332,021003,75730065.32296544
950332,960642,950331,191502326.72183874
021002,960642,960641,178533745.3322238
960642,021002,950331,171227380.18486053
081170,151210,021003,
020978,151210,081170,
151210,020978,950259,
151210,950327,960641,
950327,151210,950259,
950333,960643,021003,101159912.46438979
960643,950333,960644,54609351.86960341
950332,950333,021003,71017770.36047031
960644,950333,950335,110565719.16239482
950333,940067,950335,191143102.2644804
950333,950332,940067,151133530.71333954
021013,031112,960653,66218529.21026497
031112,021013,950374,85075490.1173194
950374,021013,041130,48321858.0953668
141203,021013,960653,
021013,970826,041130,86434571.93192162
021013,141203,970826,
960673,970827,950416,131618611.95169985
950416,970827,021041,139650397.65226293
970827,950415,021041,87089297.49051124
950363,131198,950422,
960673,131198,950363,
131198,960673,950416,
131198,03P216,950422,
071152,950439,950442,74770342.55040385
111189,041131,121192,
950439,041131,111189,
071152,041131,950439,64149213.20417548
041131,950421,121192,
950421,041131,071153,106934893.16501717
021051,031119,940083,68937521.23141788
021051,010846,031119,127032972.60177502
950419,141207,111189,
141207,950439,111189,
950439,141207,031120,
031120,141207,940083,
141207,021051,940083,
141207,950419,950431,
010846,141207,950431,
021051,141207,010846,
950420,960675,950424,109396596.74950787
031116,950420,950424,132652963.82795544
950420,031116,021041,76166325.64708285
950415,950420,021041,98029643.39749426
950418,950420,950415,147117595.8394099
031121,950444,950442,12465521.052023329
021053,950444,031121,46254898.5851504
950444,071152,950442,70421197.44585454
950440,960675,071153,163762826.44344088
950440,950441,960675,242484820.119014
041131,950440,071153,150216986.54214135
950440,041131,071152,95912501.15509534
950440,950444,021053,48041053.820547715
950444,950440,071152,175174951.97554114
950441,021055,031122,31147792.510562047
950440,021055,950441,148525691.26878995
021055,950440,021053,62494032.3716998
93102,93103,93099,84725815.36686315
93050,93103,041136,74995193.90955348
93103,93050,93099,74348658.29575866
020996,950305,950303,91169688.05493715
101182,960512,960519,109402785.64874686
101182,020869,960512,378726762.28708136
05S050,101182,960519,
020869,101182,05S050,
960528,950147,940018,261263669.38334054
960526,960528,940018,201812724.24536997
960528,950146,960529,71424509.8278771
950147,960528,960529,75486670.89942217
960528,960526,960525,248507537.76101905
950140,960528,960525,782217246.0371034
950146,960528,950140,202326357.2679726
020877,960520,940014,171337247.11728767
960520,960522,940014,150812649.4433964
020876,960520,020877,207964547.71578065
960520,950128,960522,236565145.61148137
950128,960520,020876,277430141.7762379
020882,020876,940013,102221947.09146976
950128,020882,940013,116742375.09660317
020882,950128,020876,148307021.24917868
960752,940044,020954,124704546.09085022
93065,141206,93064,
141206,93065,960754,
141206,020958,950264,
93064,141206,93070,
960606,141206,950264,
141206,960606,93070,
960753,950223,960754,108651017.66070051
960592,950223,960753,240796110.819874
950223,141206,960754,
141206,950223,020958,
960593,960592,940045,111249580.93058945
020957,960593,940045,108204143.61824456
020958,960593,020957,218554988.38941333
960593,950223,960592,195272028.0863994
950223,960593,020958,163560615.7716985
022005,020872,020877,294087408.39121574
960516,022005,020877,307828554.1599015
020872,022005,960509,214276575.0418575
022005,960516,020871,430059791.048983
022005,020865,960509,247437996.0311099
022005,020871,020865,312317768.3823057
950121,960511,020866,339069711.61525506
960511,020861,020866,203449978.63962826
970789,020887,960521,258243319.3778104
020879,970789,960521,268004456.39184427
970789,020879,960518,151223526.18461105
020887,970789,020885,368885494.30100447
020880,970789,960518,166585228.0331745
970789,020880,020885,400415264.8474293
950138,970793,940015,286111067.4636257
970793,03S047,940015,
970793,950134,03S047,
970791,020886,940011,161084657.67665634
970791,940011,960521,305207108.13035405
970791,950138,05S053,
020886,970791,05S053,
05S052,970788,950112,
950124,970788,05S052,
020886,970788,020883,439444780.8230408
970788,020886,950112,266107566.52646112
970788,950124,960513,327124205.01675975
970788,950121,020883,224377555.0921153
960655,950380,950390,113456097.47818848
041135,950389,021016,195723421.37482163
950389,041135,021026,118855838.06310554
950392,950389,021026,152657802.66456634
021029,021028,960766,171864373.39943483
960766,021028,950394,179117713.48451102
021028,950392,950394,248170222.5136204
021029,950397,960676,149994523.21657914
950397,021029,960766,156502821.5904688
960677,950397,960766,22668552.70238144
960674,950427,950428,183691811.9197563
950428,950427,940077,
950427,960677,940077,269084023.630578
950429,950427,960674,147644668.32967705
950346,970823,950390,216716772.7648319
950346,950344,970823,173244429.92118227
950357,021006,950425,238603597.70992962
021006,950357,940071,97916045.84732756
970827,950357,950425,
950357,970827,960673,
950357,960673,950362,
950357,960762,940071,51266645.98845715
950360,950357,950362,389485201.7360418
960762,950357,950360,463114233.78592354
960762,950350,940071,64402009.975991875
950344,950350,960762,121273363.91194385
950346,950350,950344,161950574.78404626
950350,021006,940071,100161373.70377977
950350,950346,021006,184186835.65180588
141204,021044,960676,
141204,950429,950417,
950397,021045,960676,119610915.52524334
021045,950397,960677,38132447.690909006
021045,141204,960676,
141204,021045,950429,
950427,021045,960677,119837337.6285482
021045,950427,950429,166865778.97627354
950398,960664,960662,286800646.6166027
960662,960664,950394,275483351.3549053
021032,960664,950401,195685830.09627026
960664,950398,950401,309862896.3061818
950394,960664,940077,333766232.93308604
960664,021032,940077,156263175.45102316
021047,131197,950433,
131197,021047,141205,
021047,021052,141205,
041132,021047,950433,233983671.79308408
021052,021047,041132,192425605.01679617
960678,131197,141205,
960678,021046,960767,
960678,141205,021046,
940088,051147,950470,
950473,940088,960706,179569022.34630886
940088,950473,970828,355210322.3735161
960706,940088,021077,126034232.75563955
940088,950470,021077,149324269.30781993
021040,940088,970828,
051147,940088,021040,
021054,021052,041132,88612644.22295752
021054,960684,960683,126279553.59723294
950443,021054,960683,125733851.99653117
021052,021054,950443,170508198.1753718
021054,041132,031123,102008279.58583923
960684,021054,031123,141181134.85424247
021085,021086,960715,107709850.16277175
021086,021085,950479,158806181.07962832
021086,950481,960715,157194800.8345865
021086,950479,950481,238402141.56983843
950478,021083,950477,190425170.10447323
021083,960711,950477,141491289.87884
950463,021068,960774,161793255.9867494
950463,960693,021068,169497302.0227647
021074,950463,960774,112289399.23173109
970834,960775,960717,291239057.1067368
960775,021074,960717,127725654.08786085
960773,960775,950468,219550274.93732902
960775,970834,950468,289153372.6732928
950476,940090,021082,238146229.4382196
940090,021079,021082,268028575.3300469
940090,950476,021080,178692047.54235938
950473,940090,021080,270439146.8917459
021079,940090,950473,139101428.35836273
960596,960595,93062,321870639.6217131
960595,93051,93062,71938104.57144722
960595,960596,93055,105363147.16631393
960595,93055,960594,28549281.038271617
93051,960595,960594,15157463.55943324
95105,93042,92106,59037745.922243245
92106,93042,970813,92949116.7514173
93042,93068,970813,77622715.55959679
93042,950230,93068,52792829.11806601
950230,93042,95105,54231556.216933295
960597,960598,141202,
960598,960597,960628,
950297,93053,131194,
93053,950297,960628,47312109.481146775
93086,091178,141202,
93086,990838,091178,
960598,93086,141202,
93086,960598,960628,
93043,93076,051144,161619456.63420647
93088,93091,141209,
93091,93088,02S043,
93088,950295,02S043,
970818,93088,141209,
950295,93088,970818,53415000.03223395
990838,990840,091178,
950296,990840,990838,465663725.7432229
93081,990840,950296,108339181.58401534
990840,93081,02P115,
93091,93092,970820,45230043.548952244
960623,93092,93091,31501559.14714106
970820,93092,02P115,
93092,990840,02P115,
93092,960623,091178,26113418.38673676
990840,93092,091178,67264084.08057672
93094,960623,93091,29993352.15391482
93094,93095,091178,26637022.775684364
93094,960624,93095,11312625.267777266
970820,970817,141209,
000842,970817,970820,63113546.69469344
970817,93079,141209,
93079,970817,93074,59136414.47857361
970817,93078,93074,99708881.27228902
970817,000842,93078,97953309.5334132
960621,93043,970813,33823323.4303678
93043,960621,93038,37957578.20766042
93068,960621,970813,64615260.38354949
960621,93068,93038,81366022.94994073
93066,950229,93035,53379835.09788984
950229,950230,93035,37329983.80491173
950221,960591,950265,119200703.44663931
03S046,950221,950268,
950268,950221,950267,364806033.1611707
950221,950265,950267,354051079.74869066
960591,020982,950265,215048825.43260482
950265,020982,020964,278553560.4214595
020982,950244,020964,163976989.54842925
950244,020982,950246,237573034.3033623
020982,960591,020954,310443656.3638849
020982,940044,950246,354217208.02769035
940044,020982,020954,193835002.64541924
950276,960616,950277,241543196.75841755
950275,950276,950277,248403147.1707413
950276,950275,960615,200598055.93926784
031127,950276,960615,219661912.8853036
020986,960609,960611,206228176.1456278
020986,031127,940047,130070284.55215453
960609,950273,960608,66285048.501296245
960608,950273,00R019,
950273,020986,940047,160789351.73345286
020986,950273,960609,204063371.26098618
950273,020987,00R019,
020987,950273,940047,159195262.92520717
031103,93102,93099,77723020.77715507
93102,031103,950303,66820433.43107635
950300,950293,020994,124986072.31892662
940061,950278,960616,125928465.08220273
940061,950293,950278,128581883.22886448
950263,970809,020979,151336467.86919987
93069,970809,950263,172629681.15818435
970809,93069,940048,151199487.3113089
970809,960613,020979,165155442.43016514
950264,970809,940048,146323313.19672024
960613,970809,950264,313178682.7879707
020993,950286,950285,95276968.28821324
950286,020976,950285,166254650.14606705
950256,950258,020976,191892858.90563363
950258,020977,950285,281030242.6849553
020977,950317,950285,427523650.0071578
020977,950260,950317,167971472.73484844
020977,960579,950260,131373854.10958453
960579,020977,950257,174701498.45534983
020977,950258,950257,242276257.525934
960630,940063,960629,48911510.334196195
950298,960630,960629,103292817.33806387
960630,950298,950299,111181999.26483417
960631,960630,950299,138676127.43054262
02P207,960572,940052,
960574,02P207,940052,
020966,02P207,960574,
93008,93007,93013,116471494.66331868
93007,93008,93003,161256708.91574883
93007,93011,93013,141545738.3613723
960583,960582,93003,137146946.29440477
960583,93008,93012,146662993.78713605
93008,960583,93003,121195287.56484787
950215,93002,960590,136338957.1268049
93006,960584,93010,108618922.34641708
960584,93006,93002,172281594.60750803
93004,93006,93010,152423896.86849838
950216,93006,93004,192633009.98414284
93006,020947,93002,354283042.26577395
93006,950216,020947,199003496.91655713
950209,960586,020948,271908569.88089526
960586,950217,020948,309749011.6659841
950202,960561,960559,108051977.859021
950209,950202,020939,251601711.64157
960561,950202,950209,236042906.37668264
950217,960585,020948,169683555.625909
960567,940051,02P110,
02P109,940051,960566,
02P110,940051,02P109,
940051,960567,020962,67509646.29086062
950240,940051,020962,171232643.27057707
940051,950240,960566,202614843.52729583
940038,950179,020920,194406633.98910275
950179,940038,14P125,
14P125,940038,11S070,
11S070,940038,950201,
940038,020920,950201,229699354.60560805
960535,020895,950150,218773750.9259612
960534,960535,950150,488875957.92542183
950151,960535,960534,192424980.23003817
010844,950151,960538,321292331.58899176
960541,010844,960538,194044857.63090676
950181,950183,950155,197527112.28765598
950183,960541,950155,444736279.36288136
950183,020924,970798,253052205.33316457
950183,950181,020924,422157618.05872625
020904,950183,970798,190852022.06313574
950161,950159,020904,303549000.63512385
960543,950161,020904,118284944.69440354
950161,960543,950163,89555613.38026866
950161,950163,970795,177408502.55214223
020897,940026,960542,273756301.6342834
940026,020897,020898,416601155.4688989
091174,940026,020898,255421370.63832712
940026,960540,960542,255858080.1333037
960540,940026,091174,180822718.14758492
020924,950187,970798,270319269.92559195
07S067,020936,950180,
950200,020936,07S067,
020936,970797,950180,154813205.03485507
970797,020936,020920,215666925.6822236
020936,950200,020920,205300816.37906334
020938,950200,020940,124043410.55672784
020938,950205,950201,225369657.57866052
950205,020938,020940,205427855.51021776
020920,020938,950201,233314202.932891
950200,020938,020920,190637656.94215646
020928,950193,020913,140743524.22687325
020928,970796,960544,274097017.1329133
970796,020928,020913,267713417.25485116
950190,020928,960544,199326158.84555945
020916,950173,020915,95941219.13098568
950173,020916,020912,265566534.7003021
950173,970796,020913,235104627.79675245
970796,950173,020912,238566804.60339975
06S055,051145,020914,
051145,06S055,020911,
051145,020916,020914,134274216.00235754
020916,051145,020912,211619229.3107178
051145,020911,940029,160034999.75711188
020912,051145,940029,99545986.40117034
020916,020918,020914,171800757.4311197
131201,091179,111185,
020917,131201,131195,
131201,020917,091179,
950176,020916,020915,93133355.64177729
950176,06S059,960549,
020918,950176,960549,77520301.06387168
950176,020918,020916,93881819.48137358
950174,020917,131195,
950174,950173,020913,158585634.3336299
020917,950174,020931,261410739.05419892
950174,131195,020915,
950173,950174,020915,122219318.29760116
950174,950193,020931,442192997.7936539
950193,950174,020913,199185599.10779613
950236,111186,020961,
950238,111186,960571,
111186,950238,020961,
111186,940050,960571,
950231,071162,02P105,
940049,071162,950231,375738698.4152171
071162,940049,950197,327461515.36212826
071162,950196,02P105,
071162,950197,950196,
950196,020932,02P105,
020932,950194,02P105,
020934,960557,950180,113359408.01069757
960557,020934,940035,99238556.60907309
950178,020934,950180,227115955.63606048
940035,020934,950178,199455726.46664435
970803,960557,940035,128233913.14681193
960556,970803,940035,133949000.04874924
970803,020933,970799,187676572.39173222
020933,970803,960556,250921608.95459256
940033,960556,020931,224117736.40386087
940033,020933,960556,153572684.2401871
07S067,950198,960559,
950198,950202,960559,253530149.8080112
950202,950198,020935,410139890.7676208
960557,950198,07S067,
020909,020907,950166,184516454.8370024
071159,020909,950166,209518296.31858668
020910,020909,071159,270670746.8280914
020907,020909,121191,
020909,020910,121191,
950170,950171,07S065,
950170,960546,950171,214523226.97115198
960546,950170,121191,
950170,960547,121191,
950170,07S065,950167,
960547,950170,950167,377256901.3813584
950175,06S055,020914,
06S055,950175,06S056,
020918,950175,020914,152171529.93721974
950175,020918,06S056,
06S055,950172,020911,
960546,950172,07S066,
950172,960546,020911,199885704.49844638
950172,06S057,07S066,
06S057,950172,06S056,
950172,06S055,06S056,
950312,021008,960637,182000412.16152492
031106,950312,960637,56322738.46394589
950312,020999,041129,128029519.17243724
950312,031106,020999,93127093.98644403
940064,960634,041129,120432855.21744893
950311,940064,041129,114192795.41897605
940064,950311,950309,182321874.93811238
940064,950309,021101,234086309.72743654
960634,940064,021101,191960258.80692932
950364,950310,021007,104666145.68430275
950310,950364,021008,159458430.05129713
950310,950326,021007,111988707.18084517
940062,950323,051143,86372285.05178404
950310,950323,950326,134264580.3664864
950323,950310,051143,174942597.2890773
950326,950323,960639,106951610.48295704
950323,940062,960639,63546917.81777076
950262,960642,021003,116065317.41408195
151210,950262,021003,
960642,950262,960641,187482300.97827336
950262,151210,960641,
031114,031116,03P216,
131198,031114,03P216,
031116,031114,021041,37908349.96567562
031114,950416,021041,49973424.03802476
031114,131198,950416,
950420,021042,960675,106652635.51226465
021042,950420,950418,100287312.41728969
960675,021042,071153,146466570.26434812
021042,950421,071153,97651851.49763024
021042,950418,950417,97609258.59199964
950421,021042,950417,139586532.64144737
940082,021053,031121,55656026.06036544
940082,021055,021053,87300881.46166974
021055,940082,031122,44288646.283261076
940082,081166,031122,
081166,940082,031121,
93104,93102,071161,69539203.64250235
93104,93103,93102,66581251.3614639
041136,93104,071161,29180654.500723265
93103,93104,041136,59370489.97891975
940063,950302,950300,143869446.15813217
950302,020996,950300,143596104.68428683
020996,950302,950305,70601973.48404796
950302,020998,950305,199920573.03385532
020998,950302,950304,142849832.1385644
950302,960631,950304,160947432.16057858
960630,950302,940063,47001404.75690595
950302,960630,960631,178065865.79741892
970802,020952,950246,157210679.593522
940044,970802,950246,86860090.23931767
970802,960752,020952,170163332.09836408
970802,940044,960752,90716455.49904777
020873,960511,950121,314890499.2371291
020873,970788,960513,521796608.06681406
970788,020873,950121,444111212.1377198
960511,950114,020861,258731263.48308757
950114,960507,950108,337454705.3427556
020873,950114,960511,324872984.40695393
950114,950108,960503,564417569.6880788
020861,950114,960503,372319362.4309553
950134,020889,960521,236280773.39954492
020889,970791,960521,304900675.06547624
970791,020889,950138,190969482.60405633
020889,970793,950138,216632961.310368
970793,020889,950134,197491470.04238093
000843,021017,950378,153657410.03768557
950380,021017,000843,108255141.38213761
950378,021017,021014,127157281.50577728
021017,960655,021014,157448439.37133628
021017,950380,960655,72397156.1418936
021027,000843,021016,283596085.43445426
950389,021027,021016,201562982.650854
000843,021027,950393,101767679.33501263
021027,950392,950393,135384487.0143099
021027,950389,950392,204981174.7659289
141204,950426,021044,
950418,950426,950417,201210004.31774145
950426,141204,950417,
021044,950426,950425,155687541.2323484
950426,970827,950425,182114051.41360635
950426,950418,950415,131170742.07221083
970827,950426,950415,101291541.06687604
950395,960765,950393,236438659.82751828
950395,021028,021029,143172424.0830312
950392,950395,950393,222442594.07304958
021028,950395,950392,190776384.92460313
021044,950396,021029,179634467.9592447
950396,950395,021029,212464808.8569583
950395,950396,960765,189287621.04069003
950396,021044,950425,125907386.25628099
021006,950396,950425,275731239.1714877
960765,950396,021006,156973133.6797078
950391,000843,950393,249462982.83494446
960765,950391,950393,281767983.0413075
950380,950391,950390,104144152.90287568
950391,950380,000843,231331086.6531251
950391,950346,950390,77389776.92245577
950346,950391,021006,206217697.08324006
950391,960765,021006,229622125.56280354
021033,960678,960767,182168625.25163904
021032,021033,960767,139564076.54590133
021033,021032,950401,176549460.1279823
131197,950405,960667,
960678,950405,131197,
021033,950405,960678,209252754.02292806
960667,950405,960768,135109142.52427614
021031,950405,950401,278707742.9189998
950405,021033,950401,127056038.79013604
950405,950402,960768,227839031.4931563
950402,950405,021031,141507465.40582487
960712,021085,950480,244062899.2002904
021084,960712,950480,213447555.4828594
021085,960712,950479,221978631.0802048
960711,960712,021084,294258356.849775
021083,960712,960711,119728804.0022614
960712,950478,950479,190047030.20392546
960712,021083,950478,150246845.35805157
960697,960773,960696,70306005.87172529
960697,960775,960773,157024672.3363304
960697,950463,021074,193949468.13964745
960775,960697,021074,186140694.10500956
960694,960697,960696,27809914.815417897
93049,131194,93046,
93049,950297,131194,
950297,93049,051144,34072879.607705355
960620,950297,051144,84465120.1415139
950297,960620,93085,58906634.681314856
93085,960620,02P114,
02P114,960620,950296,
950297,970814,960628,51467615.80695862
970814,950297,93085,80260579.97024174
970814,93086,960628,38954390.74200389
970814,93085,990838,46116371.351066425
93086,970814,990838,57606091.453532696
93077,93075,93073,157679567.38577673
960622,93091,93093,24634022.89959437
960622,93094,93091,19536568.34597002
960624,960622,93093,12369839.964983042
93094,960622,960624,11870528.795038551
960623,960625,091178,16177348.003381992
960625,93094,091178,2354627.6737629846
93094,960625,960623,7557053.031055728
93031,950229,93066,71620041.22673799
93031,93065,960607,73582310.92408663
93065,93031,93066,149507150.46661013
93038,93031,960607,88877972.50165163
93068,93031,93038,142104294.05705613
950230,93031,93068,80428697.25807346
950229,93031,950230,48076014.244569965
960591,950269,020954,338792226.95946866
950221,950269,960591,77099630.64267547
950269,020957,940045,137271650.13274708
020954,950269,940045,369486757.5622165
950269,960610,020957,120590330.52055793
960610,950269,03S046,
950269,950221,03S046,
950276,020989,960616,272227922.27517694
950251,950279,960573,316253189.8732174
020995,031103,93099,125370544.43959089
020995,93099,93084,98502204.42064591
950278,020995,93084,90472751.36905313
950293,020995,950278,136053445.0038238
020995,950293,031103,238464275.59285748
950301,950293,950300,113466938.41380394
950293,950301,031103,157573125.18500444
031103,950301,950303,71568165.37652339
950301,020996,950303,89412975.04766029
020996,950301,950300,117778859.00126806
950293,020992,020994,183266110.5119904
940061,020992,950293,147062480.51347864
020992,940061,950284,180515590.29186922
940060,950288,031128,96971073.20590934
950288,950286,020993,106493747.78992857
950288,950291,031128,82030006.56229965
950288,020993,950291,77634835.0200476
950256,020974,950258,286678909.80127305
950258,020974,950257,161158927.54912743
020974,960578,950255,180963813.675051
020974,950256,960578,269018656.7804229
940055,020974,950255,155423667.93084782
950257,020974,940055,79697399.01912023
950248,020968,020966,137739507.6901123
020968,02P207,020966,
020968,950248,960573,74531464.52479069
960572,020970,950250,194998202.46420437
92110,960584,93002,123028893.01764159
960583,92110,960582,147009016.36332223
950215,92110,93002,119590528.98212452
92110,950215,960582,119271544.50148094
950213,960588,960590,96700236.13443656
960588,960585,950217,157956600.7340914
950219,960588,950217,242879937.5613255
950219,950215,960590,253931622.737592
960588,950219,960590,184731704.89993086
950202,940040,020939,234993369.2515419
940040,950202,020935,414649315.2981581
940040,950236,950204,315925584.81257164
950236,940040,950197,
940040,020935,950197,
950210,020942,020948,185018387.8151026
960585,950210,020948,192023115.1873245
950210,020943,010845,194930295.44210076
020942,950210,010845,107541615.83526118
07S062,950153,960539,
07S062,960539,950156,
950158,07S062,950156,
020896,07S062,950158,
07S062,020896,950152,
950153,020901,960539,129828135.9503679
960539,020901,950156,140045124.262925
950159,020901,020899,244085965.6530889
020901,950153,020899,78616390.59639922
020901,020903,950156,205342048.91614175
020901,950159,020903,200083920.52871114
02P103,960535,950151,
010844,02P103,950151,
960541,020902,020899,237607013.10170138
950183,020902,960541,293655339.8592134
950160,950161,970795,221244103.5933862
020905,950160,970795,193027023.5629925
020903,950160,020905,219697457.62240905
950159,950160,020903,202991689.5916351
950161,950160,950159,326520541.7730855
020921,020923,950184,33536615.947781187
950194,960551,02P104,
020923,960551,960552,242477474.68913007
950182,950185,020922,122959657.66514023
950185,020924,020922,114609380.89490037
950185,950188,020924,289701870.76347435
020908,020926,960544,218234212.1537073
020926,950190,960544,177279247.2628857
940036,06S057,06S056,
020918,940036,06S056,
06S057,940036,960550,
06S059,940037,111185,
940037,131201,111185,
950176,940037,06S059,
131201,940037,131195,
131195,940037,020915,
940037,950176,020915,291151615.28329885
950234,950236,960564,209185821.80799118
950234,111186,950236,
940032,020932,950196,216373400.43284902
020932,940032,950194,
970803,950199,960557,115465388.42370282
950199,950198,960557,216470775.03982398
950199,970803,970799,133136317.69741577
950196,950199,970799,314281167.61862946
950197,950199,950196,
020935,950199,950197,402370032.71638495
950198,950199,020935,247789607.33404922
960635,950312,041129,111051221.01486817
960634,960635,041129,121800271.40912871
950312,960635,021008,175642395.46989736
960635,950310,021008,190241597.8287766
960635,960634,051143,126568787.51944117
950310,960635,051143,193255539.30269283
020868,020873,960513,287463078.30984557
020868,950114,020873,374648901.6605412
960507,020868,960513,186121939.28564528
950114,020868,960507,280590297.8615945
960695,960694,950461,75252190.41585065
960695,960697,960694,63119028.51274679
960693,960695,950461,65005524.19917042
950463,960695,960693,46620743.39629476
960697,960695,950463,45714766.30128289
960626,93043,051144,37641315.67012284
93049,960626,051144,81521718.52569571
960626,93049,93046,57525176.190442
960626,93046,970813,41844123.61181216
93043,960626,970813,22969215.70336004
970815,93075,93077,35362396.68683373
93075,970815,93076,46509294.391516574
970815,93077,950296,32608434.947766677
93076,970815,051144,135415315.62047344
960620,970815,950296,235486254.04064912
970815,960620,051144,121390995.43969211
96S007,93071,93073,
93075,96S007,93073,
96S007,020981,93071,
950274,950276,031127,154930947.78889918
950274,020989,950276,173660902.73666555
020986,950274,031127,99826057.07384811
970811,940061,960616,204365855.7153973
020989,970811,960616,170523148.21585464
940061,970811,950284,118530561.81350389
950282,950256,020976,267603018.91526622
950282,950280,950256,324008202.0643066
960617,950279,950251,163910786.58411548
950280,960617,950256,331556029.05543774
960578,960617,950251,217879493.7748352
950256,960617,960578,289830833.0854474
020990,950280,960619,210558570.66053358
020990,960617,950280,171738677.44110715
960617,020990,950279,211961219.81316745
950298,950289,940060,209267184.10733414
950292,950289,950298,98858974.61959931
950289,020992,950287,112728551.87733363
950289,950292,020994,84679829.3111766
020992,950289,020994,193988291.67162248
950287,940059,960619,86487882.02685603
940059,020992,950284,202053323.1732916
020992,940059,950287,161082170.8524419
02P207,950249,960572,
950249,020970,960572,162049419.73358104
020968,950249,02P207,
950249,020968,960573,97066217.81077015
950279,950249,960573,245799018.11587876
020970,950249,950279,104082277.71373294
020970,960618,950250,252010892.9277632
960618,041138,950250,229890906.89100298
960618,020970,950279,170539218.0479503
960584,960627,93014,112128824.9787972
92110,960627,960584,1758505.2962032105
93014,960627,93012,156168175.86072892
960627,960583,93012,131567155.30224593
960627,92110,960583,1966952.783748114
020965,960588,950213,87068202.87319465
960588,020965,960585,175639734.6977423
020965,950213,960581,128515975.21545202
950212,020965,960581,103585448.93241858
950207,950204,950206,134316970.67131042
020963,970801,950206,180847517.10327676
970801,950207,950206,178494093.0257638
950207,970801,960563,191789382.19280046
970801,020963,950220,310452951.1229517
93001,960589,950222,314767181.8352566
93001,950222,93005,308242947.3035238
93011,93001,93005,295961747.8880971
93007,93001,93011,255615013.58969492
960563,020949,960586,291164767.9187118
970801,020949,960563,180276314.27328613
960589,020949,950220,337286104.52979064
020949,970801,950220,280958680.50366795
071163,960589,950220,183778856.18926728
960589,071163,950222,198471471.87709105
960752,071163,950220,198584260.69318283
071163,020956,950222,109852817.89373618
020956,071163,960752,358331277.23969406
960586,960587,950217,204782922.1279367
960587,950219,950217,189228326.67543253
950215,020951,960582,97253113.61751856
950219,020951,950215,133904478.1375131
960582,020951,93003,178972706.92611992
960535,091175,020895,211721959.6947409
02P103,091175,960535,
091175,960541,020899,450631593.847453
091175,010844,960541,157583070.4940877
091175,02P103,010844,
950157,950159,020899,296245575.36948746
020902,950157,020899,205378651.71669453
950159,950157,020904,188988355.0334235
950157,950183,020904,241209738.07973516
950157,020902,950183,261920239.12031946
960551,940030,02P104,
940030,960551,020923,128954001.2306449
940030,020923,020921,247062268.07024926
02P104,940030,950154,
940030,020921,950154,
950186,020923,960552,134405042.12893057
950186,960552,950188,169164542.30168006
950185,950186,950188,389435060.1935073
950186,950185,950182,384300773.2419922
950186,950182,950184,325495172.13490623
020923,950186,950184,122242517.33744049
960553,020926,020908,192804689.67072338
020926,960553,950187,156069173.66520944
960553,020908,950165,162789946.47112423
960553,950165,970798,378205260.82216775
950187,960553,970798,241098898.8165186
06S058,05S054,960550,
940036,06S058,960550,
06S058,960549,05S054,
06S058,020918,960549,
06S058,940036,020918,
111186,151212,940050,
950234,151212,111186,
940050,151212,950231,
950231,151212,960564,
151212,950234,960564,
950195,940032,950196,200435121.6432673
950195,950196,970799,307761916.12467146
020933,950195,970799,326590014.03031147
131196,940031,950192,
96S007,96S006,020981,
96S006,93075,93076,
96S006,96S007,93075,
960614,020986,960611,164537900.02643397
960614,950274,020986,122130196.40169618
950274,960614,020989,96970480.64862452
950286,020991,020976,212460135.1251091
020991,950282,020976,161259052.73200405
950288,020991,950286,160358350.87874588
020991,950288,940060,233269572.08108318
950289,950283,940060,279951682.92973846
950283,950289,950287,169391485.16313827
950283,020991,940060,208848479.79648522
020991,950283,950282,123726724.1277633
950283,950287,960619,318265117.78863573
950280,950283,960619,328133704.16466445
950282,950283,950280,142387895.3928746
041138,021099,960611,
960618,021099,041138,
020945,950210,960585,148230752.7188089
020965,020945,960585,227617577.41248167
020945,020965,950212,108607185.7720391
950210,020945,020943,145116336.42629588
020945,950212,950211,159756162.20068774
020943,020945,950211,146808573.37850508
950207,020941,950204,166991693.9235526
940040,020941,020939,163040832.0332166
020941,940040,950204,321851373.5797685
020941,950209,020939,170850348.03029582
020941,950207,960563,183725681.26665142
020941,960586,950209,277486859.058523
020941,960563,960586,306409087.6998159
960587,020950,950219,171470624.3982098
020950,020951,950219,114353478.75737432
950153,960537,020899,116355719.3907953
960537,091175,020899,194131279.74907905
960537,07S062,950152,
07S062,960537,950153,
940024,960537,950152,443755199.54049504
020895,960537,940024,430057669.29650176
091175,960537,020895,182849800.31877685
131196,950189,950188,
950189,020926,950187,241098544.84440246
020926,950189,950190,188220014.28901845
950189,131196,950190,
950188,950189,020924,347562162.1109051
950189,950187,020924,230954603.87237507
950193,020929,020931,264120023.04970565
020929,940033,020931,258764480.26753306
020929,131196,950192,
950195,960555,940032,163890600.28001073
960552,020925,950188,261895441.66036582
020925,131196,950188,
020925,940031,131196,
960551,020925,960552,274383498.7268392
021100,96S006,93076,
020981,021100,93070,132162223.62070172
96S006,021100,020981,
020988,940059,950284,159061276.42516768
960614,020988,020989,168842649.474545
970811,020988,950284,93643477.87031649
020988,970811,020989,144117832.53950694
950281,960614,960611,104451385.17450424
021099,950281,960611,96296097.16534638
950281,020988,960614,89569506.08990742
950218,020950,960587,222757537.3350169
020949,950218,960586,367221667.61461633
950218,960587,960586,263372233.7119951
950218,020949,960589,155809300.98804253
93001,950218,960589,221803920.75193512
020951,940043,93003,196558903.01524433
020950,940043,020951,111740184.32176645
940043,93007,93003,220833107.7261844
940043,93001,93007,240918527.62376314
940043,950218,93001,299096466.9607782
950218,940043,020950,106811461.11988427
131196,960554,950190,
020929,960554,131196,
960554,020929,950193,127429368.31430204
020928,960554,950193,115998758.89776845
950190,960554,020928,141309568.315856
020929,020930,940033,303568869.434692
020930,020929,950192,298708522.22397304
940033,020930,020933,169991290.98716637
020930,950195,020933,369730233.1606522
960555,020930,950192,270219337.70452994
020930,960555,950195,304503794.90827155
020925,950191,940031,81608820.29516272
950191,960551,950194,
950191,020925,960551,
940032,950191,950194,528265015.2425339
960555,950191,940032,120116782.22390968
940031,950191,950192,263051270.93712625
950191,960555,950192,227943523.77571386
93072,021100,93076,45157184.66908216
93072,93043,93038,120568523.7278673
93072,93076,93043,136616389.7081241
93072,93038,93070,103785958.30425724
021100,93072,93070,60283250.49031189
940058,021099,960618,154291264.20309272
940058,950281,021099,146117296.91453022
940058,020990,960619,302900531.17445743
950281,940058,020988,216094121.17284372
020990,940058,950279,262147630.4921317
940058,960618,950279,164718090.5038027
940059,940058,960619,135443281.6337719
020988,940058,940059,333443964.34335935
