lon,lat,area
143.76847110172798,23.153161739937897,
130.88113346771098,23.667593406959703,
144.0305451717,44.5283231733549,
143.025193313607,44.96716006327709,
146.108150240415,26.147908645296898,
146.097534235455,25.994993521671898,
142.169911646994,26.929515394138498,
141.588438293478,25.5390853197183,
141.87972010571698,26.1671446428381,
145.516060881939,24.6045634472517,
145.80734269417798,25.2326227703715,
141.06857384178898,28.0999328136912,
139.030932113007,25.877357906076597,
128.404064506047,23.077746903175797,
141.545443520052,45.39475982669099,
140.918061644514,31.7580894281112,
137.19257184075298,28.785454548995105,
123.49796357853899,24.3114735055104,
125.105641471338,27.1687801446039,
125.06656594594799,24.7384207731804,
131.14132941884696,34.7916764157402,
137.488229861994,33.430275039493196,
137.894292005052,41.2031326233318,
134.573261241342,38.7350622287211,
124.43498779007999,24.3820576760541,
124.733822196984,24.5754101318748,
123.907786772121,24.273119080336503,778438613.289953
125.748733372383,25.3071026136423,
125.52163684763998,25.2699379398147,
126.67098305819098,27.871783929527997,
137.11027031172898,33.1498612453437,
137.159438414427,33.185846486459695,
140.90142485835898,44.3368052683941,
131.87560490728802,30.092469597085497,
132.798448263723,30.655465482199798,
132.85322523214498,24.067757841847502,
133.83656506499398,26.5458136774809,
124.07625030408299,24.431478205840197,
124.376354797299,24.503252127730196,
125.558340263598,27.1963348368591,
125.858444756814,27.2681087587491,
128.076517570683,25.5568829121144,
138.252999397392,33.7699876638333,
139.020902472738,33.7517559238563,
136.52144982966598,38.7282225977526,
138.279012835788,39.4061730542601,
141.389531759454,43.9640650408113,
141.164338677681,44.9424139688007,
141.782827239306,45.4370971035399,35833490.55080607
141.39871006153197,44.814591140028604,
145.06431205134,43.955018901849,219539958.23983163
144.89424479976597,43.9205246019573,426304947.81458
143.93005668488698,44.235056240981095,
142.857016486305,44.208473479189806,344849584.759051
143.064639681909,44.3148752712798,242628955.5298417
132.074819650488,32.6979266779869,
127.517295181848,28.5188066394528,
127.919224178262,28.717672700857797,
129.060288393762,30.019076786433903,
128.47345056008098,29.128885004514895,
130.83605572926902,26.716019379875096,
130.379770159056,27.4960242412548,
128.91084818261098,32.921937752305794,
129.36058043822098,31.3362943828341,
130.512816176457,34.568044413843594,
141.496717149843,33.7037836532298,
141.56949864763197,44.320150961991295,482061508.2403526
141.48752693895597,44.138855649002394,
141.84382476560998,44.754066658415404,295938882.5563463
141.612600287037,44.4838589415561,461299771.191076
141.607629134202,44.6486792665419,
141.488092092435,45.078804483051904,
141.42644878738201,45.2966542385643,
141.25372070858398,45.20662731182399,306870431.5868954
141.663832506636,45.3389915154132,55080257.80831793
141.919771860141,44.8461038961045,214426557.84001014
142.044266802735,44.470896182295,704529735.1081986
141.79328698989298,44.4474010590423,137574322.37402096
141.887411763141,44.562486597337504,383043530.30620986
141.75018535048798,44.283693079477494,160666529.73256743
143.423642174736,44.157648918820804,290137221.75859714
143.387138638788,44.3003233132878,167391020.9905042
143.244043133103,44.148389926812605,316810842.0987277
143.207539597155,44.2910643212796,263614633.24532974
143.21912028563702,44.79660519113669,
143.570565904227,44.4959218998063,
142.70662154397,44.24267857867109,243514509.38556284
134.064325286694,35.8298089990995,
132.10204013816698,35.283260287436704,
131.193159745296,35.167518350121306,
131.88891876576898,35.67444890866229,
132.55363711728597,35.42378220084,
131.798422256325,32.0306474542494,
131.885178833133,32.314503744448196,
128.893897611171,26.0286653018238,
129.00298532130898,26.1261080195775,
128.09967311823002,26.8346830116585,301182602.74727553
126.473418723267,25.757336348432702,
126.782465642151,25.6727307925011,
128.483903531346,27.384713882070603,
130.727878261431,28.238354640124196,
129.496480506855,34.2187149312855,
129.00589207393799,33.38275084738769,
126.94527960912598,30.449097589053,
127.23281713916398,31.122789280146304,
129.311745182235,33.625369412438104,
129.514796085114,33.7876418052426,
129.495059955591,32.765712255084594,
129.519967071297,32.4087719963469,
128.81672590244702,32.7264889154775,218759130.75634778
129.073066699137,32.35421109798239,
129.208712966487,32.437987342186794,
130.369505888919,34.289863700030395,
137.791882470363,37.4319566526444,
137.473721316327,37.7003703885864,
136.113469601769,35.398332429738296,154549163.1456939
141.726298012794,45.1095994712451,411598732.3657578
141.867467551095,45.008375595645006,400819964.63552356
141.72931034819698,45.2797595768661,219775667.47310597
142.010232896466,45.1561491848082,458926779.22404426
141.988058090835,45.355478648535,322407952.869966
141.848305080867,45.3778651649928,217495664.78189835
145.043913801369,43.664049942321604,123218267.87059417
145.110284296989,43.820629282821606,151358367.8719267
142.147043137407,45.0762900265227,449459725.9122026
142.350628916793,44.9026414074546,279574640.4643116
142.17527876356198,44.6078266218816,362280252.53093624
142.094370818499,44.7914542746132,171250364.635514
142.178876750394,44.8738668158682,302112482.97628874
142.49250059487298,44.832537389557494,483314253.95612234
139.95588941135998,42.7155885496131,
139.987322884365,43.1590217431923,
140.298000290184,43.579046527846494,
140.02597335559798,42.4556684522223,
140.02336362992997,42.270857688147,437196884.0266092
139.78237097160599,42.4256275392807,
139.77976124593798,42.240816775205396,695581618.6841203
141.784994529222,44.168423029302,236441132.34018895
141.66440697585,44.0138874524052,323771196.403717
141.734149280922,43.877930020174794,498733542.7704718
142.84607606378998,44.021532119862,829762470.6767888
131.077459289832,34.46356678165169,
131.235243633153,34.5119793062484,529273296.4602113
131.796015810327,34.884667615690205,
131.700748194708,34.806186221947804,
131.54690788027798,34.716287233745696,
131.76619230964198,34.66962507009539,151605914.85038924
131.378058310257,34.6071367422198,562732628.1939999
131.374510408416,34.0714068748977,240977062.21465433
131.299799120292,34.3203797214564,271992355.1700365
133.75492576974,35.7658731923196,
133.903639120251,35.7993646101762,
133.37559587985598,34.3210365914295,
132.13529566894798,33.165518504127895,707439379.4127473
132.354052647729,35.070048162781504,120086101.00507344
132.73169893598998,35.553703532407496,
132.347849708085,32.9015205705615,
132.28284062630996,33.0560281642569,447562584.0173086
127.02543990229499,26.4319019514594,
127.063310404866,26.297221169884498,
127.227455102088,26.3755620393474,328619366.0575624
127.67894350539899,26.738048941031998,
127.61738640839101,26.5274789494704,
127.98304699534201,26.779843902451198,334540104.18253493
127.40129063013,26.322364075009197,
127.539647329743,26.3670000569646,
127.546192851792,26.159417649614696,211673732.35693502
128.023897346565,26.5231289045184,117766497.21275152
127.99215810414,26.625940325681402,292683050.0506116
128.195761885059,26.942642241655797,375057899.4838948
128.329869406299,27.123255769830003,
129.42400753821002,26.7522019159263,
129.20501313650698,26.4139378573818,
128.26208107581002,26.8639120111329,53275238.011997975
128.177194195347,26.7062614807626,
128.80482119970299,27.676420950446396,
129.61648573179897,28.8309938636082,
129.688454194233,28.3905881499174,323522719.115197
129.796444877418,28.8216759918219,
129.86841333985197,28.3812702781311,208254963.38071755
129.886822395429,30.612071679014097,
129.43811766039002,33.2237081712459,
129.26791081944302,33.0648658503999,
129.466291456062,32.9261534833572,
130.02396500313003,33.6395562796095,
129.82491523009801,34.023689149480795,
130.154114376891,34.0860380389683,
130.485650186661,33.7777917656784,124433328.57952704
130.03014782478598,31.212199074605998,
139.550095804779,34.785561812595,147484116.53602156
140.11902030330597,33.7665580674939,
139.548181582887,33.2574045016092,
140.608932993804,35.5787400495054,
140.325765040098,34.6930454798202,
137.920295817744,38.0607020138202,
137.840297128413,37.8929042066124,
141.93995283184202,39.5848225181937,26722560.64548398
136.22521794581698,34.0624426140801,79972665.88498747
135.889359495021,34.305633499559406,114444089.02460544
135.757152297063,34.2339351451119,199265711.6801891
135.789879537345,34.3374212524662,113022159.97969931
135.846906397422,33.8270458944396,40359817.05746695
135.923171003532,33.80240541206759,72945038.09263708
135.783102535113,34.6696344101613,128058925.87121344
135.791987063238,33.9727005821808,119851872.71373191
135.80160814436698,33.883839871473896,130643319.07194135
135.50986045538698,34.0792987412988,210826767.2816643
135.668936986143,34.227223002726596,220663610.37277558
135.679270922646,34.087630776012,106624179.49580516
135.612874279641,34.0406302795317,255755981.21930003
135.68882971667102,33.840711887036996,168579990.08030707
135.612811992537,33.8825721012636,184755553.38999274
135.344601909561,34.140747755782805,116729409.30919628
135.276403700064,34.164807635220896,81351512.49233548
135.21300398733598,34.08789935315159,65064463.85966178
137.315083488363,34.5319243618767,
137.166585406323,34.524041280263695,
136.15850454782398,35.4777766578543,130118165.11365867
136.10553035244,35.538505247388,75019296.89611219
136.30352402775898,35.534393214632395,226795294.1443474
135.11634118458298,34.8504805614042,148620003.65282506
135.114964958886,34.7645542585605,137407812.70165506
144.187383826266,41.9036050960791,
148.418583170682,36.9470101884741,
142.33865394107698,45.1504834411059,71262512.3023114
142.257051768777,45.14651931522479,162697935.32377645
142.37949045368399,45.0353876065071,143015892.594444
142.696596109947,44.3866811693052,355573520.84534264
142.503858898929,44.680586605488905,432536374.10886425
142.472847040425,44.397624455533794,385818693.76438993
142.35274517181298,44.5422525049491,491441667.6919912
139.84080715406998,42.000018215802896,
139.656949148376,42.1168462671627,169301662.77424598
139.471035608256,42.0934006202952,12247215.538347619
140.191466294649,42.470208818706894,
140.04682967642398,41.9764498258776,117794663.61466634
140.16924694347298,41.911124314415396,261397186.98092788
140.106574054722,42.123318790179,192482762.35311258
140.228991321771,42.0579932787168,334369605.9827333
141.04122264384898,41.6760787733202,341044759.7210188
141.50714265385497,42.284128554594304,
142.081921493556,44.2254329017446,599599444.2926779
141.947342016183,44.121102890455795,346531512.4330052
141.947900453667,43.9288475909085,400850959.864609
144.802767028458,43.7475068391306,606455131.2643443
144.90646378441198,43.6254217985223,293305125.8688456
144.270124721349,43.3888710219657,418386924.0795114
131.661946058643,34.6193468897496,11518667.995140126
131.53070271762297,34.5578577479454,16103014.521752175
134.57033366746202,35.5276379925555,131682202.59959982
132.49585156975198,33.4987572212568,96910034.7469984
133.299972749592,33.86252405660189,175245573.17407134
131.902482215955,34.6507852525989,178429376.30728346
132.27739791730198,34.9170449492997,256850625.88462275
132.84268295647797,35.3945434563402,154502729.19984996
132.86990873362797,35.655678713202896,
131.40293985185403,31.676660696465397,76216857.92688394
131.368611305052,31.7650286747838,123929751.4845799
127.656974985804,26.1646783864884,8087869.859946554
127.68829996632599,26.2375800122634,16707406.96684785
127.710627816651,26.1497739190842,84366448.56624757
127.76338680689098,26.1782650543524,8723034.746635012
127.741449567501,26.2262959011207,103094175.3807492
127.86872410210799,26.2421813914128,11894152.950676417
127.81773355167299,26.482166452173296,50688768.79889625
127.88840175747899,26.538832866965098,178241051.3265977
127.7931440742,26.310403448524802,101073043.3618226
127.92014099990399,26.436021445802098,78586544.45470369
127.87090680381598,26.334944540503496,240671383.9852308
129.028039022355,27.9218443039899,
129.293959187679,28.5203290175331,
129.492122276055,28.7144601931407,
129.564090738489,28.274054479449898,
130.14362369939698,27.418182338223602,
129.720017437593,27.120631428956997,
128.946796974039,27.783392351236497,
131.168621309385,31.680760693424702,510094152.764863
131.28439420760398,31.6595066730393,200127758.1431718
131.208275646888,29.3509193631918,
131.03960170263602,28.9581946729218,
129.640957417719,33.4536464931141,
129.626269839957,33.22715114591399,160013606.6007045
129.774984130374,32.715547080103796,164410253.46734065
130.245409569792,31.3737731095866,192611100.95896035
130.380340002066,31.360889523740695,211950820.65154043
130.41883626205498,33.6346919817546,224108667.24614516
130.589915162454,32.3931200536977,161193638.8532004
130.573989411855,32.2301671136214,209992661.933196
130.672576432167,32.2100079534057,250603148.9056837
130.685929723371,32.48563377839999,159509904.89513257
131.259290708205,33.4690225680195,134693182.03126186
131.14405369639198,33.7204110063282,
131.25741154614,33.6669895260105,
131.125424636151,33.895156739673894,307636206.4865535
131.235263684481,34.0591691507925,200872762.1430008
131.19864073714197,34.1806148206776,328649784.50349134
130.89101515610997,33.3257065307232,137253299.43107903
130.80213457839,33.3244200237201,243447471.09057263
131.338608498966,32.860965787445394,237721081.67138746
139.610298760548,34.9435731728787,648010339.3537035
139.56762741477598,35.248022664884694,121888544.54654914
139.69344790813497,35.1870380669544,127735345.85673727
139.74680266545897,35.070948919030194,262774057.59131783
139.59267358324198,34.562990708597994,
137.84866037867098,34.9033393906593,41056945.75746796
137.978237759637,34.6450205141304,36664741.656188875
137.606000197116,34.5060407651619,
137.442060016107,34.5290914828596,
137.876924508642,34.695762176456704,49053085.64150162
138.642408279276,35.65867709133509,51038045.77359719
137.52996111845098,37.136338504749006,
136.88923597404,37.5424447420638,
139.425568272111,35.808644703407396,120988663.224472
139.320737992854,35.7100916220345,92069493.13078418
139.394107845135,35.7056296452768,111169306.85489796
140.479301821551,35.550742760514304,
138.166674057456,37.0239223904847,157007131.1098671
138.068569225587,37.336887340193094,
140.90102651153097,37.5730489750011,123378511.0532702
140.84265973212598,37.4732283970572,269265161.13625795
140.92380714657298,37.374372806604896,255123018.92632538
140.954007909528,41.5498579466652,280708395.1859865
140.83070925395998,41.655013572051004,279076353.7020694
140.23876225791298,41.77478805407159,431299846.23925704
135.95455074524398,34.413978325326596,235657607.9367826
136.061786907222,34.447832091611396,189286793.83808613
135.893629721289,34.507659621593405,212134763.36358047
135.89787680987098,34.6258713269073,204514944.33124563
135.971880058806,34.671415419375904,128092946.91700436
135.22591765583996,34.9077657253149,106901286.46835963
135.656535743058,34.69560535647359,43359341.88981755
135.738723696774,34.600391809447196,76384416.484295
135.787178664126,34.498390462601996,87802090.71497157
135.748619730405,34.436496919242,112794339.40633035
135.671716721475,34.6160746723374,80412573.78856422
136.49845544933402,34.1523323225436,
136.33924415205598,34.137239781282,
135.926798670729,34.187600101413004,182383266.78006285
135.86816528132098,33.9955926350799,181657488.16082397
135.843664451649,34.117234971296405,195332937.40244517
135.831502727943,33.7576383105588,58688915.47163932
135.865392165327,33.5875584012507,50611717.03470713
136.038636419169,33.7735593126327,28918433.351759467
136.22368343595,33.8293359960732,
136.308514028709,33.944264264096994,
135.910872596829,33.6344618627688,37143895.03612282
135.93726715710898,33.730346869975804,69775796.90859622
135.894333927528,33.7061776881357,59084426.366104625
135.99214641863398,35.2484591005701,179521839.2997205
135.928146319284,35.187820229397,195610924.23155954
135.996301816386,35.3753007388044,109653352.6420494
135.713538782184,34.7825893412052,52995786.41670247
135.77309859893998,34.77230125778309,126846304.1425176
135.973360807383,34.7721700409061,145673096.1297342
135.613519145148,34.3415443431159,120839089.39945231
135.68003371302598,33.7299527993868,150341586.43377048
135.79475923932603,33.6053091160017,124854852.11432849
135.777408471243,33.7036731999429,146856327.7062387
135.50130860732398,34.202968020134094,118869554.43756258
135.42393035259,34.214403854436306,167907591.17216608
135.554916392676,34.3160602424475,62748878.79476925
135.518660791932,34.4178775197015,91452101.6966619
135.25294065327,34.2433372258098,118445884.30408901
135.12823916466598,34.1435846860614,91686865.8969637
135.18007320074398,34.10566275530039,16540879.659648044
135.145637164692,34.2439320053259,135403296.54974988
135.19747120077,34.206010074564894,25967085.221804217
135.157731028518,33.9268858164489,12050704.189906767
135.19920263760898,34.0066299072423,74166036.17630617
134.986984611534,33.8990181044988,
133.49538395985002,34.1935943739258,
137.33928666780298,34.7015153824119,105019826.64301714
137.587144199571,34.6814685446295,38914888.440242834
137.04180177926702,34.500329112717594,
136.943115092256,34.465416986945996,73704397.27978559
136.870809436878,34.4174715503025,128700362.5383079
136.15343493483599,35.6473261955382,108938143.78344032
136.10611882691998,35.7404868015459,155133803.69842657
134.91019179491698,34.8392050300701,116996580.2131355
135.01784533181998,34.98708956647079,180042329.39208743
135.026059596978,34.8918098390631,156241741.2227945
134.35005751728,35.882692707533096,
134.948053681683,35.6826420332679,76506665.26986586
135.09728086413898,36.6257162230839,
135.776765225574,36.0352826600118,
135.723738082152,35.932103320311,
145.02795342090002,43.1026680407928,95640975.54219778
144.022910455248,41.849444269036795,
145.009714281663,43.3790335898073,203060097.7998683
145.653045442113,43.29237797723519,43557059.39651118
142.80954251751,44.4824963368302,429288998.8044818
142.73690717510402,44.63177372359859,382349610.33087516
143.027191147137,44.444895538286104,305723932.02788657
142.89428629895102,44.6682410688327,
142.725548871048,44.783724507667195,
140.477458932525,43.219048680564896,244928628.19608688
141.08512889278498,43.776941503369805,
140.7543928197,43.6757432642058,
140.561056741908,42.6118893742344,516636275.9783364
140.18570736059996,42.6511096838112,350067923.22893775
140.193732861303,42.926530327658995,
140.356181531478,43.0503487149153,
140.382934715892,42.690233059749,500647859.17388874
141.535842640236,41.902468013465395,
141.94327706605202,42.076753451178604,
141.213957042015,41.564127921525,
142.11233636843102,41.9989103426013,
141.895204623777,41.3484051672912,
142.25935682158197,42.459901158575995,292176914.02764463
142.428416123961,42.3820580499987,199082692.38912135
140.377141075314,42.2746514527326,432822025.0379299
140.382819977367,42.0881674473315,369664926.9604435
140.715195089865,41.85728397132149,22817429.141925417
140.786486863308,41.7785933881668,46422905.83543664
141.66048776447698,42.5579459437836,
139.25817818279398,35.799289489688995,111848891.14577141
142.258146532623,44.1747082170537,317487308.86667746
142.528324702104,44.1870774830034,165900182.11081812
142.41609674268898,44.2706286133881,277113977.8697068
142.345423714032,40.3959034846521,
144.4774014816,43.87136518472399,384613482.0768412
144.61930111021798,43.72375957409459,317853962.82078904
144.28389232111797,44.0969785234671,
143.96268140208898,44.096591701819804,
144.63724746206998,43.99564470119609,
144.403870062144,43.970232548998794,49850876.98882754
144.89618098612797,43.3877530137777,306597372.7943091
144.81229468892997,43.49698797518911,166000220.54103816
143.985941192544,42.8417402521812,
134.023828766751,35.4897223841622,92537215.81024066
134.42781453080102,35.59697184647669,14723396.99483861
134.48632982202002,35.5776203014914,117290810.7329888
134.452978897446,35.441060312855996,162687009.10521382
134.368975052004,35.4910426217919,183866029.0749259
134.26540259695201,35.491446257091,143998582.2759251
134.310459760785,35.510394166777196,16631321.259145971
134.48521335367798,35.356974665595,201182545.2361568
134.397604052151,35.244617449107,349729846.0892455
134.867751866001,35.6170914189849,199447395.19536015
133.524970847532,35.3749383493803,214516650.8350661
133.10740585487397,35.9770797778821,
133.277641116312,35.781674863994404,
133.00145361115798,35.7126463135398,
132.35906828278198,33.3485188549293,232727011.15178138
132.4013532072,33.4849763204847,232647882.17570648
132.21599849119198,33.343051186750806,365004658.7317983
132.362353850859,33.6601456657983,411209574.83954936
132.70756376641498,34.3337829763302,233195014.86463335
132.565385642316,33.611487406444205,146716513.1935519
132.63409752710697,33.556549516116,179859699.5531782
131.88287386032,34.541588297053195,176371374.16620645
131.748492689781,34.5567306739974,189896046.73618832
131.723499376029,34.413720607767594,432449382.04396284
131.51675106626098,34.4432518573473,285916062.46452147
131.62300109352898,34.361730932921695,314955180.2710266
131.596486115292,34.175331445068,214272112.48742923
131.428662146034,34.3009312668297,243222191.80394754
131.466750486819,34.1734040901561,235562620.09483412
132.01973930574,34.8107198008779,115297112.27475387
132.002188897623,34.7019809951793,190650190.85906887
132.115006921359,34.8892011946203,109514056.87727632
132.18537318402898,34.8324024600618,217530611.13011497
132.626586134988,35.267021932767896,112790483.94308457
132.758363692581,35.3082748687284,159368345.21154872
132.611980002414,34.6724326013142,237052273.67259955
132.920112099456,35.176665320666096,128971572.42039761
132.76867094175302,32.8513066084599,118928974.27261676
132.67667078268897,32.77716183967829,117096445.17602691
132.382217860926,32.3616991601013,
132.245240246724,32.355990630677994,
132.917501157243,33.015435926886596,103858365.98711075
132.806393875749,33.285914785295695,145021705.9461263
132.773304068394,33.377612123978096,153204004.28644443
132.710067782655,33.1876101927381,128966698.43323395
133.34508506790897,33.569447025569396,150826254.36381587
132.72373114951503,32.906497943107794,75117189.19424361
132.631730990451,32.8323531743262,81872947.74047606
132.45105979604398,33.136430519883895,137997106.25847903
132.44658463027199,33.2513885279334,187364008.4229745
130.871796668151,32.189709027501294,201041968.7857035
131.12235186345902,31.8459684453306,305386767.62162685
130.96376945995198,32.098509937989,325180378.3672689
131.561076706587,32.173724599104,
131.509830338403,32.0876701947384,
131.40221053812598,31.880087211112798,202532043.65708753
131.348212895097,31.5477174330813,92120668.4019821
131.28424801889102,31.511856928157098,152624630.79826015
131.21334365337,31.165862486394897,
131.08645390361397,30.8913421761714,
130.89220303064403,30.7937184661854,
129.734904595395,33.1308887044542,181166121.43166584
129.745133052447,32.988733362743396,201013624.08737883
129.893289561981,32.914737999686395,220235186.38518524
129.803640857748,32.8794163338729,253746914.9610762
129.875108530266,33.5705639591982,330771605.54832655
129.74537271847802,33.491599165134,
130.19597988658802,33.5707254357156,122072422.7849279
130.12942427281502,33.4403828382789,189557986.52071616
130.192567154562,33.364328325490796,229876839.3883348
129.840253419459,32.2223282865825,
129.86383679755198,32.5444409290968,286864761.82128626
130.51457367068997,32.472498548721,302549730.7606273
130.430438515047,32.742639328941294,228697577.6196634
130.528202994288,32.6839237277553,415645444.62263805
130.02744348858002,31.729432425431398,
129.9779599041,32.0328520637664,
130.106017810362,32.1756346670781,177511304.87125197
130.43599106307002,31.4406075054786,105276255.92625235
131.065963856157,31.5882718492341,214416490.86352947
131.127554553138,31.13387350128,
131.190479426688,31.3725333065793,146501618.60949746
131.08796816217298,31.427694207270896,308483503.19571364
130.97504162595598,31.413006662505595,258758712.60432702
130.48253046199798,29.665752364409702,
130.083407631606,29.404662739983298,
130.13983233523797,30.1013459020329,
130.379353484061,30.361462207134302,146089301.58081868
130.286174922849,30.5442112677339,416093633.3774551
130.22372103552897,31.1519296504845,
130.18997920338296,30.884222358224402,
130.46109490243498,30.759128310213598,
130.32198241840797,33.077655193337705,408249659.31092364
130.902963284511,32.7927219401793,233691678.31249905
130.775426396142,33.1730447317632,317346035.53837645
130.859036214324,32.305818138429004,144147558.8980888
130.749079664412,32.3228562821109,133614139.96614033
130.746507205017,32.4355291670289,169989422.43995914
130.920537266937,32.4512996614884,318035356.51036644
130.856713299972,32.5460671307937,197327675.57100672
130.820354732859,32.7388898959221,167926458.73799494
130.830390055893,32.6504410743555,156381555.71344754
130.71655233080398,32.607527974761304,110390801.81608269
130.634167093485,32.7264394290933,289518937.58526963
130.673895983532,32.8249927121127,157393151.4465371
130.532635677642,31.9269402930027,194946473.40732783
130.938868583622,31.637600052920394,156455731.90367538
130.89122767818898,31.532608684440596,152245382.07709202
131.467504818045,33.5708583120933,138009255.11454448
131.447197928937,33.8986587121083,497897377.4437242
131.389142788365,33.7253037180081,518867896.25255924
131.030957200506,33.460670448315,218669131.71234384
131.047191826881,33.582764704335,126073272.20099726
130.917575126514,33.450413875741496,186696121.57537496
131.18079720834,33.3800810523939,170899155.4883139
131.072855916882,33.3625264180329,193910762.42914233
131.048553840666,34.268728197791994,166375411.47360802
131.105179800837,34.17737582160989,129196277.89085738
131.01767782857598,34.062210329644195,168503099.9562158
130.846647030033,34.070220575872796,282202794.25343144
130.961051868405,34.153562705826296,204087825.26146266
130.932189098304,33.6308363710209,125338812.20801704
130.869602350938,33.553529854779,152741625.3662783
131.80864863691798,32.686396030167,
131.01445469758798,32.7589089534828,110972301.64107142
139.87397500362,34.9550602490562,10154059.683827473
139.88019131526,35.030025337131,111462709.46461435
139.83020610761398,35.0020281577956,41317931.8981141
139.99354376221498,35.0826432598125,77974845.22370765
139.91498517219298,35.093258500182294,89037662.40602009
140.259295397727,35.593676620032305,123873544.51505509
140.346533226405,35.626409560410906,124168846.95188384
139.485660648939,34.297109741687095,
139.39146335961001,34.049476390832105,
139.497598928325,33.7308979565283,
139.790240651226,34.5984426453831,
139.652545628772,34.295463703974,
137.758723326609,34.6914078032709,34745865.84371225
137.88672544845,34.870846739916,34810437.438502215
137.874882029577,34.8219657934995,52679484.3692524
137.941619685144,34.733780634564,49904505.80818879
137.986697053623,34.704122430347695,65698168.186732166
138.025394596815,34.7190647509662,11453669.09958925
137.939856258171,34.7915872246602,44480724.92813813
137.828101824732,34.8049605115311,56970662.54294083
137.82838087682399,34.7365634845845,67383655.68642922
137.78152607943898,34.731578422807196,21384462.961672883
137.780201705223,35.0568569893641,171494280.44115508
138.667022720919,34.824400256362196,148105449.28029728
139.306274472684,35.6040486020637,93918863.83392526
139.00402168431899,35.0417777987673,41348638.794688106
138.92466544740302,35.5403813094297,122666795.45609257
137.623710709221,36.942463737164694,160357050.06541517
139.514970277683,35.6282625927558,140007038.55157107
139.428061169463,35.6125079050488,102572662.21828735
139.372837425723,35.5366056646986,88563648.19868588
139.573865044284,35.7071280177579,70808193.65323891
139.572944149716,35.870080647865194,168092873.14305112
139.51841636304,35.7943883881815,174793232.3154538
139.635555417963,35.658143535029396,27254725.267354142
139.696270649166,35.6969785441401,167492731.55388144
139.853195035158,35.8685708245293,117755098.52867195
139.683500366322,35.8602366067011,131057574.03108567
139.73714534462098,35.8078230275832,99588062.77779722
140.081325793134,35.5461555739455,144038528.04614195
140.353939479039,35.527644171937496,82051214.51633313
140.376160150083,35.4320296546788,152249159.82278442
140.30978530156497,35.3140518536388,111031108.9227753
140.266701650361,35.494911231558895,70832461.10747196
140.243677949628,35.4143420859459,155482056.61453113
138.84653559783598,37.6743146307561,113002181.05847271
138.63918886791598,37.751768375940294,
138.697017657792,37.8321463050102,
138.43771671714597,38.1316227257064,119088448.99898407
138.47278791634199,37.8008415104694,
138.294248455407,37.8809926532202,8868648.178028883
138.360446631594,37.96344355797179,86408667.51400024
138.330680458509,37.1279158800957,162177561.49265397
138.211635624183,37.145816060232,169161308.8660697
138.22179599471102,37.398863990241594,
138.28214536583698,37.6168309713636,
137.70106017350102,36.706307893110896,353388945.4434403
141.14188612649397,37.80844567797659,
141.146879250465,37.6843806123906,
141.257792114736,37.4277003066549,
141.09041577404398,37.081996147861496,
141.88948410255298,39.715149527522705,141523375.83217406
140.699287104156,41.6452588682856,336535902.4270793
140.39334575801698,41.74422358682399,311474603.1066926
140.64426906317698,41.819038301937596,173776640.13476342
140.477659099173,41.910734015782495,326300714.3863393
140.59238142912602,41.9246772899823,283356657.12045616
140.62137305634,41.4464185863024,
140.43318658353598,41.4943232263593,
139.20698543924698,40.1033082434358,
139.67861367837298,40.8559972660059,
141.82933609128898,34.847504851005,
145.988219574681,30.177614459747698,
147.096737995086,35.544152059983595,
143.089353143649,40.59966190643879,
135.096792179679,35.043449244939296,169535588.37849486
135.224090961861,35.1836172410712,180196102.5672986
135.214582916094,35.005454681442295,120717577.20655333
135.27807257316,35.0784454799658,162876268.60781375
135.277019638464,35.259667897244995,156693250.45565754
135.594029347656,34.688796464430894,99221164.76386173
135.525999221349,34.6052952483876,87603750.35581063
136.67109185063399,34.2749458799616,41068115.17163371
136.607026814445,34.3342741205442,108948062.75016756
136.007522847504,34.166931149848196,146564940.49813476
136.077319833774,34.3188183142794,195857226.06308812
136.199141707035,34.1461740857622,165531248.10554847
136.190737614195,34.290564401286595,384635650.3990259
135.97425186826797,33.80951909429489,42922854.74685177
135.958532597019,33.90847299658169,89748138.68345985
135.944577722646,35.4471050793189,132770190.75161766
136.008771312645,35.530865359786496,118008990.96187367
136.00954363540498,35.6543711423064,250584140.19748
135.970866250197,35.7685077111747,180963080.71584186
135.55475086256402,34.7611045259016,144609154.95977437
135.839357849019,35.2281248401995,118803835.35515839
135.735658746633,34.8673499123004,46639728.974665254
136.174112613528,35.3327238165891,138833791.67608514
135.83980408439098,34.8527157325314,101345993.77184917
135.928122121704,34.848481451001895,160239845.31186697
135.80922199290598,34.9212659451579,46718761.11231562
135.925798734066,35.0506165438044,161009703.95294398
135.98713252007403,34.9613877295782,158196135.54645193
135.645487997943,34.5430064002287,77531942.85920858
135.562276893219,34.5390358683216,103442240.07841711
135.551652832398,34.4736279194373,50323067.58163358
135.673936039521,34.465429993978496,71504103.4231242
135.62592270800099,34.4272961224137,39985873.2772523
135.777003065121,33.4897799827371,4325416.601526274
135.75553824181802,33.543515938604095,65779105.65321009
135.441448490601,33.992589743399094,111796135.06270182
135.43245588328497,33.915597950015105,91444105.18966669
135.353568199509,34.0426029235809,87198823.35007402
135.27156864028498,33.9853933571097,158792073.30618796
135.414142814775,33.793145939440805,67251918.68721378
135.537224961996,33.821247301356905,73944219.43376261
135.473629028892,33.8568754015239,103272330.8230224
135.699774625404,33.5347568925963,74362568.77937326
135.721239448707,33.4810209367293,3254158.632877322
135.10020333519603,33.434768327786095,
135.295141872726,29.058918998481897,
135.826781366793,29.128852998049197,
135.300490657794,34.3262510755956,108121722.85035808
135.444404801607,34.411759026612,157758050.77083388
135.403282147617,34.3213775836602,128997816.0501717
135.238605593586,34.4698533006036,284551082.72118
134.812415833491,34.3890329851101,108831743.27251635
134.917081592535,34.7503966287984,112744312.33762662
134.87166544127098,34.64654131136879,185191958.5175676
134.347612711785,33.5332170219321,
133.498800424836,33.9902359698,144785106.5217512
134.26355321857497,33.467447551870194,74647624.34391235
134.30466745673996,33.6418991746299,113276411.04961292
137.14125346977,34.680788329657794,187791995.4048125
137.231478676347,34.739674667101795,155941501.90104944
137.238844912983,34.8300274542528,147518035.8006125
136.801985393304,34.589455554182095,226210332.00982404
136.669603976103,34.4025772962102,87952025.70197631
136.872062838192,34.6727972745099,135818339.7311245
136.910094447984,34.579659413227496,147814711.18719423
136.982400103362,34.627604849871,100498335.75759926
137.02814538504302,34.7112488366358,156035242.75426155
136.583493048057,35.1243467580456,143076642.6477754
136.610319731787,35.3313827970378,137117034.4114847
137.179431101625,35.222607444660895,146448876.95412874
136.223305593738,36.289771406592,44809390.84301599
136.10998524024,36.194873282353505,29089901.222408388
134.823555326097,35.075896245248096,182829254.51195994
134.881486959021,35.0003857627182,145948359.05761105
134.833555249338,34.8991218464559,162981246.65089253
135.133370174847,35.65887851519069,161813895.8329197
135.232517119161,35.3883606623481,215140205.60689044
135.26061832542598,35.59126405931249,165576606.93911433
135.31644079928697,35.4516469824165,162200397.2982147
144.84857882682,43.01997547054349,76346462.3035188
144.93243062413498,43.0985072032515,148117808.76483062
144.848205754131,43.223835230195405,252042822.10903847
145.10525363343902,43.1691410101644,202753282.76566514
145.100367498768,43.2732798312408,204589114.8331268
145.288491351168,43.1614668646557,212693759.0331817
140.621725281114,43.1396870245242,321182381.95308113
140.75191762391097,42.91010800338899,303665746.0227853
140.89436895402,43.0351408315224,254343035.98621887
140.71820313569697,42.66252771156089,137287024.49453455
140.756772168408,42.764687352908396,254626475.8605463
140.81661900645898,42.5809407960684,55048975.135591745
140.913902073846,42.7197446432955,234510710.33468744
140.919052802055,42.6197691395124,107574842.14793184
140.41139660941798,42.93854256764819,141289459.32983223
140.44617529453498,42.853847556329704,311478582.07603896
140.60401565892,43.0372532769234,106298858.92071463
140.638794344037,42.9525582656049,247024050.3715715
142.23642631486197,42.5833335004407,298298220.64471555
142.13266206899098,42.7098241784412,
142.24656705401998,42.876219546573594,342059406.37225354
142.39577091880798,42.8618416168437,193099913.93341124
142.393755063747,42.7197714072855,260294561.6703381
141.98873534310297,42.7105582843566,
141.82797154775702,42.617820116100894,361569302.6466247
141.878895884814,42.8778660782373,377522581.1030187
141.44279977545298,42.6552395211195,223029785.22962257
141.267049278927,42.6593544065898,316075018.97427684
138.737944531362,37.168578432100496,263268976.3258885
138.280280519007,36.773745038055296,220187860.80174464
138.27865429831198,36.9042405591981,238829835.20805812
138.364874732073,36.9847926001884,318531195.60132945
138.8961193323,36.411610615452595,262197632.7956033
139.25857749619198,35.8926059417772,146566105.93620986
139.345665869817,36.0131287952865,144024705.35439745
139.35259773322798,35.906423132253295,160224019.91486907
138.969028337337,36.2927203773321,155143224.05071008
138.482226715701,35.999639855982,151045475.58248565
138.568475159994,36.0980745305301,231696579.1222734
142.679724837243,43.92702909610949,314145010.84612364
142.512368417892,44.05836935976959,188819921.42139012
142.486171197876,43.00776362684999,176144954.5480649
142.248818112225,44.0161119575991,190299949.37574026
142.390812038079,43.983324230699694,406382393.25742894
142.038411365004,43.82004250750499,326522636.4155969
142.159297318533,43.8695212448031,116684104.11383398
143.21258583248098,42.244500780768,265076358.33382708
143.154434274885,42.1392649440708,281584764.7678663
143.78221109759102,42.5854565734455,
144.141176717439,42.68620439532239,
144.339520517742,42.709336912172695,
143.418329349405,41.5346448731247,
142.79489351922302,41.1924086974983,
142.27350075371402,40.764192588725095,
143.02767816843,42.1410474881319,227516972.9784259
142.391087903823,41.5904583138891,
142.12758624995698,40.9419891862872,
142.60866706706398,41.4754901368566,
144.29055791449198,43.8421641131232,364684219.3902772
144.129192975933,43.96605680794799,251994989.68703562
144.21702649503598,43.94103147739799,29739139.105546456
144.705471042363,43.111413963113094,223021985.27802622
144.723862316385,43.253438750213995,311105931.65600485
144.442786973397,43.3449332618478,296470371.54016405
144.574111399641,43.4492537670873,269103523.28128034
144.682539909039,43.4161997398206,134497274.34898332
143.282830420653,43.8605016498528,233939772.34884372
143.18141885949,44.0210252442213,275519958.4299314
143.03787281553,43.9429643314266,431011160.6754636
142.867059701883,43.5795559902285,238204749.46212026
142.74410622846,43.7711975661543,247797939.954236
142.603940096475,43.710618281688596,421532672.59044266
143.335096983474,43.2915725354541,189385741.00404233
143.362514864745,43.451076193493094,648690707.8075681
142.997926137264,43.4860865611062,
143.07461264117998,43.667834648479804,
143.233951515699,43.6474732931523,
143.354943865254,42.3287094463926,100185038.44084401
143.45864637396602,42.448265203287896,
143.295208989339,43.0621100406651,330741028.4218611
143.525431674768,43.1430159532647,118950564.25613748
143.425815074091,43.1789686566348,283421394.2104934
133.84855957209,33.92621243879339,138766576.1862531
133.614335666823,34.6424142437835,293300007.48394305
133.94057661613198,33.9866347869543,147373864.5169639
134.840620832709,35.1859562448141,172161151.01636887
134.712507498657,35.2501360958538,169390259.2265137
135.00449397375598,35.549872660533,170862702.3311503
135.10484987049597,35.5479469794537,229814740.23357478
135.148174340949,35.4170462035071,143537798.03664675
133.61179595081998,35.423221533579,215065932.39077732
133.589709176385,35.752721309639405,
133.464850653486,35.757298965828,
133.367956893831,35.1643076315586,193167384.8961696
133.506101824623,34.9874066320944,336303307.53299123
133.547920082379,35.2625247658629,175145164.74825433
133.453101211881,35.166003169987796,260579002.61704957
133.37246025345,34.533692511044094,170933507.73539203
133.41103896519297,35.425593098065505,106660668.87078443
133.310654531307,35.4982521804306,174132947.56392908
133.34884388199,35.3114839761189,150262723.98077494
133.02620951532,35.4928900197003,112367688.45714182
132.94781908181398,35.4082953573459,131055079.49814409
132.972293654112,35.3095395085851,147846359.4481589
132.625978785729,34.3356091220307,149866558.6540599
132.20531651283,34.6899570066984,131386354.43818684
132.145793382405,34.50216318895829,264888647.52524695
132.117399842043,34.6380169355583,266594131.11396047
132.254536493673,34.4441639817924,141777210.4155652
132.43526031948298,34.07662089244379,232282724.31792304
132.58641829884,34.1946537786414,196456312.77296612
132.507621092682,34.2200798604456,148267075.9038656
132.44582885585697,33.8602000640244,
132.554362284762,33.7977609038982,
132.942446535789,34.7024383894353,191607443.1651257
132.785576371041,34.2397688230191,131092314.27952813
132.86939632820702,33.6661172055846,153537271.74679917
132.712030976316,33.6006707912139,158731968.1422159
132.873064011402,33.530975393117394,134744945.62256163
132.79158241704297,33.49015962676889,261903844.9614825
131.35741074522,32.9922867130395,112155457.58294354
131.53971130667398,32.9093678594208,121084396.17733572
131.457986503305,32.984897484369604,162712594.6001403
132.14229368240998,34.2137738674413,165241224.78981122
132.237979942827,34.316092648873195,136038290.06075582
132.33110660922898,34.117266408152396,389515375.75892866
132.32493528975598,34.27962152701679,205635596.8720649
132.23993378742298,33.7382454200418,514095701.55468386
132.135863352174,33.5576084065497,
131.930526771219,34.4198455995405,196942499.66289455
132.040629119883,34.3967232013449,350037005.22792006
132.053685970734,34.2364052127471,264863858.25198773
131.837792308926,34.294594740879,230190907.59180993
132.619017308613,35.1427537478292,186537129.38426423
132.73914020845498,34.892550889284,145776323.70777124
132.81144449397001,34.9520336844096,201687346.89323354
132.750794866206,35.184006683789704,271526751.6841692
132.828482016714,35.1180578016708,252412101.27090827
132.54765394566297,34.8059251633896,232080032.24665192
132.43682756607598,35.033333766255,141745437.95222262
132.36017283564897,34.880330552773195,187559703.68626672
132.548462988084,35.029291424529596,358687618.42432195
132.60773638681798,34.9195663404687,194832356.08208224
132.95095627806302,33.633821030191804,121454862.76243423
132.954623961258,33.49867921772459,99161513.21612409
132.966670153185,33.4129905124521,90103844.75902009
133.35853091318998,33.4705968445761,95850976.14333318
133.45763783483997,33.4908444052842,106653122.45817417
133.237637230434,33.372933070930195,9200038.072109036
133.22459800448698,33.3077723286561,4645184.411776178
133.29580263331198,33.3998617524594,96663984.57667422
133.28276340736497,33.3347010101853,49202619.5970009
132.924328014489,32.937300537206994,103234559.7244608
132.90645342546,32.79249455225369,92582626.54393868
132.861475970322,32.86093079161199,165509666.92291617
133.18631346998998,33.2684204212404,35552888.93904057
132.76317777112502,32.979661644006,81574913.41853549
132.845533434735,33.108581479399795,87266066.63583559
132.85845605901,33.03839641794119,73714398.4428875
132.73619561627697,33.10597331657549,103315970.63656397
132.697243705191,33.0246634380432,156509678.72341117
132.522090662247,32.9107022059728,87757855.05445935
132.584434447245,32.873448031096196,134408685.74854076
132.610500540375,32.992594593914994,91623182.3453796
132.51819807487797,33.057012935769905,73798865.90931208
132.56648232930297,33.0758853720042,91822639.59446469
132.644841792573,33.23343397790129,160651495.74055067
132.57820467695097,33.190948977826196,83622557.90075807
132.664763426877,33.3503145840051,106292793.57351504
132.605108326317,33.418740811698,122957884.06517066
132.532427271816,33.3979457774094,113791360.88171557
132.52544525675398,33.2870345496414,103301058.45362839
131.01257773197,31.8578662164345,93684912.56370291
130.96062238802398,31.960323935304597,141432131.2836076
130.93175190536098,31.741986668214896,162876652.885456
131.615156831367,32.393526530379305,29447830.12299403
131.673087944343,32.5227750279036,61181372.55585361
131.56885318552798,32.436331026168304,97128648.75734757
131.420130489285,32.710321104087,301884861.44813055
131.52065753890798,32.766112404732304,311444603.11852884
131.62575174510297,32.7011590827141,271966691.783734
131.626784298504,32.5655795236926,209226268.31679353
131.47749701539198,32.005303106271,35672826.65587536
131.462108431071,31.9557490551717,20274870.793541286
131.07028925357397,32.164549240731596,317972314.97127414
130.79160361492498,31.509793590511496,165444309.24509117
130.822193862261,30.4340437772514,181152622.3085568
130.762142198028,30.6698629909716,
130.685650171329,30.3358822600515,197357613.5196692
130.582213422705,30.624830629658096,
130.52604848976,30.334908940726496,172041934.9433243
129.81803971438498,33.1751938881594,186530742.73017752
129.81382025970598,33.30940900163909,329321901.65343064
129.91791687566996,33.0683602122621,131593153.00416927
130.308321411312,33.3824878590225,243742638.13704312
130.379704705602,33.2362395053205,233852419.45715624
130.408086447144,33.5066270575278,251190604.1970142
130.317716108415,33.5185471080702,191841468.2419796
130.140354789654,33.2184538637292,171733764.9049868
130.19838675920997,33.078029085278104,367580591.4898505
129.99498174507897,33.076722228310196,174711928.29258195
130.030822360659,33.19218283709459,155734588.43188637
129.96656481372298,32.525377381975495,333357948.96028435
130.23829834765198,31.5246870436839,298838823.1479277
130.23045977825402,32.0997065379837,168746375.78231674
130.475388606255,32.1484818079689,280434808.8660124
130.452999288744,32.01838899088499,218511498.5756934
130.535081156403,31.474593979157998,132893802.44588986
130.61272378803,31.472055264388196,85780299.6547428
130.931312982591,31.3057317300717,211534360.31324822
130.801949120271,31.3849300934433,176591989.6464648
130.85983523774698,31.0309883161608,
130.98131464525798,31.081759469537698,
130.53177429712198,33.027025010529,117084824.24209133
130.67744521190698,33.1295698060239,195573640.8244339
130.631698553697,32.9419486210188,177712306.00254935
130.69865697718498,32.9678773745508,107040081.54586112
130.34439395036398,32.917058832246596,154012419.22749096
130.39894633458,32.813079070262695,89315148.23023355
130.436515447293,32.9379931416063,240356407.79818377
130.832588216055,33.0626259197487,128615787.96525393
130.864804504104,32.8996357430631,168717385.17437232
130.782279114135,32.946479035932,107494057.73017244
130.56058998193203,31.704581711418,177784260.12786654
130.573176079863,31.613977647063898,72853609.03548734
130.511369267829,31.573872195010196,153433422.77949715
130.412279174496,31.539885721330798,113423136.47809485
130.425994499493,31.7901402677067,56571200.75137907
130.489852413063,31.7994861840216,182927573.42690134
130.37216297318398,31.7263262954088,107891883.9475504
130.349516891352,31.611081673690197,254911206.1915512
130.73493029282398,31.5652987121109,62992733.56031005
130.65286414692596,31.586227008071997,23891328.58144485
130.668699966519,31.543582841248497,33950700.015704304
130.63929703044,31.9091715113919,196391805.9919206
130.854334611198,31.923820586337897,206690250.33274627
130.844480313393,31.7803872474396,280489020.5097839
130.706966489484,32.0473619556321,370081214.0164275
130.796230175556,32.0441011734096,169473218.55966702
131.947873669689,33.1779353836491,548597985.5817249
131.193417832818,33.2572963374267,175797163.12895995
131.18231769627602,33.025870695638694,142687837.48377973
131.02046224677298,33.858259143135896,159150496.67462757
130.986164830191,33.957966657387296,139441680.9288302
130.924088578437,33.7315850764761,181348196.7118154
130.782122529795,33.8872056335307,189808336.101406
130.636517198451,33.7986024843984,260293317.76652884
130.865014369782,33.86630409122729,183265807.13900626
130.835104384413,33.7476182999934,165961475.59608266
131.235492968217,32.84300261094269,294537583.1330816
131.173238544282,32.7535521978786,133431410.0963553
131.157437247903,32.931599670683994,117254633.65421543
131.060825310063,32.8855103377449,69368942.45585828
131.062784804094,32.815516647813894,78041761.09744449
140.36100737217896,35.8268124244536,78790701.49081771
140.376121600605,35.7174715809648,92038732.03149699
140.48666952470697,35.737419298326905,188286503.30204248
140.08719581607298,35.077836993153895,84487042.94673243
140.12985626293502,34.494075560801996,
139.931738640012,34.6686325186938,
139.87252887158098,34.041081603394794,
140.114221369914,35.438144340149094,124395630.0823733
140.180157352323,35.38501625915519,117955755.93757893
140.14449173257498,35.1879417149139,184415523.56233215
140.20111757609098,35.2467765695067,82024725.48104633
139.532315646306,34.002938767393196,55617566.80390605
139.559965960998,34.0089323069793,24772984.2892571
139.49598498640202,34.0819124272374,17987981.130677942
139.523635301094,34.0879059668235,12315234.23865559
137.66657710215298,34.7053527723012,28596531.93236637
137.71117970144698,34.71812490995969,33908125.95200393
138.342136282812,35.1944464777059,146498262.02787513
137.95149957038998,34.870720869170995,22578725.107432194
137.97506942983497,34.8320240519064,39146915.55988494
138.03598863397198,35.3949098640291,311313181.2881506
138.281171756541,35.2673113264923,147936459.5984968
138.89326705089,35.439809561610296,191757282.23641393
139.351009228761,35.3374892416656,77433300.29026961
139.303183641798,35.3894705783454,66496246.85290607
139.419385103823,35.4096517936887,98723954.92094909
139.37155951686,35.4616331303685,75141765.95816544
139.249456501716,35.4018128926572,89349765.19959427
138.216495514812,36.5213263604475,228300761.71779728
137.73302571995998,35.190973276060795,239926008.8375603
137.809696978734,35.2702491830106,204584286.36816204
138.39335840342102,35.960254283266494,140638016.11320856
138.31678901779202,36.0006603809193,263009244.59943458
138.166350796452,35.57450349253679,
138.14956917478202,36.141535912623894,143071845.95455205
138.206168747592,36.369112343371505,250833030.26819268
136.71243106629902,36.8235202970316,83116362.72999921
136.82871995291399,37.459458226212,
136.256792464716,36.916171808287196,
136.00001427177,36.384251249662796,
136.40521652082597,36.5982642655542,
136.53580856031599,36.692485551816596,
136.62279922038002,36.78212850729119,
136.700135425986,36.93659744085299,
137.060718807375,37.5725021710203,
136.937489634858,37.5590706519732,289431829.3135196
136.927456188303,37.403046331632304,13863760.44811939
137.284884335247,37.223595194874,
137.13380317820702,37.3913451252033,152410468.73576358
137.042485064265,37.2837322912296,182449062.53640282
137.039982257904,37.1128326948984,170351734.29377136
136.91804793922196,37.0107594019152,243016688.0973747
136.837916499834,36.9088770571686,236712539.3156079
136.58499382129799,36.5199297064602,131242411.46426542
136.49800316123398,36.4302867509856,172225103.91633737
139.594685941986,35.5452347700351,107422525.47779325
139.52618866906502,35.531238292156196,122327165.89793034
139.6023840321,35.469504734129394,82605307.8496845
139.47133297851602,35.418911043671095,53976439.27798737
139.536991145376,35.334147889167596,109632043.02053231
139.599544926039,35.370745101747,113459700.51829304
139.703572642227,35.433652785682796,122280956.3140196
139.764000248862,35.2373113427907,140310859.48157078
139.70073353616598,35.3348931533004,139811095.2557734
140.201720842425,35.708175913624494,248365848.91161406
140.11271092097402,35.6880959321568,205936339.06868473
140.058780707868,35.768861898419104,88418834.30499856
140.040326693454,35.8632142879032,107044896.69827297
140.232410813121,36.4234673909898,287956487.4489334
140.272127891016,36.552553592078695,148753399.161729
140.378215244553,36.6194833557663,219280600.9693753
140.484342870729,36.582607116759,264608786.4089813
138.99060390956402,37.7266755668055,86720259.46118526
138.939398317302,37.6725720150351,141444373.6813398
138.41931531747002,37.2278603629812,183305877.85285032
138.36061985427,37.463727524239495,
137.800981730346,36.58479414470099,140323012.48921517
137.881985302512,36.5517886029186,120128954.59791628
137.892144419832,36.4237693357923,89292970.2823636
137.94218171560198,37.048572952182,116704354.11656137
138.05044691799898,36.9886559324832,403452639.17293185
137.759244551148,36.949767497048995,168370354.06287533
137.75873984829,36.8368770045606,405149427.0663463
141.12690675791399,37.90735163072549,
140.73521712412796,37.041012684951,176502130.41667536
140.74785276377096,36.9134310393915,126109953.3889547
140.64188953115396,37.0646262943539,178822965.31739274
140.56909392477598,36.917952760840805,269744067.7041476
140.79493530504598,37.1997763673283,183338663.9767428
140.80600063840197,37.093704092283296,94220778.1328143
140.88910952001598,37.2267283798575,196513062.0646558
140.898696644541,36.690001699893294,
140.81715806921397,36.53546804180459,
140.81863627804498,36.966122446723794,34074569.71151068
140.756172505047,36.408106758873295,
140.595619695267,36.6601787861496,204036542.71406484
140.621723594616,36.7910635013691,241439827.1287921
140.707154840637,36.8101553893227,51434317.16208184
140.476808104281,36.8944456014585,182145896.60542345
140.72783546236798,37.403828275763395,164101347.87350166
140.71480866184498,37.2780206727819,105492260.7598689
140.63254640222698,37.1955620071398,133324354.29022318
140.39911498103697,37.3353498366255,155529467.01655874
140.54421191989198,37.204718392743,188712323.92964122
140.511679340142,37.3232321958441,235946712.52007565
141.555613449624,40.3931528460768,246170004.3810534
141.64413040037698,40.3220839393449,151398804.5469505
141.237654372045,41.3864037707175,237421440.4487818
140.54484441663598,40.8824643023709,261437129.13024044
140.512027378668,41.04204991088069,212258434.00853667
140.128579570617,41.61864466730519,410236281.3635155
139.644702473166,41.864366727641695,
139.853041733823,41.778549317574296,
139.790997225561,41.364034461872095,
139.97926167723298,40.920787398678,
140.064035279025,40.623751738881296,264670962.9590583
140.373094943301,37.472058559386,157835568.70987654
140.28697676264701,37.5290801179932,211104196.24909213
140.562998577705,38.0562157248273,219133541.3049063
140.28445441824002,37.6530919322382,94048594.7184044
141.682251611208,38.8223776503057,
141.58255133223298,39.8013719020896,380942687.1925575
141.69962679684897,39.801424664146204,244712434.95055822
141.79221666027,39.6685796969715,333920426.42357755
141.84268538955902,39.538252687642505,142410407.50778535
141.503878236996,39.6908532130638,254551961.1571883
141.531291085437,39.520354693620895,336315430.5642957
141.33374977487702,39.77588597060429,287029921.1972213
141.24026538091803,39.69174529551329,309928658.8690109
141.086403468648,39.7123181000271,248148608.66094995
141.04967661836702,39.5492570710941,290632081.7214567
135.045336432435,35.141135288357994,152067110.73576224
135.109145557551,35.2083124859664,139036920.9395967
135.077731455942,35.31304868329919,112148171.08769923
134.924216712285,35.210999358252295,170331299.33036634
134.910784045686,35.365949495688895,291519351.9461275
135.000489664227,35.4008216231274,187109421.4121322
136.534124092113,34.3755084556983,109917395.73000877
136.597843506201,35.019656230478695,147887031.08098
136.730450440848,34.73891230367909,454877618.0272128
136.331347988418,35.0981353397829,409385681.081024
136.05329282338198,34.046950121151,200297778.85855564
136.157570141274,33.9707154983757,24352485.79931307
136.131493902492,34.054446970057796,102608821.92271994
135.40560118569,35.0692120390689,204791449.73852122
135.450286370058,34.9606268263428,257032760.14309335
135.45307031496898,34.7432436874974,108211374.01211022
135.446526966036,34.6396910168001,114446738.65610941
135.39508725718798,34.5492153019431,179686514.6603321
135.29207953898998,34.6024360839993,333060174.88357955
135.845247013377,35.4538663684557,141485982.35495567
135.800973754479,35.344624052113204,209330116.4585789
135.87076321816798,35.6517632177916,
135.71386952243998,35.134808883061794,108723605.06466345
135.792727359201,35.1287620438062,75051702.72789943
135.836508860613,35.039755270707,112454255.15266682
135.803707587735,34.978295489299796,68185933.88189515
135.34956414662096,33.8584735143633,57885367.50238172
135.27655719471298,33.87825574127609,182451626.69514564
135.34645326773997,33.7877851509066,40255937.756105416
135.20358062976598,33.8415659292909,50555584.98957304
135.416433082392,33.724069824409796,75482455.50110884
135.348743535357,33.7187090358756,33809709.175412804
135.27887784929098,33.752707587347096,44751391.1682492
135.01326713635203,33.4859133781029,
134.69223564937798,33.5427999985386,
134.770941148041,34.2991588307577,82743697.88179922
134.881191151938,34.278205285321796,176641403.46149358
134.97658711472099,34.170090273237605,438903082.83688605
134.843873384088,34.023031184617196,
134.936757458085,34.576578726327,101840305.87465437
134.97702803062498,34.395987983207405,270921581.7907064
134.90870081736298,34.4699328823113,127954442.1824782
135.08982199343401,34.3882202903877,251938321.86257982
135.125256532959,34.526714824215894,298669196.0323511
135.05102757993,34.686183694734,186651710.4770579
134.982173609349,34.6804340437566,54989203.201148726
134.678782914786,34.2398456856654,74775497.12580892
134.82987181438497,33.7124567455005,
134.794776280956,33.8156115096591,
135.040819917465,33.7546208796654,
133.873169987469,33.4685376708474,116034830.95213978
133.547006050458,33.489780730329,63813659.68702464
133.706298882915,33.4358638385574,
133.789456656306,33.5641180921827,137104857.84759685
133.405375354944,33.686087291043,121436644.44750226
133.37837595515398,33.8288874705969,144646024.01056963
133.43690140868998,33.9070051410486,129764661.82472047
133.608985058604,33.9777386056614,96175284.07361989
133.721224966824,34.0114280393811,148437157.7645654
133.763081650737,33.9454811863926,114731554.85025807
134.449748970471,33.7184831094705,106771499.18480842
134.52275356261498,33.7706932366023,41357475.07403963
137.391336752274,34.7735596299333,92561308.86810538
137.343836402784,34.853339840781004,80187561.73357917
136.75825664328298,34.304445672354,74065665.59186006
136.727464209501,34.3832918149512,93607750.22039352
136.810898225265,34.3606990794507,38811106.408452086
136.78010579148298,34.4395452220479,63662714.67146279
137.10909398937298,35.1651325430592,117340352.35377006
136.781599745406,35.0716296569496,164004970.51108208
136.84040591753399,34.9005543745221,27190775.85814015
136.508129845131,35.400292836678005,43666617.96819574
136.30992491427298,35.3463078263856,165303179.1367985
136.394301382449,35.468532996312895,291939779.3531456
136.487806937625,35.4884319135555,93206997.36283188
136.389587090592,35.241120072879596,317277627.06030804
136.508852239551,35.22727632006,136260990.50295117
136.524179446677,35.316249977471095,60233942.43029618
136.75696057623603,35.17710029783069,103503895.90225582
136.67850589582198,35.189698696531494,211723794.78313586
136.690005372426,35.3077610781126,124951981.82392634
136.792188433098,35.4071400068925,126558943.70427647
136.132511180754,35.86258336200209,122091945.49268523
136.12202783586002,36.0996539342406,169795697.51715145
136.198685915952,36.1116147200424,133640900.31159183
136.060963419579,36.0042741518394,153844020.18332258
136.06330802176197,35.9133191482494,113636316.62865777
145.183572230796,43.38587015474909,183872871.72180316
145.098409961208,43.5847133881038,113458246.60941625
145.092919013691,43.4916239133156,178689899.19093037
145.16478045682797,43.74129272860379,
145.38799013696098,43.6429793715894,
145.55301245641198,43.4126424462522,
140.88679471485298,43.152335762190596,104673919.44028321
140.74219486961698,43.19057553216449,169445674.17808348
141.07326443934897,43.33289565739529,
140.928664594113,43.3711354273692,
140.949280412325,42.0795160758885,
140.94492337140602,41.8683291923556,350248473.0270345
140.74219447298998,41.9443787649711,72336781.71133673
140.813486246433,41.8656881818164,204541873.08491716
141.180787362648,42.26388635634989,
141.041109991782,42.205363550549094,
141.158381976744,42.5418186310095,320055935.57023716
141.004169146236,42.5445289866135,201835607.2692877
140.95999057120198,42.446651619329096,125686786.04640482
140.83351352683798,42.5234836986861,49619767.50123964
140.8917687474,42.4644346748457,35586012.98335972
141.552501214212,43.372258095091205,252442401.86452454
141.458696188986,43.506722909598295,210249933.91480917
141.485092635744,43.6564849145667,328977627.50609016
141.65283012031801,43.695318090527394,515088991.13185674
141.51477122425499,42.7667719970898,189837100.05573043
141.709851837576,42.86142070993859,236324193.79503107
141.667052384616,42.7521905843769,280893248.66849667
141.23502869130598,43.34323472405189,
141.368435265981,43.4188360264989,129047466.81590252
141.46224029120697,43.28437121199179,234178334.07946005
141.243335690523,42.799866235334996,355332936.74826765
141.068769508887,42.828096509691896,449820991.30963796
141.05409093355797,42.9980720474382,514180545.8029733
141.410805935157,42.8720441498217,212176954.83099946
138.922200407265,37.3625640785958,168401824.83838412
139.029345714996,37.43889853572001,90220519.48780242
138.97858388835297,37.5694918674141,110645263.44166659
139.042300959342,37.5530284579197,86535667.39950714
138.74495666341198,37.4448554952978,64817309.252767876
138.741798339276,37.563579636362995,60321754.052535556
138.81290488124398,37.5815461255344,116063798.70581879
138.88539926108098,37.514951143365295,118975407.10432963
138.841971024339,37.4221532767467,199337377.03792116
138.927922671648,36.9952500223416,275644665.3299045
138.90077223363,37.2620133573402,170677587.95004302
138.83764213393798,37.153220730357596,195876981.72889704
139.11237005506499,37.335541459461304,319162762.7302085
139.227057815142,37.3298512778697,317484712.77696806
139.05313262939998,37.2107854399776,241181590.43751472
139.06666401612597,37.049963128817105,502796768.7155094
139.16371520336997,36.9178619919186,322476768.9482806
138.55304789954099,37.12906432057349,102899751.69252796
138.677530763343,37.0911931823994,156874753.52129322
138.959890141248,36.5050102075593,159686947.28065017
139.100262469278,36.711763919787,243699234.55809984
138.72086846913902,35.8800620909544,365841607.0540682
138.72348642398399,36.0311772729249,414857594.66489834
139.27579120464898,36.127179699055496,108573452.41099934
139.182957455619,36.1650824024061,249932180.71242782
139.29614292594,36.2664633262998,124906864.06225638
139.098760486158,36.295606426365,158864389.50603053
139.095459169656,36.397125769082095,196108573.7603451
142.475685976503,43.74115380416429,167253391.49767515
142.393715041083,43.8410214747318,244559955.78584385
142.24526174123102,43.780111810307396,196991636.16697133
142.345664663268,43.61222392110869,219277528.86271608
142.22895358220998,43.6575527564385,256528091.62132177
142.340911015347,43.478151154059596,308968974.1196226
142.440539434842,43.1562924881451,270814137.0881939
142.279744142646,43.0792082560059,
141.887878256487,43.0508389508868,461111453.8121195
141.743701942227,43.1465368001448,265974551.94895354
142.10941470062698,43.168497925146,
142.14374864022298,43.36441344830099,503059691.1691952
141.893006676927,39.81413593655849,94666966.88795704
141.880554062313,39.901126145334295,90818468.7318616
142.343846888397,40.532961550808096,
142.33139427378302,40.61995175958389,
141.73755372377698,39.9805166968185,182557103.78662065
141.826741334124,39.989144253643204,180069797.96033305
141.817739717709,40.1401161396114,104652101.07800597
141.669450181479,40.231508440800596,234369543.89506316
141.631231263753,40.1211261697983,316465769.6491819
144.340671252657,43.7186249376096,212708224.94940627
144.52278224973597,43.5529516435959,134614801.3983656
144.54191393637598,43.6245841746264,149599236.05762076
144.30966285713998,43.517257962321004,184860979.98093617
144.19842290891398,43.623986605056004,606830055.1670296
143.480159829072,44.040684851397295,311437188.04565376
143.401972348602,43.870902265020604,243914588.06693178
144.53473799737498,43.02743871981059,236493586.16406244
144.589974013221,43.142009729230494,235007793.1369614
144.458615087094,43.2254559181104,160136245.60259792
142.62571951498197,43.5517101707556,262706738.68347275
142.492711747089,43.448172926182195,245303792.20589557
142.520894005248,43.306650251865,265016602.42655686
142.659007535847,43.2497437520841,292162115.3444763
142.785520969905,43.3058633502297,290220720.94305223
142.78041520719898,43.466307094583996,361085434.6026248
143.039502892506,43.2860787885504,187686342.07113957
142.913742219831,43.219104473318396,161744946.56452647
143.151400514958,43.109673590834404,323598115.7176609
143.156894325522,43.2521961358212,195298330.03156123
142.904261068041,42.455610394362,
142.74265320710998,42.21440971517549,156886890.9023318
142.89816265461,42.2314979388489,195162610.54072446
142.562849682594,42.355504275975,304927461.37553084
142.55111912910002,42.569785291397096,
142.73702106704698,42.6528031861107,
143.06152864304397,42.8095412794005,194634453.659557
143.01602001436197,42.5962743558924,
143.55646662762902,42.979989524538,227843188.19066787
143.727168102441,42.7874393271501,142053293.39612752
144.22900239732598,42.94015451477069,46788783.911227204
144.129736781547,42.945618285339,94947383.44058426
144.418833582309,43.025105160523196,54656675.17504687
144.383202312459,43.1149871060964,181864512.20768258
144.162642317331,43.259799832042205,308825627.4029694
144.25989179474402,43.1053932599103,254503430.7846612
144.196257448815,43.020975084905395,151424153.67150244
133.975257950985,35.3714101722333,250486722.88840732
133.618832623749,34.990605529172704,282081382.8232664
133.64638692471,35.148344764004996,196102622.91635093
133.675191220659,34.5003308862069,231880173.89812022
134.769661969305,34.7113294469073,239189789.98357195
134.73844157498996,34.8751015807227,145554735.80199763
134.65750984897198,34.9775885616663,170550206.4268054
134.635000836765,35.176662071991004,176152539.95394957
134.694691890396,35.0771193099294,165531488.6698003
134.03568202463998,34.5013074192105,135248209.78111896
133.93649706412796,34.081727311417495,107936482.71817175
134.001639165933,33.9325656650739,107978186.10008216
134.76598317055502,35.542493608512004,188186797.08515918
134.81301965976903,35.4404027226216,192688986.44049832
134.649397416963,35.5028526573369,124192365.50225635
134.61967734593398,35.390244533942095,113744985.719356
134.698338992316,35.349632436224695,184389183.60684335
132.992616744933,35.0545856518539,220569676.5662831
133.261686671916,35.0302923827571,261562678.70492262
133.013145578511,34.8056873445072,361056018.2900265
132.944672409846,34.9265951385186,270695924.18127495
133.06874892762,35.3098619576703,199731109.02700037
133.089271891785,35.146403325834896,323039265.6070546
133.193631034827,35.1360581507892,269323469.9200348
133.26652428810598,35.2998708452148,181220895.0267726
133.209648766227,35.43284428654079,220935735.81050217
133.116232548783,35.4324902239506,136367875.0179753
132.344132669826,34.5004288040808,163707004.62079597
132.32330622934498,34.61036808238679,151732709.239713
132.38613781889097,34.716099139223694,328570168.382184
132.47376439535697,34.700072988665696,142338871.44665447
132.53809045210798,34.5665804265903,151280077.2778732
132.54982240879497,34.4537711479797,162425267.16294268
132.48490315803596,34.37670623724149,167084706.12738824
132.406371065364,34.395602388104095,169725504.0102361
132.751572888396,34.462658360836194,207685491.29943806
132.847945030218,34.668724572154204,94093541.30068506
132.70655750371802,34.63659806512619,308341492.77380514
132.773635268604,34.7430751760169,209224481.25413683
132.772751033703,34.1146474517409,233191269.49685273
132.81735473955302,33.7961872012842,197261532.37445706
132.741470982021,33.771556553262,179674790.77283785
132.655177942188,34.0677062616627,237862562.97029272
132.65251417525798,33.913708775618105,358545390.5411237
132.88135269578402,33.941860038543595,254526278.8265914
132.87226735440902,34.079703715797294,204686521.99125424
131.47247249789402,33.3694045264866,238178856.71842468
131.26879118139598,33.251887102737605,130551615.53910199
131.31873308003998,33.3883002810555,87490393.73946139
131.395215947655,33.4318218331317,241077572.0048579
131.325997410201,33.11065698949469,102193841.12582162
131.266926914508,33.126990956268,138276974.02792588
132.11222614946396,34.082027783034,124645864.6296715
132.21408372935397,34.02199144560149,319558210.43643117
132.18102714867598,33.9069152883681,163023530.05558527
131.828023282593,34.1626303593036,201320918.5882046
131.93381459573698,34.127563229367304,211930003.11962932
131.98419437392198,34.0329018384531,140421391.76896384
132.006600416427,33.9515288345673,172708898.35933465
131.687215371459,34.095356738338495,229005231.70623183
131.630167263507,33.9206812206372,599119543.0800736
133.23457627656,33.74015373519119,298378718.1712965
133.252689195087,33.58987688371259,211861041.74084675
133.274552018586,33.2751201978624,82278975.57556817
133.54599099863998,33.306611609073,
133.44111715707302,33.055561806564,
133.183112233479,33.2110359169314,62323679.70975666
133.009054750968,33.055663716038694,79985620.56839474
133.13790294486,33.1473302894646,69465456.84444676
133.015881608214,32.9775283263591,59375076.29692785
133.004941762308,32.8990384931274,55621805.2170534
133.083832349127,32.9941145355723,
133.011628283589,33.2369104508859,96070000.08242594
132.89554600631098,33.152916493454995,81662724.1050349
133.00002222431098,33.1229592211485,67935277.74991974
133.055666522658,33.160128778821,105607338.34640591
132.882534280947,33.2486129231883,189162362.44965073
132.942972259878,33.2954373229467,32319081.861089982
131.361355294059,31.9887153172158,192126414.5381126
131.421253187004,32.0643771612747,37992321.07317815
131.436641771325,32.113931212374,80138687.83480671
131.17881033371398,32.6241114065856,322918819.82203
131.09371941032398,32.3283967563414,210214153.8339033
131.027699406318,32.4714842754918,323675061.03044677
131.065331529396,32.6208875796672,182630001.967774
130.61372442795602,31.3664001209592,181456484.79880574
130.533080693136,31.038923004279297,
130.730435152383,31.191605310855,157882852.9162808
130.72255069757398,31.3215748276035,310097901.5637965
130.480430735325,31.2892208539911,239970916.06927702
130.39190254569598,31.091713254059698,
129.948478512534,33.447084926669696,137200005.66048118
129.90208896528597,33.344759387246995,102881851.2952613
130.03077937162502,33.3857346496443,147628705.97571695
129.984389824377,33.2834091102216,135656212.1242642
129.925284892128,32.81305436240039,80189318.45488958
129.957115392093,32.6727173338401,139284120.44505972
130.02535101118198,32.8332468542826,186684001.42656115
130.07042055044397,32.9432925076167,221458688.72521797
130.16429313557998,32.91832833795,192921187.8055593
130.102604378406,32.2936775512758,171219798.73205727
130.07111856063602,32.402819843955,178269381.88453287
130.175273324118,31.775254755740097,
130.20460827033,31.676642631272095,
130.25023170753002,32.00274626498069,117417443.54265283
130.29534512907,31.8033395263155,144887662.39646196
130.349176655379,31.8671534986134,118357794.89917348
130.333398180051,31.9679481128106,200682048.14138892
130.47833699472002,33.213249540213596,139838228.26827252
130.53741403642502,33.1178088629025,107266934.91845061
130.616126527722,33.1944249048654,138635742.9623374
130.582861397901,33.3411576394578,234294807.28182986
130.497324039159,33.3475778433732,151693924.5371044
130.649322344475,31.7274726984237,120898256.03060953
130.685246128404,31.8046083894165,89959210.29024006
130.68563418292797,31.650073878079798,49874591.83679745
130.747019917074,31.647833369819697,98338144.82487068
130.76406255263998,31.7357201959248,75018196.29301347
131.64216197724897,33.269244158191796,136664814.6873383
131.50396700812797,33.094730031016496,251010226.93439066
131.491914503499,33.2741126356287,146929311.60518178
131.423786550309,33.1837827971826,205515725.6997968
131.641995620553,32.9751281723985,135424574.8316109
131.62541590869,33.1005164623155,205538467.04067212
131.695482924621,33.184700751044694,159050831.13486016
131.10793093236296,33.063510119653195,128618348.36996691
131.11716680201698,33.1700396149716,108778456.29033813
131.037745441614,32.9778196772211,99060724.78011853
130.96905753775798,33.211216702851004,125682667.98280379
131.037516224538,33.2377800175872,135771998.48635396
130.937338779951,33.0995113838334,163647486.61870456
130.964163577203,32.9929125934452,204130820.66219816
130.545077576661,33.60026150747971,200762460.45349094
130.62093403359,33.6819632328234,226831181.00432765
130.61986512049202,33.465776379337505,210473493.42573196
130.736629379565,33.651880590721795,103333388.27263877
130.72211902407898,33.454138364922,184390667.50209188
130.76302682622298,33.5585408509626,135115267.7838214
139.399580784453,34.1861399904387,89000519.0418386
139.384386594024,34.3897876699674,
139.306755367923,34.5226292288163,110911312.93837279
139.356117657867,35.1351530896377,
139.19838587262302,34.8639134969763,82707835.08612452
139.46247168140098,34.8987867333039,127523232.81471212
139.473155092953,35.0871470773857,
139.10351821367098,35.0014731329703,20731171.55234528
139.119913014027,34.9789601084979,22096831.43500853
139.25778221572799,35.039811418091695,
139.213941256929,34.9179592935228,160019051.10555443
139.232669660568,34.4047528313016,32882070.204043027
139.25750560672498,34.1991269979414,297768921.97720516
139.301953691472,34.256816937703796,114680405.19087693
139.114458572859,34.7130144333918,340014177.40543085
139.030861720047,34.8473689729275,97497915.61403032
139.143313553739,34.5312481958334,
139.03278941392497,34.5909990681486,
138.757141748115,34.754266998056096,13168546.123512607
139.05755498378699,34.913498159014196,25467683.03146467
139.086205925073,34.9486728108639,7104794.389101293
139.094566238958,34.9190206533762,19262402.51119562
139.06981112471698,34.9711858353363,7459608.294690075
139.03603010982297,34.9869800457573,24834989.446935248
139.015413655008,34.9589445269229,26276310.30602142
140.28667039328698,35.228985297145194,79653439.5375337
140.28676763689498,35.1759904681581,14308059.997781891
140.24152326511796,35.1910358398038,14992561.667765344
137.64956664003603,34.7596869746709,20720819.200984072
137.63392644754498,34.9472715263397,131606035.41094005
137.714734195962,34.9484945663568,167729419.67771143
137.757179567667,34.8811017019839,49963905.14266952
137.748464432601,34.8316037692722,57715037.99661622
137.73117058549198,34.786056009503696,36317062.70031062
137.69416923933,34.7724591123294,37549929.742862664
138.432525699633,35.1499271167539,160844326.7467386
138.45904866373797,35.0113081270392,56483695.41659609
138.41005990310398,35.0502916916262,87417421.54792602
137.911026121473,35.1661876058757,125320015.877312
137.98199299074298,35.127669005121,150153362.87853226
137.90126544430498,34.9548090098493,91260033.83478747
137.875252142562,35.040933744181196,157043603.37502047
137.96758765808698,34.9332682294761,50353813.458836935
138.05552260704602,34.7495105987436,37719733.60649822
138.11974473085797,34.8468088866084,60764696.41966291
138.043318780884,34.8033267385914,54960239.12739487
138.237529027917,34.8879876586527,72290442.21414624
138.304705982883,34.93502013360149,68645540.62845111
138.31846560345002,35.012608565315695,75234268.57688417
138.033483141213,35.151797723341204,119903271.9501837
138.068179751205,35.2441854933069,285684485.5969456
138.177582663153,35.205467594484,106009266.50148624
138.087389996655,35.0273324911092,28824683.2944167
138.61298969476198,35.5656252861129,73098320.3447956
138.689894983464,35.534379604993504,177541891.52624717
139.178131131633,35.201188909062,143608345.22522178
139.235390721768,35.6019973952049,165513450.71081612
139.214303950656,35.503594182177004,120904280.10818893
139.03905043776,35.578272460935594,98436227.78483167
139.188603081,35.7357864869577,138217342.3494088
138.54056298815698,36.2015862973182,172781885.56776363
138.09555662991002,36.2858452365816,203083620.9615706
138.116146017432,36.3934291251168,138185828.98964748
137.96384598562497,36.6207418719021,274337488.873948
138.02387142581398,36.53830572267479,109311461.42599772
138.076231242642,36.559472317137,70296323.05009535
138.049291993503,36.83728999792379,282613033.05587137
137.940522088248,36.784316525134194,272004329.46816176
138.167145353655,36.7420609347825,139774746.2582411
138.141237924657,36.628139050776895,132020580.47811991
137.90026977721496,35.805555285713396,158837815.41667396
138.018252497763,36.2960315761791,95003298.20042598
137.936615745588,36.3368657523531,81458454.46268025
137.98648206845698,36.3824488702521,97327675.3690411
137.74462652643,36.2870900260902,
137.90591790234598,36.2596305053169,51240549.02507922
137.80078654653298,36.425443891986596,169881266.81672522
137.86144657658997,36.346534088756094,51689519.03538461
137.639337226413,35.219819759124,127945913.48258463
138.19504522338897,35.916594932304896,176721304.7024208
137.99400357623097,35.8391798922498,141110316.43041337
138.02550366923998,35.7167085629409,137029157.61786363
138.136328455653,35.759932818416395,362914842.0951917
138.10931314412102,36.0315305279292,218505069.27550137
138.345076732071,35.3481701751321,202122934.04619682
138.301980472128,35.536990505544,
138.47094779703897,35.3615032400256,91756383.536437
138.531286275921,35.496985888405796,102908715.94872928
138.524665644717,35.4209075823306,80809363.94136791
138.28785947103597,36.281582328915,104811935.5267834
138.428260372875,36.2218247679354,97847893.65341422
138.33333704949,36.13564985062229,210111966.62318313
138.25184928574797,36.1615897867026,135459159.959716
138.37500390238802,36.338737471162496,95696777.51537175
138.433917040485,36.304919846263196,65922679.12560791
136.723662223071,36.687324450978295,157009215.30134553
136.673561183676,36.5382027939687,243716973.17351592
136.76375817974096,36.4510339127286,316461614.8431888
136.90593243422697,36.5441889476268,245529928.76070252
136.930271533407,37.343288240705704,115714593.75887462
136.965902066664,37.25689050501,152097692.28356996
136.825221326145,37.2514593941754,152769046.7467373
136.878831904551,37.1130585766413,166516873.90992394
136.78640482485,37.124253375716094,164605887.45286158
136.91238240916496,36.822186347439896,224534376.585419
136.931119425276,36.657091547237705,112108714.27780567
136.839046210185,36.713058169349104,249282434.20515803
136.53682501865998,35.837241045487204,273767232.4012959
136.835528928615,35.2717073221821,85695100.20379485
136.85925730887297,35.383684649662804,141356335.21122897
137.13165897598196,35.29880632467749,104338795.19490553
137.02422367391998,35.310208393023295,110614996.55283354
137.455616340339,36.8397356333358,98577776.91291921
137.439839534844,36.722996559744,187034026.74159345
137.60894825228098,36.663145536778195,175990973.50186273
137.515317279648,36.6696718147518,224707295.87881845
137.65270978902302,36.4032779224719,
139.78219985871897,35.669459353001095,170918065.980361
139.786434095253,35.513304423389094,375567610.12965715
139.977741869229,35.7028072932069,92468944.75803043
139.986599080086,35.5899245472771,152988137.31203243
139.912414509285,35.4747684263742,361146109.5327634
139.888647042936,35.7950760970704,166362058.529719
139.959287854815,35.797159682691,112360838.90637432
139.92974073648898,35.3345640612129,153327789.02595073
140.03682088407,35.3417089483194,149029341.18803132
139.908137243721,35.1772554919764,70112580.74469933
139.86049228536,35.233216365996,104116387.96362855
139.986695833743,35.166640251606594,59939199.58841107
140.046131022963,35.2297460127327,188317133.35881615
139.735292933214,35.94451716846869,83244932.01201075
139.848902704434,35.9454571701258,112539760.0578983
140.29282668759598,35.9028083031057,280507946.2650555
140.20701521293498,35.8705580977821,178757312.79921526
140.530178570034,36.351563587422596,176311006.54849532
140.477253973023,36.4497349496379,176701629.40333906
140.207975470233,37.4636795263731,198904862.97329116
140.00025637088697,37.2663649781346,309492530.1040514
138.52226583138898,37.218856494791396,180310241.09786606
138.480242160843,37.266995544405,11638152.671185777
140.891466220989,38.014324430708996,159526244.8231631
140.725062543021,37.9424215000545,172620522.04455614
140.696793336891,38.0694560253315,214523163.4819863
140.724613191294,36.1265173586295,
140.649491627535,36.3976812738594,
140.59113940000802,36.2219382422535,
140.70036953256897,35.8161196451718,173425882.93605384
140.52151556308797,36.0321178815213,281008010.5871295
140.556975586731,35.8417757213076,215875419.6865944
140.47569355907999,35.906138234412595,214016899.85917234
140.210338683888,37.3560531667521,98190410.08399647
140.114019370116,37.2770201481777,178612945.2906551
140.49308231669698,40.1392294866189,295046333.4676785
140.469458459319,40.4705740201851,264575107.42621675
141.334720227822,41.284671685276805,235722324.1700261
141.308181955248,41.139198219411604,166109903.1141832
141.50132557895398,40.9861760984874,
140.97216695010897,41.369566085321104,259021578.24080378
141.08307901446,41.318062761168605,232431366.26307935
140.64284930183402,40.6204298617689,187043889.18193325
140.101052436939,41.102129767294194,
140.39791766744702,41.0682146738094,241245313.9060177
140.352696203379,41.2978084728,
140.202672690564,41.3915654464983,
140.49239587868098,40.742852400957304,158812489.61691964
140.53458700914598,40.6140236341224,90707241.00621714
140.436520060155,40.5703305565338,109825089.94929565
140.371392476898,37.6755409207815,69096214.50593099
140.420458009854,37.579208939943,108701848.45194283
140.822485959705,38.1567464907453,145633833.47016397
140.73314625790198,38.1605604296466,146643849.83727774
140.964678379041,38.104361142804,
141.153602381418,38.1285307925973,
141.237347492736,38.3267140609551,275462218.11446095
140.694393433572,38.3412589136577,177628180.9979733
139.30397816900398,37.505930095226994,607451051.3983964
139.443025276236,37.4836390985496,214112626.27736178
139.546671200607,37.9589563107414,
139.39427870804698,38.2469269367988,271376679.63443303
139.557231201168,38.140532035019696,217199915.4732088
139.435063719138,38.7342198289695,
139.240824011718,39.1450888506249,
139.090803791907,38.6528978259831,
138.96718786806898,37.8047260616421,126201189.21808203
138.90455614520098,38.2232447735853,
138.644024660955,38.089221320937604,
138.766464335763,37.9084541841258,389847995.5208712
140.516027221977,38.603042959635,399873722.98277587
140.44401764365497,38.340672240997506,222439583.85525292
140.56455309557097,38.4209242073316,611920952.0504308
140.329506489249,37.9535086009002,310899395.7695436
140.069559539877,40.493352036489,409993728.9139479
140.40235816668599,40.2558068087208,167010478.99383098
140.36464087212596,40.3864165361085,442024633.0562839
140.181397631616,40.3911996020874,348709366.85555035
140.099302028664,40.28191447569299,122928848.12449053
141.706848594597,39.0059973171693,3795519.02452054
141.761959432962,39.0632175332421,10535388.217138672
141.63724801201798,38.829902322763196,
141.58088902848,38.601587692176295,
141.29139470747398,39.1154402907774,169002259.1354966
141.17600249451598,39.2320656514083,219010672.48130584
141.647597160333,39.0470985023064,69846511.53849299
141.459889609632,39.23470462748429,227755432.15802246
141.415241374902,39.126259409423994,243155158.10001123
140.92337124350098,39.276165969268796,317751550.46941316
141.06827297854497,39.1959477508929,248226188.6494468
141.099561429387,39.0737757669798,123501673.24398516
140.87266030510202,39.4186351075968,274007406.5547476
140.937758088006,39.5352207372012,270643325.9051996
141.05114547813298,39.83114307300809,167309173.16329485
140.964482705277,40.0309198040037,168559157.25535238
140.93717030679,39.895714279574996,335246752.11240745
136.53751724942998,34.4628251271579,95124910.83156335
136.472036688141,34.5201168990744,98419856.85623693
136.622098720437,34.486048013636996,82002924.08418705
136.62479920369498,34.6468188506121,356597590.4557005
136.410325543206,34.2602922804681,72658017.7574068
136.454162935695,34.3310080778478,100627793.76478484
136.704527970021,34.95273076969409,133070029.01746167
136.779936548409,34.9762587833241,81721042.87815602
136.82580759084598,34.9274216158626,3192484.780836442
136.827438364419,34.873747616132704,3375810.758219972
136.762319346972,34.87688649388019,74324746.50480524
136.383891253566,34.959969177114296,166149837.73081538
136.21618441926,35.094790882928706,185664116.71797004
136.07381281117802,35.162958581143805,137095065.14659312
136.138611220689,35.22419160622889,171696809.49128917
136.011059963757,33.9078509371272,85781350.52952926
136.04959684301699,33.9453546770448,81401766.19460079
136.026779235006,33.8088970348404,21232258.456077516
136.07706763233,33.84499579527,40635898.52654375
136.120086140049,33.9088810897683,11618715.273961572
135.37604584152,34.8650771995944,153923224.91442135
135.394172268696,34.7809059485613,63092759.48103633
135.281032593795,34.85647478358871,117065820.62462981
135.22980172406102,34.7598839369727,84728985.77895713
135.284621201565,34.730574059920194,77779282.79821776
135.569195774595,35.1660241742205,75734139.94284336
135.48010265146502,35.168892091733404,191502632.79045102
135.421809771336,35.3603080152267,178530141.98720658
135.405502715538,35.2541761888041,171223940.54993638
135.663822850941,35.27466224166059,228442968.51038504
135.70429659316198,35.385114614318695,188087549.28940094
135.77594188458298,35.631208376147995,
135.390526476645,35.5655449074849,
135.58181841887097,35.7197929814682,
135.67741626479696,35.062123475996096,101808257.22665171
135.72347282867997,34.99461685533329,54754273.35314816
135.60782977080896,35.070271107818094,71155610.82473731
135.69419248700697,34.902859933276495,110509685.95587625
135.603727984362,34.8646492587261,190388570.11906973
135.563421832047,34.9645538126049,151011254.73243228
135.465132558624,33.6166404257574,66218402.671108216
135.469198885284,33.693658443852,85075859.98410046
135.530504550771,33.727106458716,48322244.86867096
135.552068757468,33.5654953754406,103122055.45448944
135.597295577667,33.6776721709725,86434513.56060775
135.622926111024,33.593079105791695,133626935.14837185
134.506080753396,34.1464231555194,131616875.10501458
134.45684422754098,34.087054681960495,139648051.64404517
134.38746206645098,34.0994144768574,87092082.65519822
134.66329188071097,33.990068383227,118250145.29276283
134.642371306311,34.1039133655902,170443153.55921412
134.58357818621099,34.049330911048195,68387686.60962874
134.61480533985,33.8405750703867,49761327.03642424
133.86420330756,33.5907026141313,74770799.24984002
133.870517499411,33.82048030306439,132301893.32125102
133.82628201006898,33.74558497034669,162109013.985496
133.876609646802,33.662953931276995,64149315.00189256
133.96553930628002,33.8229138616842,96887518.02646703
134.0243412255,33.78815449430189,106935077.11683321
133.50031500003,33.5635366976613,68937934.06261672
133.461498365415,33.659929402426805,127032990.19195898
133.692973292274,33.84945889291559,93009629.46359995
133.73421572428498,33.7552948125987,139889780.61751336
133.709796709764,33.646079251580396,133361744.47081049
133.63421720846998,33.604415722016704,133387900.75229329
133.577953128774,33.6321689707476,97024394.1912921
133.614692641122,33.87227213969609,135964848.43552202
133.54153893722398,33.83283723458099,151611393.7890354
133.53913649415898,33.728561675513106,177095972.7720557
134.34076480997697,33.7589443816053,109396530.33117175
134.401786830498,33.769758846384,132654500.73393378
134.430209031327,33.8948089617885,76167337.72855632
134.386020197319,33.9864702744072,98031871.83744177
134.310337583004,34.0013787974058,147117672.79974997
133.975591804263,33.4302952718031,12465883.315630348
134.040808208637,33.4274203706553,46253447.04611095
133.931565673983,33.5152578050334,70421694.92754588
134.160763758549,33.71925851592209,163762810.278722
134.216302557447,33.6369957370227,242485889.3117027
134.040576398487,33.696920777919296,150217350.87306508
133.977226190808,33.6461669244789,95912565.68110138
134.05771142148,33.5062137851925,48039550.79248
133.999311808692,33.5479384196451,175175632.24228597
134.208060361749,33.392920203683694,31148727.360916834
134.184327035319,33.505463385906594,148526278.53828537
134.12383764153,33.495247676912996,62493878.7135674
137.507528425278,34.866918981731104,84725785.81084137
137.60742535458598,34.778580251154295,74995977.91468798
137.58696596073,34.8570920181924,74348364.11061154
137.176724398989,34.8738317700498,91167303.43441346
145.415775418155,43.234479370341596,109404505.45501748
145.315742432454,43.3547438393586,378726460.320729
145.55651501612098,43.26647554407089,73437296.14626911
145.45648203042,43.386740013087895,255402228.4090743
140.79085975264198,42.1758886873302,261262761.33584368
140.814467508297,42.3195192175074,201812239.32127103
140.636323921104,42.0619365813471,72192690.95361853
140.71521093828,42.043392386952,75486263.61014038
140.756212287735,42.3785682413478,248510341.73932332
140.58217137356698,42.38538700140359,782215695.6905942
140.515922689098,42.2344773125484,203165412.42346478
141.62677496609402,43.0896016295646,171335549.9826742
141.601907233116,42.9774584120079,150812674.6646421
141.498550266513,43.175351684701496,207960279.70613027
141.455142491058,42.9735004391781,236565334.51252854
141.377997496329,43.092187819919694,277424805.6353422
141.179270501016,43.181939591844895,102225818.41681834
141.160730458539,43.092231563878194,116742029.61863558
141.26573428377299,43.113121321360204,148302875.64492282
138.923078626101,36.6055602168861,124698093.97362109
139.01497817856,35.65894894614689,117635012.69141841
139.083753127044,35.745840098496004,297900636.071263
138.844364148336,35.8066609231386,229295929.17091802
138.900593188203,35.621057794641,120624969.28539166
138.76581407746198,35.713200373128295,126129048.53911819
138.80544486732,35.629779998000096,267132702.01640528
139.161825762333,35.9546294328078,108651237.1221546
139.12331131083,36.0714917274096,240795898.43070814
139.056576494979,35.8713665922579,187320886.87295353
138.97120329648598,35.8866581932782,140042057.37265727
138.934267240461,36.208531120766395,111249390.0564079
138.81305992573797,36.19706415724409,108200698.45230068
138.833273304198,36.0873737130522,218547178.24262115
139.004353244493,36.1178264948028,195271578.7201217
138.95749449750298,36.0162558012213,163556625.63465932
141.690368626092,43.4135752922916,294087334.2336515
141.781747403967,43.3283155974471,307820531.2775225
141.76430108544,43.5868732827594,214280128.95624828
141.960257657823,43.4285332713441,430054308.81166023
141.936131157381,43.6606801290033,247444832.3903764
142.04070895188897,43.5875998124325,312317579.1140607
143.492870451216,43.5524097184605,339066907.1940922
143.483449030119,43.7592074332875,203446951.49808112
142.983803892963,42.9143252559549,258241147.60103443
143.008493630409,43.0369764576081,267997399.33164874
142.888226768298,43.11252468736289,151229139.67912307
142.771055263287,42.8982511241955,368885522.9707443
142.73466613923,43.11043050113579,166588909.24732247
142.642184371665,43.0188081396216,400415276.6163801
143.30037538931398,42.4489719609384,286098959.91173357
143.158017356541,42.3647632953138,242578277.2424678
143.082109231446,42.490641870863996,156565828.76924896
143.52222658864198,42.874204208460895,161087652.49070165
143.360585551029,42.9203720212179,305215302.18181354
143.518399218084,42.6752161442574,190217154.2030794
143.58319085160602,42.7581065893839,87956995.25702365
143.973281515305,42.9876545449593,204097701.89808908
144.039802182573,43.0630113445257,143765498.1421521
143.70403682913297,43.00434242767079,439444639.4280717
143.813774040981,42.92788984935989,266102066.30986175
144.02164156215,43.216056343495204,327123858.8006806
143.67300187627197,43.1673688563975,224382060.164084
134.28066819357298,35.2387911071328,113456654.57472093
133.77388944984898,35.412171564353095,195721820.3787146
133.710899669457,35.342097154494894,118850598.75542703
133.72254140849998,35.179633968438296,152651105.46390098
133.829970077892,34.6323730406709,171866661.5049024
133.705145294952,34.70550147009659,179122333.15597197
133.69764127209598,34.8467587892853,248175894.58828127
133.909280776029,34.487987099709,149993604.28996757
133.828734411471,34.532546646642004,156505960.91631737
133.764765182367,34.4635917184911,22668163.625814687
133.73248387415398,34.1049920593767,183692521.7713473
133.616827500948,34.2746610297828,
133.66120880904,34.379758718962805,269084140.2171398
133.82513693125497,34.1370199126044,147644829.26502603
134.42376734555998,35.1233470410273,216718014.3751578
134.512531631577,35.121618135935094,173240767.7074744
134.38985637033002,34.6307622604317,238597776.98619375
134.468576237556,34.734897712178395,97913261.11044966
134.395628219754,34.4499049196412,
134.492558525754,34.3497269297754,
134.606467567044,34.3885670053794,
134.563084229145,34.7694599199453,51266799.6533951
134.691774658815,34.4957260107405,389485668.3001513
134.66660175969,34.6723054836939,463114776.21943015
134.571639566859,34.845247980714596,64402201.21848945
134.58349554780898,34.9484516539818,121273597.99440296
134.49820838404497,34.992938466188996,161950646.85177296
134.47713157527,34.8106857729477,100158978.70469397
134.428266252291,34.8816062681889,184185726.33881012
134.052601485858,34.4008646881548,145591311.5626404
133.985951121561,34.164781370181,135328388.62248966
133.884878099874,34.3998736636005,119612090.29400422
133.81221703670698,34.379190636110096,38133422.24622529
133.960414568805,34.3499979196737,94398330.58240764
133.936025254647,34.256245056230995,97478791.24163386
133.784997102306,34.30547310226739,119840601.87502302
133.83326885131498,34.232403266315096,166866046.50753
133.271386311855,34.9013776228557,286801379.5274153
133.43065714651198,34.8567963337638,275483444.2407132
133.248828204558,34.6840129471638,195689834.33143476
133.175148696579,34.7944179228954,309863622.6762071
133.47455552956802,34.7086224459678,333766180.5977695
133.38896420288998,34.6427987593281,156259260.354818
132.969897153786,33.9167344796841,161943800.72897762
133.07486199958498,33.957657290993694,190127572.87572622
133.12950631793996,33.8000823620625,274027500.3488077
132.987459147411,33.7387654670319,233987397.0293143
133.06839979586996,33.6756136401795,192424985.74148676
133.122090756237,34.0804306650951,371790022.62297577
133.26264568933797,34.222262517824696,
133.24213154762398,34.0452260575746,222493246.18400538
131.683678098555,33.722136359109,
131.679454264314,33.34694277088679,179569176.16794723
131.83199299891498,33.35298084301919,355212178.791761
131.587158624801,33.4385654093733,126031671.69921166
131.57907079366498,33.5456684446653,149321908.90818727
131.939279859156,33.55512118329689,
131.86892356215597,33.7803717429882,
133.08244629774597,33.5198205457137,88611958.54465622
133.135569121599,33.3163365134853,126280245.82173905
133.18632317901898,33.4006511578443,125734439.28228296
133.161665738343,33.494012416118096,170508205.06020513
133.022296659978,33.421533634721094,102007677.43524498
133.050762043155,33.31141086076649,141181618.57244942
131.289623081331,31.9820653472793,107706165.03754574
131.24926557081898,32.11663770936389,158809233.81074047
131.199991782024,31.9331229913377,157194136.13825092
131.159634271512,32.0676953534223,238409446.94283628
131.26726836036,32.55321267016829,190430662.1247703
131.394525456711,32.5866786935646,141492227.79867318
130.053241418529,32.639986203947096,161789464.97969767
130.08031882718402,32.7303664423527,169492937.62447974
130.12688241369298,32.5063672488456,112292909.1420938
130.274955608226,32.237369149345795,291245894.04542667
130.214705213868,32.327018275203294,127719045.09636569
130.407263362794,32.43245723191979,219550156.46050933
130.384004048958,32.27139343124399,289152974.61224705
131.740973328459,32.8236600947211,238143690.06146863
131.738163436143,32.954373729717,268025491.00172347
131.87756657443498,32.851701537962995,178695015.1739323
131.89130650697098,33.030156658999495,270441798.7688466
131.794437358188,33.0834312720054,139098954.53967443
139.23736944054298,34.708436202594,321873275.86093277
139.2741865218,34.7966891710812,71937168.11963457
139.34031012877796,34.6445463625503,105361901.4242401
139.39466669591098,34.725175112535595,28548392.892552655
139.377393936693,34.757716295091896,15156929.90690362
139.107236808441,35.0618554791318,59037596.633333035
139.04152129398298,35.0863659345078,92947400.43077001
139.03064534502,35.165912496389396,77621928.0259582
139.086822320094,35.2173850779498,52792668.64927021
139.1273832036,35.1490958802192,54231558.08893737
139.143773504406,34.253832299530806,9230318.668173583
139.08203715865798,34.4205375373398,
138.96349849370998,34.8430742511093,76319108.42022355
138.93657120670798,34.7684705838888,47312318.93672893
138.71220074933098,34.4671838065797,
138.591624948117,34.6310061067113,
139.019612188446,34.3461161202258,
138.957875842698,34.5128213580348,
138.79214062787696,35.0812158852309,161620356.86566633
138.08578718028602,34.8769337288229,12440197.710003247
138.062428559715,34.8546043189872,73359217.8870064
138.010267296363,34.9458489926073,57118129.26394843
138.067378787976,34.9726331652555,6335004.742444412
138.031851111099,35.00189924535481,53415731.25865791
138.42257578139098,34.70638703853089,
138.522709413693,34.8341551374432,465664651.2351699
138.39455781013498,34.9342353017592,108340037.50637121
138.33180942893398,34.895630434632,11204467.972593505
138.16593809772598,34.7783481646986,45230068.21871849
138.16801079710197,34.7211335220684,31501814.973655608
138.22943122111198,34.8159820905963,90192482.78822945
138.28091702535,34.811566607522096,20398636.057139367
138.19411866938697,34.669604216181,26114062.137481526
138.243531774249,34.722403375736995,67265244.46850327
138.135908047698,34.6893346739379,29992880.11998614
138.08018206752,34.635361510127396,26638386.778843913
138.023946185004,34.656444968237395,11312251.57142637
138.14409852190198,34.9498709877009,114850380.99395572
138.198389695575,34.9534158338475,63113623.00355675
138.13015218000902,35.0346951557691,69912219.11603792
138.18564823651502,35.1204424891782,59138576.4652824
138.26357209335,35.1202914549498,99708559.44334942
138.262367210517,35.038088967687294,97952095.94693638
138.92080243041,35.139344873750694,33824175.26252306
138.89006681427898,35.2084836181848,37957907.316161826
138.969957594402,35.1845071814016,64615948.365600035
138.939221978271,35.2536459258357,81365407.72175665
139.196136330933,35.353006864748096,53379987.64881267
139.175320816026,35.2997058893787,37330044.32241374
138.512929768422,36.6383433765756,119201153.2316471
138.43722159999598,36.4210652028993,101753270.58888404
138.36040393586399,36.516124077727795,364806102.7387133
138.398281511061,36.654620871329996,354051306.6853388
138.53677367045998,36.754562196531296,215057080.0300515
138.492083629911,36.918134620653,278563440.75478995
138.549598267872,37.0106009077662,163959174.37626138
138.674081131674,36.9727297695921,237567980.65434188
138.67400204958298,36.68445863925479,310453254.3195968
138.77325069039298,36.8453730032091,354202885.4352831
138.77893161224398,36.711358932956394,193823845.70024574
137.79185740287,35.390450815978504,241543718.0326795
137.912485578846,35.461242327786,248402849.68422604
137.932022954913,35.5976117008182,200597696.4389746
137.85741726289498,35.6714058639972,219657343.34001946
137.766163502517,36.0822693768702,206231894.8513418
137.834125458975,35.8783173234486,130066981.63724847
137.932646939175,36.192549867051596,66285098.13030063
137.995115211723,36.1833678200148,44270907.993620485
137.890298087817,35.9928308419515,160784991.4821253
137.866281779688,36.0944168470017,204061402.45858562
138.03216331320903,36.063176095722596,137308788.36088848
137.99371134879001,35.9707721377092,159199460.00496066
137.46379671222,34.9198315552779,77721297.70090683
137.371954727337,34.913855748585,66820125.28295529
137.290100366925,35.230233592969796,124983181.90160498
137.563457555139,35.3256333390411,125927899.85386851
137.47320293150398,35.2983803816094,128581898.19600494
138.39197344859699,35.807953986486005,151341517.65536553
138.39231697090798,35.6541849832575,172637278.90445948
138.481275164199,35.565646106364,151196631.02141294
138.48084176087698,35.8473395592015,165150207.47298253
138.56456213133598,35.666734602170095,146319938.33856854
138.564472250325,35.7946590517791,313173919.53152394
136.534832027979,35.579478411995105,95278286.54415967
136.57231148965798,35.7199159898328,166254598.68975133
136.585213635981,36.0136020242922,191898138.0902719
136.430782140675,35.8328423504007,281021276.13548577
136.328466166629,35.690331014626196,427519158.13140124
136.23135126909,35.7425354059983,167977689.6071264
136.22703400086002,35.8797069554715,131378139.44741832
136.25421521913302,35.997307579233,174706401.05625668
136.360848461409,36.00264736553431,242274154.37218422
137.013183091422,35.1750211764303,48911585.842916965
136.976084901612,35.2438981463778,103292694.41041835
136.89451537937998,35.2275731820375,111182035.36025557
136.872107630379,35.1107958816021,138676207.80460933
137.34670987540798,36.8056821620235,152633573.05084583
137.269727461086,36.9956669559774,
137.116143497685,36.992517289975495,
139.682210975274,36.0082633808766,115111916.81850575
139.73509521965397,36.0969881585115,160360616.73795304
139.570339393551,35.979802396592994,141545468.8107121
139.89595017588297,36.202775565046196,137146229.14551428
139.89406972394698,36.0183977120088,148283462.47822392
139.833344197107,36.1061824879866,122096916.27124599
140.129838504711,36.3864919928994,136338407.73772544
140.302161317373,36.029290236314104,108618497.62852865
140.225940450222,36.1269006349647,172280874.91465223
140.41616400596402,36.0792740047707,152423008.90237683
140.44062346644003,36.2039149294317,192631693.93992457
140.287018541802,36.275055765636594,354291140.50643855
140.38769886942902,36.302086291647,198981338.2333358
139.890222088749,37.11807149596589,271933469.8106568
139.946158754523,36.982472595212094,309756534.25201166
140.124080070612,37.5320475042249,108050738.16963546
139.912571566911,37.4260253614995,251566981.066435
140.012680285038,37.413765974560796,236040961.44098806
140.06581744412398,36.973381610401496,169672196.0297242
138.519251082894,37.3638506669241,4177745.5496828533
138.507022729185,37.5789972064518,
138.440887643355,37.5192410180016,
138.56127475344,37.3157116173105,67513439.062016
138.652470589611,37.303304692793695,171228891.9810351
138.67658200489498,37.41119993085749,202612321.8008026
140.812536891378,37.88118158099219,194362864.87642148
140.890530517902,37.8831277486893,69296540.41461109
140.93704705244997,37.7519852989125,54100281.52361147
140.86818830901296,37.6620326644089,212211589.97654077
140.78289913544998,37.724829656081695,229645497.7140601
140.88134923278898,41.2627052138103,218782762.9474026
140.717016914331,41.257844023644594,488875707.0288836
140.63548782805498,41.12049865388849,192424598.9888676
140.66449028418597,40.85720979874049,321304377.54276204
140.72030403891898,40.7240041249734,194039045.4712317
140.63355729446099,40.3506704787384,197526425.98384047
140.70888118798499,40.456833242733595,444733759.1860298
140.70130971854098,40.0565870020272,253073541.63689768
140.61946385727902,40.1499356725599,422156618.5474499
140.871491911953,40.1183654142348,190866628.73178783
141.174298451604,40.122133172088,303520702.1880267
141.098522559951,40.009454200778706,118272983.89201437
141.13798948952999,39.9242948359002,89554457.49652752
141.266731874004,39.889610538010196,177424292.16425857
140.32533066354,40.932863154981604,273747040.8872012
140.17848894584702,40.8730212747681,416578437.49018157
140.178978286908,40.69085899448459,255424046.9270017
140.38699183680598,40.7670864906393,255857299.0578272
140.33480738910598,40.6554327624621,180822077.01729405
140.63788853129398,39.901176526962296,270292314.8767271
140.388053350644,37.8486524678955,101749172.51394132
140.396022903609,37.7464554252885,105192987.1844653
140.497651773039,37.932146742632995,154841651.0377719
140.59267389321,37.8770415850332,215667089.97429818
140.53296088177498,37.7766858766077,205296780.4974457
140.48670218477397,37.56932990527859,124067655.97931948
140.648910805623,37.488617849291394,225327742.36447257
140.551903477326,37.450061883940194,205404904.2672972
140.67076208027697,37.654977755637,233270533.72075745
140.574574629984,37.6958923374363,190676009.39252588
140.71190257914898,39.0401273171613,140771048.92810345
140.81017929382799,39.204236176300796,274111939.1267203
140.831514903387,39.065159267049296,267713157.05453047
140.667297793407,39.2708952940557,199341570.0697008
141.03782034077997,38.716816107182396,95946096.19310956
141.085877271273,38.8199147099577,265630331.66216663
140.923353195306,38.954883268085396,235057960.9598017
141.02845629727798,38.9753589536454,238582600.15013307
141.350775915426,38.8083181760604,142535156.63096085
141.378434572617,38.8979381291688,174186438.45288897
141.23985212224798,38.7647013828426,134274228.29096627
141.183407017323,38.8487747126688,211619750.4862235
141.281905666473,39.0043043714808,160065069.37620953
141.19780190435702,38.9987577481986,99538978.93117528
141.246922678455,38.6340177728439,171800634.93470582
140.825099351673,38.2839859628589,146561436.1209985
140.795869021665,38.5067649900615,81104336.0537674
140.764048670685,38.4098093185983,167950397.54434183
141.09013831512598,38.6248710582735,93128380.71401921
141.127302788307,38.4175904110779,122504724.51384361
141.207550112772,38.487596268792,77544538.17170745
141.19015343927998,38.566112245742396,93909303.07664157
140.779137881613,38.6192595338154,113220850.53715017
140.861086995882,38.828873085363895,158560343.2627406
140.661509085669,38.6870889121992,261390968.08324164
140.871335064306,38.657362432144495,181409244.45478106
140.918133167361,38.7462501681486,122242807.76949158
140.62879803710098,38.8471026768891,442147157.72843826
140.740763942724,38.9077191569682,199227105.0999195
139.254817505562,37.6790601758208,430465629.2098475
139.102729672533,37.7417577624351,57615073.05678803
139.11524115126,37.6711908011703,135081139.3318319
139.079313631038,37.8198082572717,130060387.28890398
139.43045227366198,38.5094541841152,68180583.69270241
139.418322286782,38.3985823620729,375754793.6390267
139.581274779903,38.292187460293796,327462063.0828865
139.62324124617,38.552330879683495,70232157.75001824
139.688664783162,38.413290525109495,
139.670138232669,38.6156475753807,171292070.91284323
139.57544347975798,38.8128029588706,
140.35519319698798,38.0990073802338,113378005.33291782
140.329699679928,38.212694198415,99269333.64959806
140.479086863049,38.11822022942339,227072133.66878211
140.453593345989,38.2319070476046,199441280.48146445
140.26504970223903,38.252204583981296,128203271.51063612
140.29638560166902,38.3684164293012,133923202.76817988
140.15769610867198,38.4467289316011,187676516.1430779
140.24786247446698,38.4675352307631,250868264.65143204
140.379709005162,38.665298773431,224155072.2483374
140.28746532045298,38.6240562730935,153535424.2110444
140.191338800733,37.7673726543564,253741183.77337104
140.109965745519,37.7117288179632,253527715.15362102
140.00122719379496,37.8132623115984,410090060.1144645
140.213166554406,37.9447352039943,400088661.95562863
141.28297798923,39.5629066456668,184548968.87925467
141.159168554745,39.470464580797795,209549455.84481892
141.20569047875398,39.3500770090923,270671322.50370157
141.40387523163,39.4765488013149,282886392.89289993
141.36573092644198,39.341896866521694,254054043.3823022
141.776884536969,39.1411249390557,67716798.09439375
141.690339695652,39.1361955580431,214516556.8446324
141.62199916038898,39.24075085813409,228809684.63143444
141.655256331006,39.39174898947749,382352189.17852455
141.84867534717,39.28590451131719,108349440.70661795
141.79538767647003,39.431973261648,377250489.0545695
141.406166589138,38.7352465372884,81922457.96791296
141.462507374496,38.6826852289449,40492879.394744635
141.343132853142,38.641372358978394,152102070.12620485
141.3994736385,38.5888110506349,99593128.42916824
141.474892765833,38.8982456247495,133588774.22666962
141.59185045889402,39.0067956513279,111211453.26213974
141.502210527117,39.0154309857081,199824287.68889156
141.577032717483,38.7909350742111,
141.51607491387298,38.6573891471394,104949741.23487815
141.503574894,38.7560643632976,74797986.7901704
136.269819305235,34.374951769705795,181998549.06662408
136.341593007147,34.3096435171842,56324191.45558484
136.39991099476498,34.4821514643309,128030769.51625577
136.385430399636,34.3803593145639,93128720.16930833
136.42885354022098,34.7356039128846,120432670.8801004
136.481313996984,34.6329963559998,114191111.15664218
136.549495041531,34.7364754210584,182321850.59155062
136.533863488176,34.9223615762505,234082970.29129001
136.452791146221,34.902729693968396,191960771.83146584
136.078303065441,34.67005027690381,104662723.24856071
136.12205002364098,34.5977996316909,159461156.271116
136.079783814018,34.770804898434,111987736.74496447
136.18599568176901,35.0004479175021,86373910.69617245
136.114161769212,34.862708530485,134264370.71110073
136.19440128112498,34.8831754925841,174945949.92994484
136.066749160947,34.976979951533394,106951595.32100911
136.10121360082502,35.0521060541718,63546825.625897795
135.583980752616,35.2943888534688,116069358.01914786
135.60851993178596,35.360008668831,23381297.09069755
135.51119468528398,35.403388597404295,187482205.8129718
135.535733864454,35.4690084127665,11154640.231119342
134.515094818566,33.8399225043165,66754045.24644159
134.562221552088,33.8747569571895,91098502.09587482
134.47051242725098,33.9127624925892,37908263.9165
134.495705754333,33.992064010311,49972787.29339877
134.55191497284898,33.969667815487796,77172394.10132724
134.28714876211802,33.864288802776294,106651841.71505457
134.26340568333,33.947242438249795,100286315.0127473
134.19551260998298,33.829506374700294,146466048.93884683
134.114429872401,33.858831650546094,97653098.31427974
134.150108730825,34.004759543964006,97609635.13937657
134.092769072031,33.951131184336305,139588726.6367644
134.07913499557498,33.3901235283792,55657892.424568206
134.12891025088499,33.3992930323371,87300147.39035282
134.15517330765002,33.3223053658737,44286748.23542128
133.826317386531,33.2422616437131,
133.785680847258,33.2760114113988,
137.450052860076,34.750941057016796,69538844.18833698
137.48734447720798,34.7937185611719,66581241.30919579
137.51767039098,34.6967136363012,29181845.819912344
137.554962008112,34.7394911404563,59371344.3004866
137.104498852266,35.0837759108694,143869332.8612797
137.141529635484,35.013526907139,143598962.34255543
137.096679120984,34.898911165526094,70603781.94595368
137.025383384604,34.839820610505896,199919219.74546942
136.941606493131,34.84931448502349,142852850.47542116
136.91636550748197,34.930753713286194,160947516.93913648
137.00858795431498,35.0936645442405,47001286.72269963
136.949082015504,35.0457642137526,178066075.16928503
138.93162064181396,36.865938277142696,157214210.97164294
138.880095894804,36.8191669690746,86874233.97549573
139.00690925219996,36.714553311486604,170160124.3173592
138.95538450518998,36.6677820034185,90723331.32394366
143.61711495219,43.473503475207295,314892179.46012646
143.897429464602,43.333702240395596,521797441.7004634
143.72504765784,43.28391897455339,444110958.7747515
143.618826507684,43.805393900845495,258727790.79379028
143.96303118377398,43.909224330430796,337455511.08566314
143.69205189108,43.6599599603607,324876026.33125997
143.79651960992996,44.03975922430261,564418274.7970864
143.631330137196,43.988449050833104,372319018.8956326
143.18121988272298,42.766419980295005,236288494.49700993
143.311778578881,42.802163070628495,304907663.6909656
143.40862798297198,42.673104812745,190961137.28012207
143.294306662914,42.5664163863213,216623247.76643887
143.175022789161,42.6156185099502,197500961.7499627
134.070648390987,35.320545396552895,153662811.54415676
134.134207711086,35.2569210659556,108250042.65259558
134.119219206753,35.438857608481804,127162870.23475198
134.212079686443,35.407090063554,157443359.31651935
134.22610992327898,35.3190999871083,72394028.52195145
133.93060186037397,35.254178755880694,283596009.2214753
133.84492086933,35.2837262848323,201572141.05622825
133.96096993659597,35.08397638148699,101765085.31823604
133.85596589805,35.0266735246791,135383437.53470236
133.799843017566,35.1203291761773,204988094.13697186
134.133693575838,34.3372454903775,238429796.7382236
134.160380676861,34.1114202148302,201210396.53890747
134.091432525699,34.1949150358464,260648912.09659114
134.23063056117002,34.398388609787396,155682724.31327218
134.303108332668,34.3114852519923,182118363.84568968
134.261301363783,34.1265819268407,131170923.72440073
134.315695763799,34.1863694534901,101293924.51729922
134.00850027975298,34.8576790598157,236438308.42876554
133.887308340159,34.703111756425194,143170460.44998667
133.861418502735,34.922137014708895,222442343.95669037
133.807949786808,34.8406567218864,190773116.73688596
134.09137004194798,34.5720565655883,179633238.09773257
134.009069532822,34.6763295952425,212463479.92459765
134.076792756489,34.749416605810495,189287366.79949343
134.205226488498,34.532756953942496,125904496.54234795
134.271932410572,34.6267109369379,275734931.5558465
134.22579918768898,34.739097559151695,156976571.20708025
134.068319567226,35.0559312282828,249460211.13441232
134.11039730569797,34.9341704165817,281768074.4325287
134.250501253902,35.1252820825038,104144245.13642703
134.16047873038798,35.1503614863126,231325022.101695
134.305965706902,35.035868460093596,77389006.84061112
134.324787861165,34.922807357001304,206218523.608244
134.248800094035,34.8601380322272,229627479.61201343
133.192481966412,34.4027285990784,182164119.54623747
133.24320701673298,34.5226352348823,139561410.96980256
133.18301866617,34.5966320031321,176553187.7165726
132.948279895728,34.21942657711379,174985301.93444714
133.04984168186704,34.2335506782291,286217330.63595486
133.099718750328,34.3788121519623,209254843.11448365
132.89151213307198,34.3044448094403,135109622.35566205
132.995182488333,34.5581462724234,278701052.78710914
133.072532942514,34.5188004134028,127063184.44454911
132.87138660582602,34.424843354714994,227838260.8666457
132.90068098276203,34.524432455142296,141512002.61755437
131.385978568152,32.219017935317396,244061484.25797322
131.46448426013097,32.2871252432388,213448764.6631364
131.27578230221397,32.2441563898872,221982673.44822243
131.469426982476,32.4159841433934,294262588.322735
131.396658856683,32.4865435524135,119724559.8753652
131.20958115965698,32.3590615495554,190046718.50433797
131.269401760332,32.4530775290172,150245908.03190443
130.344777778644,32.6517000511119,70305747.56728792
130.33523194998898,32.5529431331247,157024683.10772693
130.19538525939,32.5517351392695,193952475.95780703
130.251722241795,32.4815284583064,186135912.26019973
130.313285598177,32.7221397924333,27809669.201552983
138.967058657658,34.9477316109933,45259097.488284685
138.94183676010002,34.8979905212664,24370634.99601671
138.86669169535799,34.91393204862089,34072701.27870604
138.817263135375,34.893573601335895,84464339.27733427
138.814398201897,34.8287494693974,58906540.45026917
138.761719233654,34.8091878250908,7269572.856209102
138.671600206458,34.8793210833969,71830031.79272886
138.898793628177,34.7578464347433,51468276.288988
138.847710916959,34.7835674973798,80260983.69588897
138.870850519434,34.6726587396981,38954245.87905912
138.794561395776,34.725128527861195,46116837.440003015
138.812011063968,34.669775802020695,57605733.324280515
138.515281413234,35.1831653932605,157679601.8770209
138.082440321672,34.71417212194469,24634089.637286738
138.107685733545,34.6900581015879,19536851.870011527
138.052312311441,34.6837262741673,12369873.779680595
138.077557723314,34.6596122538105,11870431.148099205
138.17193226158298,34.6350183634455,16177342.308512503
138.154041364185,34.623402805784096,2354556.6988324653
138.143281420287,34.648266692813394,7557005.40729314
139.12363863809398,35.3898202890375,71620089.7763473
139.062156303609,35.508946673541,73581972.23212582
139.121847227253,35.4811663341861,149507240.7855167
138.970306899468,35.4127328478858,88877857.44692186
138.978159964083,35.3239576939557,142104633.59722957
139.06507255528797,35.306291531081996,80428685.29322943
139.102823123187,35.3365193136681,48076031.77524373
138.678516038139,36.5142513290214,338802483.90925413
138.580132810779,36.486460329732594,77099777.6992879
138.72152835314398,36.2648108555634,137269300.22248682
138.76982666282998,36.3951680572062,369489337.2461162
138.59949865733398,36.2733704818485,120592179.36738573
138.524492628687,36.333259087722304,72385048.47688213
138.54230221755,36.4076789496585,114660559.71709044
137.690162646696,35.5051340531745,272224543.61908436
137.019510615273,36.4586708632905,316253499.2623502
137.51090125129502,34.9982262816879,125368439.80956267
137.60159345116801,35.0354932162884,98499807.40550967
137.605651865286,35.138590812497696,90471301.36553635
137.50911853625098,35.199476187018,136054382.1851527
137.45427839081398,35.106312650970004,238467333.03337964
137.31038058203399,35.1432136125048,113467037.54602364
137.366897963064,35.0861286639039,157576165.82988715
137.331678838662,34.97206648792889,71569598.14966166
137.24144000011498,34.95535489592189,89411733.40285511
137.22598287264898,35.028349711377,117778320.6731668
137.308608982545,35.3583462154263,183262484.1490925
137.380354020657,35.3904144166188,147059700.5685234
137.38674237842397,35.5221419728791,180511486.64055124
136.75834474780498,35.4696294616554,96973564.97046351
136.600996890831,35.5302070709553,106491684.86184192
136.641595913856,35.4181803787449,82033204.29606116
136.580448402552,35.443153094223604,77631602.9176528
136.486525472451,36.1229740663275,286672147.3250234
136.36820317586398,36.116418102656105,161162324.49859345
136.438332412239,36.327729503735995,180964753.15574598
136.51999243542,36.2513481289707,269012306.0062448
136.29422688423298,36.2814354456048,155430620.5315814
136.257564610827,36.1984981071681,79699357.51115397
137.04531027838198,36.80234568003839,137744792.29948238
137.121452643384,36.80952926760779,58821474.17747204
137.047131732885,36.7123726639065,74534848.87072413
137.335815354969,36.5924947655619,194992920.51104167
140.140628605593,36.1299598623447,123028346.59279498
139.98816242373601,36.170259541640405,147009216.93154413
140.09913438876302,36.241139594926196,119589971.86856796
140.03697427872902,36.253617215705994,119271317.35147029
140.196135081057,36.62474825322389,96699681.26695919
140.106572561538,36.829314391564196,157955044.23473766
140.026148524746,36.7115394465699,242877525.99743724
140.046247894608,36.498373324313995,253930119.72369683
140.07282739305901,36.6075433835496,184730297.2816929
139.885934520882,37.5535537060563,234987119.99942535
139.900561791342,37.706636492246695,414649708.84695274
139.58539899410698,37.5972599189979,315924041.48642844
139.656600853209,37.8214745502924,
139.79042901238802,37.8996925710414,
140.15536506179998,37.177625592960595,184998693.4018366
140.139369151551,37.06405880610839,192004782.80654433
140.33108538801,37.229168160521695,194944344.3817224
140.25168437557198,37.256658611535,107533019.43244614
141.310278338922,40.6945780602075,93457595.0760536
141.41475196718102,40.6580115072285,92388217.61323047
141.52704988626598,40.5676208528646,
141.485189446062,40.7827920049308,
141.370141888635,40.97045544870959,42554855.03979327
141.28788932138102,40.5993414521541,129837252.68065043
141.39236294964,40.5627748991751,140043821.5206202
141.229786522242,40.4559086298708,244078807.37431198
141.19783628425202,40.5672054684072,78622656.40294057
141.428579014338,40.4276690541108,205339642.29844862
141.35605562406897,40.35293876855339,200089825.8746275
140.75828934667499,41.02464669237659,233312851.13438922
140.754474764838,40.92094344573839,99033722.44273621
140.93623397709902,40.55299726603619,237618994.53955272
140.83001689653602,40.4314950778035,293677378.83175826
141.365748404694,39.955389130493096,221264818.24538207
141.511439400804,39.952183252113,193049449.77987337
141.522192405396,40.0928454871494,219711389.94408128
141.3993709821,40.1995663793262,202995819.15933034
141.312781911873,40.1027523996924,326518380.55963635
140.013255747486,40.224768110900996,28623387.678781375
139.686062723394,39.6689643888318,
139.952401956807,39.9348805495563,242473717.9948666
140.343911358618,40.149760723056595,122970727.19540928
140.434635508629,40.0331834009547,114623946.66340327
140.37666353640597,39.85819827221759,289737726.79340297
140.719815761085,39.467339025384604,218212654.7321597
140.62764519906298,39.391529004811495,177263437.20039976
141.47227381775397,38.5061834408889,49104607.46126883
141.39674006188497,38.5109844787371,103662716.02488604
141.47687263782598,38.4114147373737,77800904.59487382
140.96218757148,38.26669235205959,69202424.4029274
140.891588805396,38.3038951120782,80856863.0786462
141.041066869428,38.3817383519757,134621148.65469515
140.871352025943,38.4219984248991,67399785.1791336
140.922182992338,38.513560335125696,241494723.42686853
141.021299069739,38.510503022220895,291080020.1009592
139.41642110358598,37.886699821779594,209184795.08428487
139.334816374875,37.8087273214761,226346884.03194702
139.757759986284,38.7260572543086,216340751.0583367
139.663065233373,38.9232126377985,
140.168886352869,38.2077151653681,115465408.14677446
140.133425545971,38.0992682124813,216467720.629489
140.110055886504,38.303120711526,133152804.61218832
139.987349801673,38.404795386375,314324134.1574274
139.86989932789498,38.308749955212,
139.885777483254,38.084289186867,402378975.10381776
140.002859240574,38.0234391564786,247760182.1585658
136.351683194694,34.558285054877096,111053362.02662738
136.371348431307,34.6988580465054,121802676.79057565
136.26542889765298,34.5218011576317,175640467.4130769
136.215165067872,34.6250358657951,190242533.11770806
136.325897540184,34.807980230195696,126565572.97104491
136.25596847379,34.7706419467308,193256559.5781024
143.927342366346,43.514640827394,287460644.2843648
143.829897498474,43.651314046705195,374651793.15667266
144.047796919686,43.6327947631521,186121356.9422661
143.95035205181398,43.769467982463304,280593677.0118432
130.26162488476498,32.7887176249842,75252417.1655298
130.268085645291,32.7187126565145,63119087.68200907
130.205119729179,32.7896132387472,65005489.983601816
130.16621496004498,32.711696996483994,46620749.45002776
130.207640397087,32.6666846485023,45714681.75091349
138.853918259496,35.0391044847921,37640843.97093468
138.86157222068996,34.9744773811488,81521114.88074967
138.92932196170497,34.9892293081419,57525259.865782835
138.94566853355101,35.0552399770815,41843914.11327776
138.91364919913798,35.086966295799,22969634.254092712
138.57003401076,35.1257349178824,35364134.6801771
138.63563832633898,35.1611255887947,46509742.75593947
138.536267057793,35.0535130767888,32609245.370897595
138.694855334046,35.0835946213335,135415105.09520316
138.620196444015,34.9827288722505,235486354.62272784
138.713180404689,34.97741974588289,121390143.00783819
138.518738237517,35.3202097107915,34451606.86904942
138.536587412421,35.2672500736182,88417383.99522133
138.572456085195,35.3796140530965,22714927.54268826
137.761550430537,35.690512201839,154935495.36974666
137.696783154579,35.651747339046295,173656804.81273457
137.751617883891,35.83166776820399,99829180.41427612
137.54383037472,35.434986756605696,204365262.05043578
137.59468654859398,35.5231323208344,170521016.9090623
137.459964108852,35.5394613554343,118534952.9399015
136.70462082406797,35.9742837001845,267597929.21906042
136.80295199663396,36.018157383710694,324008887.5412694
136.97697173958596,36.32931922174829,163910710.40767008
136.816647150315,36.1496531638176,331556594.47665614
136.79637695753698,36.3408374331453,217879199.0668083
136.700849324589,36.2619819841455,289830871.7141587
137.06428195102498,36.024712679448896,210560082.46515515
136.965492537621,36.141312144003,171744343.17604056
137.030289493944,36.2421227529339,211965012.8332922
136.971200700081,35.4429664835532,209267234.4431269
137.04126272984396,35.39007178821841,98859022.30372135
137.18892414222603,35.5344182307972,112731140.2151576
137.148698031906,35.378669719872605,84681725.5603271
137.214978773169,35.430583462312505,193992423.75246993
137.194010843505,35.771157449841,86487858.77250254
137.313683045088,35.6567013395967,202052195.09329772
137.23014867602703,35.6416685560254,161085987.89544895
137.24937498320398,36.7074849080643,95483137.84528929
137.25425726825998,36.6110365851945,162054484.17248803
137.177701714581,36.714481679650504,43786466.1329804
137.113482250503,36.676948117715405,97065645.10704197
137.11104812393998,36.5361489167103,245798667.93505037
137.180149873074,36.4772341557756,104093081.6281324
137.333649991527,36.442071330409796,251999942.47939214
137.452553909946,36.476790529476,229902856.84720337
137.23608481568698,36.361014475572595,170538971.6461109
140.13074362419,35.9992729436769,112127762.90679279
140.111311987548,36.0767540791218,1758503.0340110336
140.060843021616,35.968926720936004,156168154.81597966
139.989519194712,36.0493073850657,131567099.46320342
140.021005915725,36.1045761376377,1966927.6222916406
140.23519212162898,36.7036536762258,87069144.51116908
140.192308470423,36.8042237515458,175660427.0606228
140.348484427932,36.7205085759006,128504187.88472097
140.388430132962,36.7910098927305,103576204.68134175
139.45165097358,37.34884718175599,134316376.5837052
139.323976255662,37.1620659000855,180839941.1321643
139.40952230686798,37.2033528006492,178492613.74274215
139.48345281307797,37.1348431916286,191776477.20081285
139.277498413911,36.9843817792746,310458819.3771827
139.44049059639602,36.443343685161594,314766192.58068466
139.39202089718398,36.2756194659276,308242108.655195
139.43664856730402,36.1102614517161,295961021.7827987
139.53382376547899,36.099021222184795,255614251.897136
139.618459237752,36.979327306439096,291156650.77452755
139.48396691166298,36.9984431203332,180263808.72167638
139.393007241873,36.751695712875,337293795.17299837
139.363558563702,36.8892686085429,280966302.7261224
139.31663847617997,36.6617349248535,183772319.02192748
139.351795403469,36.545725201986,198459980.8307429
139.172033711436,36.633432751687195,198596169.50173828
139.27315197859798,36.426909485745895,109837398.9451033
139.181943643677,36.4661159183772,358346479.07458663
139.88577921974698,36.866374947138,204781638.4939635
139.92501387255598,36.7395090173331,189227129.8018841
139.975419874785,36.370427617164296,97248333.78737715
139.953989374716,36.4698313277991,133891553.9160997
139.88628796220098,36.3166864378197,178964764.9451909
140.91792002201097,41.0846748162972,211729422.33819336
140.876389222173,40.98396166461959,156140882.5155135
140.95244293604102,40.710822959221794,450642364.9191326
140.853957335586,40.795623536982596,157573081.69343305
140.872574640336,40.880258417981395,33245892.05675509
141.14462309277002,40.3833540103917,296235649.2186
141.027268859367,40.43551098717239,205362925.33806252
141.12477151146,40.2256239309771,188999845.22025594
140.95600482648302,40.2003905698989,241230079.40066776
140.92105177880399,40.314008798939696,261902758.85155037
139.762216740564,39.9297183298299,35372433.80933304
139.862885599338,39.9822409783731,128956132.14320937
139.922422218414,40.131646696640395,247079416.66118422
139.788606268014,40.1585318141931,
139.89663040785302,40.290945495834,
140.046873415383,39.949852198908296,134394394.80835238
140.12310702792598,39.8027362303098,169163446.8064616
140.242183225782,39.8630861937099,389433218.624643
140.25199589441698,40.0673485271004,384298996.40228504
140.13423686816398,40.147480406777696,321777998.8576749
140.048190586986,40.0903340419857,103800077.49881396
140.70770354242802,39.584454968619,192822922.26784182
140.627952101703,39.6493514106591,156069822.6105152
140.83049560866,39.648765920214,162803312.20399347
140.82602261267098,39.812256787825504,378190532.25269395
140.703548324658,39.8282797283712,241093738.89306396
141.45693499179004,38.306886731553,18014646.31042508
141.44475915616198,38.367669922626,29189379.77246924
141.361015091406,38.348174066073305,91900017.05415468
141.303252714888,38.4291718578174,118140531.95075138
141.379332639468,38.437215849004495,58163375.881569944
139.171737127764,37.8789663155409,168329958.01885387
139.292592950973,37.8899358981396,238748.84562443275
139.183902661089,38.093327806914594,
139.34149528358398,38.146559789183996,
139.374197679684,37.9679083984431,241502.65298692253
139.852033827957,38.7455729192136,200433264.04925233
139.94728608511198,38.592168316874705,307785666.9271862
140.076854653626,38.603625705687904,326618123.4643466
140.14798836620997,39.2830529794989,200608262.37459517
138.593868720384,35.349142693537196,33693607.169330314
138.64153966614597,35.2122878520567,37253268.57216327
138.597241349754,35.260981861502096,15946671.01838445
137.6750134551,35.9661589390752,164542743.65471995
137.679557127354,35.8658205015891,122131709.33528747
137.624469313353,35.7713723280177,96969317.27904624
136.67091898458898,35.749024716669,212462669.4501313
136.75483970167798,35.8270314482157,161256010.70109773
136.68076530652502,35.6113418613315,160360724.65265203
136.776965652195,35.5757369675103,233267370.7649448
136.98630703929598,35.5839598571391,279951537.9280849
137.077671435276,35.6126284149966,169391469.20017314
136.872962594874,35.6655475458876,208843456.7708833
136.86068296629298,35.7791591712555,123725558.67070256
137.102996175882,35.756925323862596,318265398.4603564
137.029209751929,35.897231957795995,328134490.2677801
136.91672518484398,35.8823356422432,142388178.61436075
137.596057108191,36.2550192161586,
137.48953220174698,36.3220055451891,
140.252978789451,37.0303555531041,148249067.144457
140.26516299090898,36.9145877173788,227640208.8405423
140.34799234714498,36.8845189588887,108583113.2624973
140.348375712138,37.116431888943,145136961.84353378
140.436370318464,36.9879546676167,159728212.5458637
140.44893788491498,37.1040997619457,146784950.66520396
139.55897395687498,37.35665024903789,167008013.9338109
139.75716736221898,37.4733161819445,163056445.28697997
139.65487813883098,37.477373507837996,321867353.70760477
139.783804408248,37.3457878373877,170836013.35900018
139.57814895918298,37.2312586011234,183740201.31764954
139.773878844237,37.1852349682803,277459273.1831345
139.67879858654698,37.1306328833682,306416395.91570324
139.82953336489498,36.633985840372794,171460252.18584037
139.845614449959,36.5273994090819,114349742.21573898
141.13111281393302,40.68506159928209,116348844.01881914
141.06191777746199,40.78374743071199,194125164.26546463
141.28552238476502,40.8709405065324,207544106.89140892
141.22881835240202,40.7565597447525,276330547.67488116
141.223562451378,41.039683277234396,443755731.0153348
141.095525366367,41.1168157335507,430044784.79736525
141.02118409123798,40.990288660190096,182842088.64451683
140.28484546913097,39.4979287951017,240326488.87243864
140.51255514255297,39.598227528558596,241130936.04885906
140.500136021256,39.4575210659454,188234958.7381724
140.393358673392,39.3875031721017,326154764.79428923
140.37154508830199,39.7056847527615,347562336.63078207
140.49247741386,39.7359655923747,230925723.67483455
140.51070590749498,38.9489075483838,264072892.10562146
140.407098739248,38.85114959748989,258806983.7035172
140.28100884616498,39.168291613116594,243273405.87402308
139.88393958039597,38.8862034124245,163889146.2281925
140.09696112277797,39.666586279666504,261885154.30299157
140.173956419145,39.4906874466423,335948176.625233
140.11197231484198,39.40415876104289,143125586.11664933
139.968546172224,39.7441875630954,274383867.06466717
138.67830798228,35.2648116548178,94497715.35599092
138.70220089275,35.438139868596295,132160918.63666686
138.64008760803299,35.3628358840812,114070031.74124177
137.360940528867,35.7541662451314,159062950.6533888
137.542684029366,35.7820162521855,168840206.3035783
137.454400298622,35.6790433175088,93647419.7300687
137.51952177249,35.680389530873995,144117727.12004587
137.591498804067,35.9757769828413,104451575.74406596
137.575690441728,36.0538695031416,96292668.06536674
137.514257192334,35.886082469523,89568198.45913433
139.72813686222597,36.656329655434504,222764319.2199866
139.629486044961,36.8355866446095,367199786.48955524
139.745789103492,36.8036311011501,263370864.7870587
139.524442397043,36.7171295628357,155805870.09415632
139.53676882427698,36.5247872579898,221802909.10271594
139.79918175702602,36.3503973350595,196568918.71290654
139.77993874485298,36.4617065956869,111743405.59726757
139.710594993255,36.227292132810895,220832541.61332175
139.621195120803,36.2577861807678,240917897.93171933
139.61537141989797,36.4506855965637,299095556.3608506
139.68552828017698,36.5315008092342,106825397.68514341
140.433378667659,39.2707824873375,166667229.351362
140.39590183904997,39.179918058355796,188309757.01290363
140.51384702001897,39.0978723140841,127411616.69132464
140.60307778605,39.128475602782494,116012455.11362332
140.579808609867,39.2201666704254,141330848.88776413
140.302511235711,38.9131259205711,303540656.06715286
140.250262677756,39.0483177627015,298734576.19606155
140.226909709953,38.7711523523478,169947574.8352856
140.106465408921,38.771528084104204,369766413.5217485
140.07699833592298,39.035517298875895,270246951.426872
140.008802592846,38.9007011885019,304533150.3515473
139.989314378529,39.373496221270194,81583616.38743842
139.754144457873,39.4236375826326,
139.922883532278,39.537626190298504,
139.740787427043,39.09149372634,528262526.1599552
139.867387932393,39.034968836061,120115443.36734383
140.025330429897,39.2523904397262,263049529.24374947
139.985086568019,39.124828609518296,227942254.72006258
138.72596853574797,35.276438666000395,45154918.19101373
138.837512220264,35.2421951266968,120568311.59836803
138.78414763392297,35.192862141488696,136616026.5391111
138.808241550957,35.3710401105765,103785709.78604446
138.75679753587298,35.3840943253578,60280554.05754165
137.406852880506,36.1750286376831,154294944.23877475
137.464129322289,36.070977614826,146119858.19002214
137.195984726097,36.0590240653005,302893802.76026005
137.430811181103,35.9714038961937,216092195.638261
137.178154715943,36.2003019251016,262144188.16283834
137.27230941286498,36.2487567671328,164717843.53310254
137.251927194624,35.94577546962599,135442854.87403876
137.335322510925,35.9137514813451,333451052.58403116
