lon,lat,area
143.76847110172798,23.153161739937897,
130.88113346771098,23.667593406959703,
144.0305451717,44.5283231733549,
143.025193313607,44.96716006327709,
146.108150240415,26.147908645296898,
146.097534235455,25.994993521671898,
142.169911646994,26.929515394138498,
141.588438293478,25.5390853197183,
141.87972010571698,26.1671446428381,
145.516060881939,24.6045634472517,
145.80734269417798,25.2326227703715,
141.06857384178898,28.0999328136912,
139.030932113007,25.877357906076597,
128.404064506047,23.077746903175797,
141.545443520052,45.39475982669099,
140.918061644514,31.7580894281112,
137.19257184075298,28.785454548995105,
123.49796357853899,24.3114735055104,
125.105641471338,27.1687801446039,
125.06656594594799,24.7384207731804,
131.14132941884696,34.7916764157402,
137.488229861994,33.430275039493196,
137.894292005052,41.2031326233318,
134.573261241342,38.7350622287211,
124.43498779007999,24.3820576760541,
124.733822196984,24.5754101318748,
123.907786772121,24.273119080336503,778437997.2817789
125.748733372383,25.3071026136423,
125.52163684763998,25.2699379398147,
126.67098305819098,27.871783929527997,
137.11027031172898,33.1498612453437,
137.159438414427,33.185846486459695,
140.90142485835898,44.3368052683941,
131.87560490728802,30.092469597085497,
132.798448263723,30.655465482199798,
132.85322523214498,24.067757841847502,
133.83656506499398,26.5458136774809,
124.07625030408299,24.431478205840197,
124.376354797299,24.503252127730196,
125.558340263598,27.1963348368591,
125.858444756814,27.2681087587491,
128.076517570683,25.5568829121144,
138.252999397392,33.7699876638333,
139.020902472738,33.7517559238563,
136.52144982966598,38.7282225977526,
138.279012835788,39.4061730542601,
141.389531759454,43.9640650408113,
141.164338677681,44.9424139688007,
141.782827239306,45.4370971035399,35833851.58897856
141.39871006153197,44.814591140028604,
145.06431205134,43.955018901849,219539999.97740635
144.89424479976597,43.9205246019573,426304941.53889585
143.93005668488698,44.235056240981095,
142.857016486305,44.208473479189806,344849491.07927513
143.064639681909,44.3148752712798,242628915.35367623
132.074819650488,32.6979266779869,
127.517295181848,28.5188066394528,
127.919224178262,28.717672700857797,
129.060288393762,30.019076786433903,
128.47345056008098,29.128885004514895,
130.83605572926902,26.716019379875096,
130.379770159056,27.4960242412548,
128.91084818261098,32.921937752305794,
129.36058043822098,31.3362943828341,
130.512816176457,34.568044413843594,
141.496717149843,33.7037836532298,
141.56949864763197,44.320150961991295,482056651.97977376
141.48752693895597,44.138855649002394,
141.84382476560998,44.754066658415404,295937296.3235485
141.612600287037,44.4838589415561,461304496.2633304
141.607629134202,44.6486792665419,
141.488092092435,45.078804483051904,
141.42644878738201,45.2966542385643,
141.25372070858398,45.20662731182399,306869276.6659411
141.663832506636,45.3389915154132,55080055.455194734
141.919771860141,44.8461038961045,214426377.9583951
142.044266802735,44.470896182295,704522911.6580007
141.79328698989298,44.4474010590423,137574263.39044353
141.887411763141,44.562486597337504,383051340.44794464
141.75018535048798,44.283693079477494,160665837.07172048
143.423642174736,44.157648918820804,290137507.69171673
143.387138638788,44.3003233132878,167390907.00244537
143.244043133103,44.148389926812605,316811345.6566924
143.207539597155,44.2910643212796,263614464.49430412
143.21912028563702,44.79660519113669,
143.570565904227,44.4959218998063,
142.70662154397,44.24267857867109,243513863.2855229
134.064325286694,35.8298089990995,
132.10204013816698,35.283260287436704,
131.193159745296,35.167518350121306,
131.88891876576898,35.67444890866229,
132.55363711728597,35.42378220084,
131.798422256325,32.0306474542494,
131.885178833133,32.314503744448196,
128.893897611171,26.0286653018238,
129.00298532130898,26.1261080195775,
128.09967311823002,26.8346830116585,301182387.0030927
126.473418723267,25.757336348432702,
126.782465642151,25.6727307925011,
128.483903531346,27.384713882070603,
130.727878261431,28.238354640124196,
129.496480506855,34.2187149312855,
129.00589207393799,33.38275084738769,
126.94527960912598,30.449097589053,
127.23281713916398,31.122789280146304,
129.311745182235,33.625369412438104,
129.514796085114,33.7876418052426,
129.495059955591,32.765712255084594,
129.519967071297,32.4087719963469,
128.81672590244702,32.7264889154775,218760037.57380068
129.073066699137,32.35421109798239,
129.208712966487,32.437987342186794,
130.369505888919,34.289863700030395,
137.791882470363,37.4319566526444,
137.473721316327,37.7003703885864,
136.113469601769,35.398332429738296,154549045.68137687
141.726298012794,45.1095994712451,411605243.4085846
141.867467551095,45.008375595645006,400819751.3593841
141.72931034819698,45.2797595768661,219776687.80996573
142.010232896466,45.1561491848082,458926901.3222164
141.988058090835,45.355478648535,322408260.5117032
141.848305080867,45.3778651649928,217495192.8551344
145.043913801369,43.664049942321604,123218378.29926349
145.110284296989,43.820629282821606,151358435.8088717
142.147043137407,45.0762900265227,449459397.9983889
142.350628916793,44.9026414074546,279575182.66072243
142.17527876356198,44.6078266218816,362277958.4189184
142.094370818499,44.7914542746132,171250515.74246413
142.178876750394,44.8738668158682,302112831.7440083
142.49250059487298,44.832537389557494,483308404.0850725
139.95588941135998,42.7155885496131,
139.987322884365,43.1590217431923,
140.298000290184,43.579046527846494,
140.02597335559798,42.4556684522223,
140.02336362992997,42.270857688147,437196676.3826628
139.78237097160599,42.4256275392807,
139.77976124593798,42.240816775205396,695581554.2563612
141.784994529222,44.168423029302,236444519.3990521
141.66440697585,44.0138874524052,323777608.3034945
141.734149280922,43.877930020174794,498733134.8795719
142.84607606378998,44.021532119862,829762168.4469745
131.077459289832,34.46356678165169,
131.235243633153,34.5119793062484,529273744.5361509
131.796015810327,34.884667615690205,
131.700748194708,34.806186221947804,
131.54690788027798,34.716287233745696,
131.76619230964198,34.66962507009539,151605597.9256568
131.378058310257,34.6071367422198,562732688.8019199
131.374510408416,34.0714068748977,240976961.15881985
131.299799120292,34.3203797214564,271992724.6480688
133.75492576974,35.7658731923196,
133.903639120251,35.7993646101762,
133.37559587985598,34.3210365914295,
132.13529566894798,33.165518504127895,707442512.9462961
132.354052647729,35.070048162781504,120085481.31148899
132.73169893598998,35.553703532407496,
132.347849708085,32.9015205705615,
132.28284062630996,33.0560281642569,447562584.0173086
127.02543990229499,26.4319019514594,
127.063310404866,26.297221169884498,
127.227455102088,26.3755620393474,328619208.3676454
127.67894350539899,26.738048941031998,
127.61738640839101,26.5274789494704,
127.98304699534201,26.779843902451198,334539861.2177152
127.40129063013,26.322364075009197,
127.539647329743,26.3670000569646,
127.546192851792,26.159417649614696,211673570.63610134
128.023897346565,26.5231289045184,117766266.90621684
127.99215810414,26.625940325681402,292682651.0563467
128.195761885059,26.942642241655797,375057350.17479837
128.329869406299,27.123255769830003,
129.42400753821002,26.7522019159263,
129.20501313650698,26.4139378573818,
128.26208107581002,26.8639120111329,53276042.629557446
128.177194195347,26.7062614807626,
128.80482119970299,27.676420950446396,
129.61648573179897,28.8309938636082,
129.688454194233,28.3905881499174,323522774.46908647
129.796444877418,28.8216759918219,
129.86841333985197,28.3812702781311,208255049.73572594
129.886822395429,30.612071679014097,
129.43811766039002,33.2237081712459,
129.26791081944302,33.0648658503999,
129.466291456062,32.9261534833572,
130.02396500313003,33.6395562796095,
129.82491523009801,34.023689149480795,
130.154114376891,34.0860380389683,
130.485650186661,33.7777917656784,124433859.98498914
130.03014782478598,31.212199074605998,
139.550095804779,34.785561812595,147484173.34186184
140.11902030330597,33.7665580674939,
139.548181582887,33.2574045016092,
140.608932993804,35.5787400495054,
140.325765040098,34.6930454798202,
137.920295817744,38.0607020138202,
137.840297128413,37.8929042066124,
141.93995283184202,39.5848225181937,26722620.109552953
136.22521794581698,34.0624426140801,79972345.79967521
135.889359495021,34.305633499559406,114443909.84742516
135.757152297063,34.2339351451119,199265446.3227213
135.789879537345,34.3374212524662,113021984.23566334
135.846906397422,33.8270458944396,40359742.782940455
135.923171003532,33.80240541206759,72945116.03052263
135.783102535113,34.6696344101613,128059197.5620434
135.791987063238,33.9727005821808,119851867.589833
135.80160814436698,33.883839871473896,130644355.2067433
135.50986045538698,34.0792987412988,210826824.43278122
135.668936986143,34.227223002726596,220663365.2192215
135.679270922646,34.087630776012,106623852.73889545
135.612874279641,34.0406302795317,255754568.96796036
135.68882971667102,33.840711887036996,168581331.94695753
135.612811992537,33.8825721012636,184754969.6684751
135.344601909561,34.140747755782805,116729318.05421788
135.276403700064,34.164807635220896,81351235.81597827
135.21300398733598,34.08789935315159,65064213.03994601
137.315083488363,34.5319243618767,
137.166585406323,34.524041280263695,
136.15850454782398,35.4777766578543,130118006.82838233
136.10553035244,35.538505247388,75019448.49705388
136.30352402775898,35.534393214632395,226795068.72175252
135.11634118458298,34.8504805614042,148620151.48227584
135.114964958886,34.7645542585605,137407768.94904417
144.187383826266,41.9036050960791,
148.418583170682,36.9470101884741,
142.33865394107698,45.1504834411059,71262404.74726261
142.257051768777,45.14651931522479,162695367.88902086
142.37949045368399,45.0353876065071,143018483.68311402
142.696596109947,44.3866811693052,355573663.2530842
142.503858898929,44.680586605488905,432537131.9217092
142.472847040425,44.397624455533794,385821486.69242007
142.35274517181298,44.5422525049491,491439729.3744149
139.84080715406998,42.000018215802896,
139.656949148376,42.1168462671627,169301179.1762423
139.471035608256,42.0934006202952,12247215.358374752
140.191466294649,42.470208818706894,
140.04682967642398,41.9764498258776,117794293.37638117
140.16924694347298,41.911124314415396,261392160.18570682
140.106574054722,42.123318790179,192482675.36312693
140.228991321771,42.0579932787168,334362344.06210846
141.04122264384898,41.6760787733202,341044759.7210188
141.50714265385497,42.284128554594304,
142.081921493556,44.2254329017446,599599512.0454524
141.947342016183,44.121102890455795,346531743.2756597
141.947900453667,43.9288475909085,400851235.44428724
144.802767028458,43.7475068391306,606454800.8197743
144.90646378441198,43.6254217985223,293305336.3149764
144.270124721349,43.3888710219657,418387180.9851021
131.661946058643,34.6193468897496,11518821.560325276
131.53070271762297,34.5578577479454,16103505.355580823
134.57033366746202,35.5276379925555,131682608.62994981
132.49585156975198,33.4987572212568,96910535.68337217
133.299972749592,33.86252405660189,175245507.09898785
131.902482215955,34.6507852525989,178429324.84626257
132.27739791730198,34.9170449492997,256850155.56796545
132.84268295647797,35.3945434563402,154502259.21548662
132.86990873362797,35.655678713202896,
131.40293985185403,31.676660696465397,76216168.09168783
131.368611305052,31.7650286747838,123929691.81272331
127.656974985804,26.1646783864884,8087869.859946554
127.68829996632599,26.2375800122634,16707406.96684785
127.710627816651,26.1497739190842,84366548.17838801
127.76338680689098,26.1782650543524,8723134.615178496
127.741449567501,26.2262959011207,103094175.3807492
127.86872410210799,26.2421813914128,11894476.632675758
127.81773355167299,26.482166452173296,50689199.11009367
127.88840175747899,26.538832866965098,178240726.1500858
127.7931440742,26.310403448524802,101073128.23917599
127.92014099990399,26.436021445802098,78586304.90421842
127.87090680381598,26.334944540503496,240670708.51420006
129.028039022355,27.9218443039899,
129.293959187679,28.5203290175331,
129.492122276055,28.7144601931407,
129.564090738489,28.274054479449898,
130.14362369939698,27.418182338223602,
129.720017437593,27.120631428956997,
128.946796974039,27.783392351236497,
131.168621309385,31.680760693424702,510094064.18116474
131.28439420760398,31.6595066730393,200128387.29818782
131.208275646888,29.3509193631918,
131.03960170263602,28.9581946729218,
129.640957417719,33.4536464931141,
129.626269839957,33.22715114591399,160013689.55374393
129.774984130374,32.715547080103796,164414808.64061254
130.245409569792,31.3737731095866,192611122.01841208
130.380340002066,31.360889523740695,211950868.57844263
130.41883626205498,33.6346919817546,224109124.64152348
130.589915162454,32.3931200536977,161192936.53998592
130.573989411855,32.2301671136214,209992302.59399027
130.672576432167,32.2100079534057,250603848.97743043
130.685929723371,32.48563377839999,159509544.0661523
131.259290708205,33.4690225680195,134692680.17070597
131.14405369639198,33.7204110063282,
131.25741154614,33.6669895260105,
131.125424636151,33.895156739673894,307636743.94822097
131.235263684481,34.0591691507925,200872992.2777892
131.19864073714197,34.1806148206776,328650307.39220405
130.89101515610997,33.3257065307232,137253363.09238926
130.80213457839,33.3244200237201,243447582.90414512
131.338608498966,32.860965787445394,237720434.41890082
139.610298760548,34.9435731728787,648010707.5851914
139.56762741477598,35.248022664884694,121888361.24601777
139.69344790813497,35.1870380669544,127735259.33630763
139.74680266545897,35.070948919030194,262774202.08396983
139.59267358324198,34.562990708597994,
137.84866037867098,34.9033393906593,41056207.523323506
137.978237759637,34.6450205141304,36664658.90460999
137.606000197116,34.5060407651619,
137.442060016107,34.5290914828596,
137.876924508642,34.695762176456704,49053161.95401185
138.642408279276,35.65867709133509,51038080.83223752
137.52996111845098,37.136338504749006,
136.88923597404,37.5424447420638,
139.425568272111,35.808644703407396,121080174.80876303
139.320737992854,35.7100916220345,92069262.25318652
139.394107845135,35.7056296452768,111417488.81519637
140.479301821551,35.550742760514304,
138.166674057456,37.0239223904847,157006558.25627464
138.068569225587,37.336887340193094,
140.90102651153097,37.5730489750011,123378737.33147718
140.84265973212598,37.4732283970572,269264966.9705732
140.92380714657298,37.374372806604896,255122833.96430042
140.954007909528,41.5498579466652,280708373.7446523
140.83070925395998,41.655013572051004,279076515.38216937
140.23876225791298,41.77478805407159,431298980.4699299
135.95455074524398,34.413978325326596,235657299.1940636
136.061786907222,34.447832091611396,189286502.63626766
135.893629721289,34.507659621593405,212134843.6093865
135.89787680987098,34.6258713269073,204514885.49257174
135.971880058806,34.671415419375904,128092916.98620102
135.22591765583996,34.9077657253149,106901347.27007319
135.656535743058,34.69560535647359,43359044.5503499
135.738723696774,34.600391809447196,76384692.7312587
135.787178664126,34.498390462601996,87802258.60389203
135.748619730405,34.436496919242,112794214.97809435
135.671716721475,34.6160746723374,80412594.2457243
136.49845544933402,34.1523323225436,
136.33924415205598,34.137239781282,
135.926798670729,34.187600101413004,182383453.44046983
135.86816528132098,33.9955926350799,181657567.93113962
135.843664451649,34.117234971296405,195333208.64953703
135.831502727943,33.7576383105588,58688879.79149939
135.865392165327,33.5875584012507,50611783.72955405
136.038636419169,33.7735593126327,28918167.83342405
136.22368343595,33.8293359960732,
136.308514028709,33.944264264096994,
135.910872596829,33.6344618627688,37143948.5504929
135.93726715710898,33.730346869975804,69775808.70837042
135.894333927528,33.7061776881357,59084426.366104625
135.99214641863398,35.2484591005701,179521851.9771192
135.928146319284,35.187820229397,195610703.5099768
135.996301816386,35.3753007388044,109653328.41391669
135.713538782184,34.7825893412052,52995475.46658156
135.77309859893998,34.77230125778309,126846625.90435326
135.973360807383,34.7721700409061,145672971.65891558
135.613519145148,34.3415443431159,120839089.30003019
135.68003371302598,33.7299527993868,150341166.88354823
135.79475923932603,33.6053091160017,124854579.31574
135.777408471243,33.7036731999429,146855483.3568102
135.50130860732398,34.202968020134094,118869818.34661976
135.42393035259,34.214403854436306,167907211.67993224
135.554916392676,34.3160602424475,62749113.22844392
135.518660791932,34.4178775197015,91452192.04725835
135.25294065327,34.2433372258098,118446124.32356143
135.12823916466598,34.1435846860614,91686640.4508349
135.18007320074398,34.10566275530039,16541052.043323899
135.145637164692,34.2439320053259,135403013.72896695
135.19747120077,34.206010074564894,25967356.876825597
135.157731028518,33.9268858164489,12050802.617597198
135.19920263760898,34.0066299072423,74166139.87724721
134.986984611534,33.8990181044988,
133.49538395985002,34.1935943739258,
137.33928666780298,34.7015153824119,105019859.23689254
137.587144199571,34.6814685446295,38914888.440242834
137.04180177926702,34.500329112717594,
136.943115092256,34.465416986945996,73704683.27877751
136.870809436878,34.4174715503025,128700188.41147694
136.15343493483599,35.6473261955382,108938257.22357039
136.10611882691998,35.7404868015459,155133922.44191402
134.91019179491698,34.8392050300701,116996744.34151103
135.01784533181998,34.98708956647079,180042219.54028675
135.026059596978,34.8918098390631,156242025.04336202
134.35005751728,35.882692707533096,
134.948053681683,35.6826420332679,76506171.06251818
135.09728086413898,36.6257162230839,
135.776765225574,36.0352826600118,
135.723738082152,35.932103320311,
145.02795342090002,43.1026680407928,95640818.46125686
144.022910455248,41.849444269036795,
145.009714281663,43.3790335898073,203059900.5280642
145.653045442113,43.29237797723519,43557345.25734562
142.80954251751,44.4824963368302,429288970.34502137
142.73690717510402,44.63177372359859,382353949.0776213
143.027191147137,44.444895538286104,305723977.4222345
142.89428629895102,44.6682410688327,
142.725548871048,44.783724507667195,
140.477458932525,43.219048680564896,244928893.4668534
141.08512889278498,43.776941503369805,
140.7543928197,43.6757432642058,
140.561056741908,42.6118893742344,516635647.47181374
140.18570736059996,42.6511096838112,350067904.9927914
140.193732861303,42.926530327658995,
140.356181531478,43.0503487149153,
140.382934715892,42.690233059749,500647844.36354315
141.535842640236,41.902468013465395,
141.94327706605202,42.076753451178604,
141.213957042015,41.564127921525,
142.11233636843102,41.9989103426013,
141.895204623777,41.3484051672912,
142.25935682158197,42.459901158575995,292177089.73234195
142.428416123961,42.3820580499987,199082732.4713482
140.377141075314,42.2746514527326,435250036.972506
140.382819977367,42.0881674473315,371187491.0141001
140.715195089865,41.85728397132149,22817579.06673143
140.786486863308,41.7785933881668,46422728.97144158
141.66048776447698,42.5579459437836,
139.25817818279398,35.799289489688995,111848947.4501166
142.258146532623,44.1747082170537,317491969.8898661
142.528324702104,44.1870774830034,165900020.86053416
142.41609674268898,44.2706286133881,277118133.2250361
142.345423714032,40.3959034846521,
144.4774014816,43.87136518472399,384611308.63504815
144.61930111021798,43.72375957409459,317852277.00045705
144.28389232111797,44.0969785234671,
143.96268140208898,44.096591701819804,
144.63724746206998,43.99564470119609,
144.403870062144,43.970232548998794,49851341.96546765
144.89618098612797,43.3877530137777,306597298.3184206
144.81229468892997,43.49698797518911,166000344.80674705
143.985941192544,42.8417402521812,
134.023828766751,35.4897223841622,92537601.26220872
134.42781453080102,35.59697184647669,14723401.612710534
134.48632982202002,35.5776203014914,117290848.5611778
134.452978897446,35.441060312855996,162687458.60403293
134.368975052004,35.4910426217919,183866095.4309691
134.26540259695201,35.491446257091,143998743.11247787
134.310459760785,35.510394166777196,16631324.641266152
134.48521335367798,35.356974665595,201179619.68258893
134.397604052151,35.244617449107,349722248.98807156
134.867751866001,35.6170914189849,199447906.9636225
133.524970847532,35.3749383493803,214516447.27809113
133.10740585487397,35.9770797778821,
133.277641116312,35.781674863994404,
133.00145361115798,35.7126463135398,
132.35906828278198,33.3485188549293,232725181.2491679
132.4013532072,33.4849763204847,232646386.06527933
132.21599849119198,33.343051186750806,365006274.5098452
132.362353850859,33.6601456657983,411208837.45262
132.70756376641498,34.3337829763302,233195452.56531063
132.565385642316,33.611487406444205,146716639.0092082
132.63409752710697,33.556549516116,179860029.99584094
131.88287386032,34.541588297053195,176371737.02817056
131.748492689781,34.5567306739974,189895997.00940248
131.723499376029,34.413720607767594,432449050.7964184
131.51675106626098,34.4432518573473,285916107.2328413
131.62300109352898,34.361730932921695,314954633.12806046
131.596486115292,34.175331445068,214271659.63244763
131.428662146034,34.3009312668297,243222195.33793905
131.466750486819,34.1734040901561,235562561.5101854
132.01973930574,34.8107198008779,115296954.12990032
132.002188897623,34.7019809951793,190649714.66655585
132.115006921359,34.8892011946203,109514244.7100563
132.18537318402898,34.8324024600618,217531065.89979866
132.626586134988,35.267021932767896,112789767.37600414
132.758363692581,35.3082748687284,159367896.9827003
132.611980002414,34.6724326013142,237051705.02814484
132.920112099456,35.176665320666096,128972082.15315849
132.76867094175302,32.8513066084599,118928673.49710047
132.67667078268897,32.77716183967829,117096277.98871037
132.382217860926,32.3616991601013,
132.245240246724,32.355990630677994,
132.917501157243,33.015435926886596,103858519.53088082
132.806393875749,33.285914785295695,145021941.90221438
132.773304068394,33.377612123978096,153203747.1353338
132.710067782655,33.1876101927381,128967139.40381423
133.34508506790897,33.569447025569396,150826188.02066088
132.72373114951503,32.906497943107794,75117321.97241074
132.631730990451,32.8323531743262,81873291.64645925
132.45105979604398,33.136430519883895,137997270.70989206
132.44658463027199,33.2513885279334,187364213.22211555
130.871796668151,32.189709027501294,201041404.68556732
131.12235186345902,31.8459684453306,305386379.48874617
130.96376945995198,32.098509937989,325181157.71900135
131.561076706587,32.173724599104,
131.509830338403,32.0876701947384,
131.40221053812598,31.880087211112798,202531707.25017273
131.348212895097,31.5477174330813,92119997.21700734
131.28424801889102,31.511856928157098,152624069.5664139
131.21334365337,31.165862486394897,
131.08645390361397,30.8913421761714,
130.89220303064403,30.7937184661854,
129.734904595395,33.1308887044542,181165828.01135516
129.745133052447,32.988733362743396,201010970.99382335
129.893289561981,32.914737999686395,220235780.94442564
129.803640857748,32.8794163338729,253754943.90304634
129.875108530266,33.5705639591982,330771043.15771663
129.74537271847802,33.491599165134,
130.19597988658802,33.5707254357156,122073306.56375778
130.12942427281502,33.4403828382789,189558637.90305573
130.192567154562,33.364328325490796,229877107.28694898
129.840253419459,32.2223282865825,
129.86383679755198,32.5444409290968,286865082.31485945
130.51457367068997,32.472498548721,302550067.02986944
130.430438515047,32.742639328941294,228697076.84295028
130.528202994288,32.6839237277553,415645889.09057546
130.02744348858002,31.729432425431398,
129.9779599041,32.0328520637664,
130.106017810362,32.1756346670781,177511091.97255647
130.43599106307002,31.4406075054786,105276037.02577381
131.065963856157,31.5882718492341,214416918.6797792
131.127554553138,31.13387350128,
131.190479426688,31.3725333065793,146501051.18455005
131.08796816217298,31.427694207270896,308484220.7084071
130.97504162595598,31.413006662505595,258758600.9149068
130.48253046199798,29.665752364409702,
130.083407631606,29.404662739983298,
130.13983233523797,30.1013459020329,
130.379353484061,30.361462207134302,146088753.15338048
130.286174922849,30.5442112677339,416093428.0180889
130.22372103552897,31.1519296504845,
130.18997920338296,30.884222358224402,
130.46109490243498,30.759128310213598,
130.32198241840797,33.077655193337705,408239611.5534941
130.902963284511,32.7927219401793,233691380.53093544
130.775426396142,33.1730447317632,317346164.6174271
130.859036214324,32.305818138429004,144147546.49479613
130.749079664412,32.3228562821109,133614471.70330492
130.746507205017,32.4355291670289,169989183.93060943
130.920537266937,32.4512996614884,318035356.51036644
130.856713299972,32.5460671307937,197327080.38834548
130.820354732859,32.7388898959221,167926243.85821936
130.830390055893,32.6504410743555,156381712.25566503
130.71655233080398,32.607527974761304,110390929.45450205
130.634167093485,32.7264394290933,289518271.62524784
130.673895983532,32.8249927121127,157393086.00664398
130.532635677642,31.9269402930027,195032100.13130718
130.938868583622,31.637600052920394,156455066.7647872
130.89122767818898,31.532608684440596,152244908.61661422
131.467504818045,33.5708583120933,138009062.3306317
131.447197928937,33.8986587121083,497897543.38246083
131.389142788365,33.7253037180081,518868376.540556
131.030957200506,33.460670448315,218669844.0017229
131.047191826881,33.582764704335,126073660.01799971
130.917575126514,33.450413875741496,186695981.32408887
131.18079720834,33.3800810523939,170898623.17957613
131.072855916882,33.3625264180329,193910385.89436224
131.048553840666,34.268728197791994,166375061.3132716
131.105179800837,34.17737582160989,129196307.09401853
131.01767782857598,34.062210329644195,168502773.20427516
130.846647030033,34.070220575872796,282203556.7201859
130.961051868405,34.153562705826296,204087261.14982685
130.932189098304,33.6308363710209,125338772.45081405
130.869602350938,33.553529854779,152741590.4968733
131.80864863691798,32.686396030167,
131.01445469758798,32.7589089534828,110972237.93242301
139.87397500362,34.9550602490562,10154096.7955777
139.88019131526,35.030025337131,111462813.41089927
139.83020610761398,35.0020281577956,41317864.62196338
139.99354376221498,35.0826432598125,77974857.78303269
139.91498517219298,35.093258500182294,89037727.14046991
140.259295397727,35.593676620032305,123873503.44760393
140.346533226405,35.626409560410906,124168708.77708721
139.485660648939,34.297109741687095,
139.39146335961001,34.049476390832105,
139.497598928325,33.7308979565283,
139.790240651226,34.5984426453831,
139.652545628772,34.295463703974,
137.758723326609,34.6914078032709,34745917.16275307
137.88672544845,34.870846739916,34810610.80179751
137.874882029577,34.8219657934995,52679487.9418813
137.941619685144,34.733780634564,49904569.71266405
137.986697053623,34.704122430347695,65697923.04454772
138.025394596815,34.7190647509662,11453646.127328575
137.939856258171,34.7915872246602,44480754.04364633
137.828101824732,34.8049605115311,56970726.980388515
137.82838087682399,34.7365634845845,67383665.97885361
137.78152607943898,34.731578422807196,21384480.311297335
137.780201705223,35.0568569893641,171494285.6364496
138.667022720919,34.824400256362196,148105430.4119836
139.306274472684,35.6040486020637,93918649.5266491
139.00402168431899,35.0417777987673,41349095.03625475
138.92466544740302,35.5403813094297,122666520.05606194
137.623710709221,36.942463737164694,160356459.35646337
139.514970277683,35.6282625927558,139941140.20787385
139.428061169463,35.6125079050488,102773852.72275193
139.372837425723,35.5366056646986,88563865.33959606
139.573865044284,35.7071280177579,70693065.41106571
139.572944149716,35.870080647865194,168092670.4378486
139.51841636304,35.7943883881815,174433957.4555925
139.635555417963,35.658143535029396,27254769.57257801
139.696270649166,35.6969785441401,167492787.26156664
139.853195035158,35.8685708245293,117755103.81511608
139.683500366322,35.8602366067011,131057457.6232078
139.73714534462098,35.8078230275832,99588055.74788854
140.081325793134,35.5461555739455,144038498.82994062
140.353939479039,35.527644171937496,82051169.53155355
140.376160150083,35.4320296546788,152249062.6250051
140.30978530156497,35.3140518536388,111031072.84079409
140.266701650361,35.494911231558895,70832477.41603424
140.243677949628,35.4143420859459,155482030.26049212
138.84653559783598,37.6743146307561,112989292.00937943
138.63918886791598,37.751768375940294,
138.697017657792,37.8321463050102,
138.43771671714597,38.1316227257064,119088357.46986443
138.47278791634199,37.8008415104694,
138.294248455407,37.8809926532202,8868281.13709557
138.360446631594,37.96344355797179,86408487.41443534
138.330680458509,37.1279158800957,162177383.9735486
138.211635624183,37.145816060232,169160881.11563092
138.22179599471102,37.398863990241594,
138.28214536583698,37.6168309713636,
137.70106017350102,36.706307893110896,353389024.01539284
141.14188612649397,37.80844567797659,
141.146879250465,37.6843806123906,
141.257792114736,37.4277003066549,
141.09041577404398,37.081996147861496,
141.88948410255298,39.715149527522705,141523437.83176744
140.699287104156,41.6452588682856,336536120.9515081
140.39334575801698,41.74422358682399,311480272.62090474
140.64426906317698,41.819038301937596,173776709.1912528
140.477659099173,41.910734015782495,326952393.5448832
140.59238142912602,41.9246772899823,280366392.81532586
140.62137305634,41.4464185863024,
140.43318658353598,41.4943232263593,
139.20698543924698,40.1033082434358,
139.67861367837298,40.8559972660059,
141.82933609128898,34.847504851005,
145.988219574681,30.177614459747698,
147.096737995086,35.544152059983595,
143.089353143649,40.59966190643879,
135.096792179679,35.043449244939296,169535475.70442304
135.224090961861,35.1836172410712,180196164.79711938
135.214582916094,35.005454681442295,120717475.27994673
135.27807257316,35.0784454799658,162876254.3017605
135.277019638464,35.259667897244995,156693195.32714608
135.594029347656,34.688796464430894,99221061.85495743
135.525999221349,34.6052952483876,87603689.4338194
136.67109185063399,34.2749458799616,41068194.825421326
136.607026814445,34.3342741205442,108948131.33383135
136.007522847504,34.166931149848196,146563046.28438818
136.077319833774,34.3188183142794,195854971.3249141
136.199141707035,34.1461740857622,165532964.7120294
136.190737614195,34.290564401286595,384635889.8873513
135.97425186826797,33.80951909429489,42922883.264268085
135.958532597019,33.90847299658169,89748119.3205637
135.944577722646,35.4471050793189,132770159.25214198
136.008771312645,35.530865359786496,118009034.94548316
136.00954363540498,35.6543711423064,250584095.14043465
135.970866250197,35.7685077111747,180962975.78719133
135.55475086256402,34.7611045259016,144609131.25312364
135.839357849019,35.2281248401995,118804149.32726823
135.735658746633,34.8673499123004,46639662.63888376
136.174112613528,35.3327238165891,138833846.89186034
135.83980408439098,34.8527157325314,101346173.4180184
135.928122121704,34.848481451001895,160239609.5113411
135.80922199290598,34.9212659451579,46718742.7551313
135.925798734066,35.0506165438044,161009472.9914387
135.98713252007403,34.9613877295782,158195752.70677185
135.645487997943,34.5430064002287,77531931.33982983
135.562276893219,34.5390358683216,103442300.01815106
135.551652832398,34.4736279194373,50323056.546637125
135.673936039521,34.465429993978496,71503992.93174972
135.62592270800099,34.4272961224137,39985870.78717795
135.777003065121,33.4897799827371,4325375.841657171
135.75553824181802,33.543515938604095,65779253.42908507
135.441448490601,33.992589743399094,111796111.88533504
135.43245588328497,33.915597950015105,91443963.42987888
135.353568199509,34.0426029235809,87198895.10412605
135.27156864028498,33.9853933571097,158792200.65344235
135.414142814775,33.793145939440805,67251998.37181373
135.537224961996,33.821247301356905,73944120.00317423
135.473629028892,33.8568754015239,103272475.10526456
135.699774625404,33.5347568925963,74362921.38221504
135.721239448707,33.4810209367293,3254102.226180727
135.10020333519603,33.434768327786095,
135.295141872726,29.058918998481897,
135.826781366793,29.128852998049197,
135.300490657794,34.3262510755956,108121876.16802816
135.444404801607,34.411759026612,157757829.56339785
135.403282147617,34.3213775836602,128997601.18443115
135.238605593586,34.4698533006036,284551285.2661373
134.812415833491,34.3890329851101,108831756.78293788
134.917081592535,34.7503966287984,112744306.64122228
134.87166544127098,34.64654131136879,185191939.40279654
134.347612711785,33.5332170219321,
133.498800424836,33.9902359698,144784941.21075195
134.26355321857497,33.467447551870194,74648121.8849169
134.30466745673996,33.6418991746299,113276680.98309703
137.14125346977,34.680788329657794,187791982.0560259
137.231478676347,34.739674667101795,155941505.6479259
137.238844912983,34.8300274542528,147517801.00033027
136.801985393304,34.589455554182095,226210566.9307202
136.669603976103,34.4025772962102,87952170.48714888
136.872062838192,34.6727972745099,135817994.08422506
136.910094447984,34.579659413227496,147814625.52481627
136.982400103362,34.627604849871,100498392.13232002
137.02814538504302,34.7112488366358,156035405.83800587
136.583493048057,35.1243467580456,143076476.38623893
136.610319731787,35.3313827970378,137117046.60138205
137.179431101625,35.222607444660895,146448693.52965632
136.223305593738,36.289771406592,44810041.083802104
136.10998524024,36.194873282353505,29090382.92770981
134.823555326097,35.075896245248096,182829474.57884362
134.881486959021,35.0003857627182,145948061.9947843
134.833555249338,34.8991218464559,162981151.480831
135.133370174847,35.65887851519069,161814117.9558818
135.232517119161,35.3883606623481,215139666.6415384
135.26061832542598,35.59126405931249,165576529.72994393
135.31644079928697,35.4516469824165,162200122.59430838
144.84857882682,43.01997547054349,76346213.70274676
144.93243062413498,43.0985072032515,148117753.04921585
144.848205754131,43.223835230195405,252042781.53355294
145.10525363343902,43.1691410101644,202753401.12898934
145.100367498768,43.2732798312408,204588786.91825417
145.288491351168,43.1614668646557,212694390.66094258
140.621725281114,43.1396870245242,321182138.89168274
140.75191762391097,42.91010800338899,303666130.5072278
140.89436895402,43.0351408315224,254343362.69650513
140.71820313569697,42.66252771156089,137287049.53243333
140.756772168408,42.764687352908396,254626516.8828681
140.81661900645898,42.5809407960684,55048915.80800355
140.913902073846,42.7197446432955,234510707.12682724
140.919052802055,42.6197691395124,107574559.86156118
140.41139660941798,42.93854256764819,141289292.14904475
140.44617529453498,42.853847556329704,311478799.204698
140.60401565892,43.0372532769234,106298672.98379913
140.638794344037,42.9525582656049,247024123.76868647
142.23642631486197,42.5833335004407,298297920.43125445
142.13266206899098,42.7098241784412,
142.24656705401998,42.876219546573594,342065996.6375629
142.39577091880798,42.8618416168437,193099787.81104934
142.393755063747,42.7197714072855,260294401.1840189
141.98873534310297,42.7105582843566,
141.82797154775702,42.617820116100894,361569323.57683945
141.878895884814,42.8778660782373,377520055.347966
141.44279977545298,42.6552395211195,223030145.8756438
141.267049278927,42.6593544065898,316075157.7261399
138.737944531362,37.168578432100496,263269258.47219852
138.280280519007,36.773745038055296,220187926.53724498
138.27865429831198,36.9042405591981,238829877.97367778
138.364874732073,36.9847926001884,318531640.3813093
138.8961193323,36.411610615452595,262197722.47884178
139.25857749619198,35.8926059417772,146566115.28968388
139.345665869817,36.0131287952865,144024740.26041576
139.35259773322798,35.906423132253295,160224417.21457306
138.969028337337,36.2927203773321,155143198.072391
138.482226715701,35.999639855982,151044994.60607964
138.568475159994,36.0980745305301,231696228.25662807
142.679724837243,43.92702909610949,314144821.94337654
142.512368417892,44.05836935976959,188819939.08827803
142.486171197876,43.00776362684999,176144925.48424476
142.248818112225,44.0161119575991,190299560.95784542
142.390812038079,43.983324230699694,406382658.3561658
142.038411365004,43.82004250750499,326522680.2624586
142.159297318533,43.8695212448031,116683865.3813096
143.21258583248098,42.244500780768,265076291.16927195
143.154434274885,42.1392649440708,281585015.54937184
143.78221109759102,42.5854565734455,
144.141176717439,42.68620439532239,
144.339520517742,42.709336912172695,
143.418329349405,41.5346448731247,
142.79489351922302,41.1924086974983,
142.27350075371402,40.764192588725095,
143.02767816843,42.1410474881319,227517123.79089054
142.391087903823,41.5904583138891,
142.12758624995698,40.9419891862872,
142.60866706706398,41.4754901368566,
144.29055791449198,43.8421641131232,364683935.95077026
144.129192975933,43.96605680794799,251994841.75424474
144.21702649503598,43.94103147739799,29739569.319078412
144.705471042363,43.111413963113094,223022040.40715256
144.723862316385,43.253438750213995,311105787.80667675
144.442786973397,43.3449332618478,296470240.19346565
144.574111399641,43.4492537670873,269103314.22832805
144.682539909039,43.4161997398206,134497275.6143822
143.282830420653,43.8605016498528,233939677.32516557
143.18141885949,44.0210252442213,275520094.2177485
143.03787281553,43.9429643314266,431011219.024859
142.867059701883,43.5795559902285,238204660.5931497
142.74410622846,43.7711975661543,247797735.40528473
142.603940096475,43.710618281688596,421532666.98780864
143.335096983474,43.2915725354541,189385658.21650726
143.362514864745,43.451076193493094,648690848.853535
142.997926137264,43.4860865611062,
143.07461264117998,43.667834648479804,
143.233951515699,43.6474732931523,
143.354943865254,42.3287094463926,100185137.11026819
143.45864637396602,42.448265203287896,
143.295208989339,43.0621100406651,330741111.89876366
143.525431674768,43.1430159532647,118950525.81238277
143.425815074091,43.1789686566348,283421537.4112045
133.84855957209,33.92621243879339,138766595.4780294
133.614335666823,34.6424142437835,293299925.7494892
133.94057661613198,33.9866347869543,147373967.33588666
134.840620832709,35.1859562448141,172161264.95233878
134.712507498657,35.2501360958538,169394660.31959558
135.00449397375598,35.549872660533,170862440.31850132
135.10484987049597,35.5479469794537,229815019.65021738
135.148174340949,35.4170462035071,143538196.6621997
133.61179595081998,35.423221533579,215065932.39077732
133.589709176385,35.752721309639405,
133.464850653486,35.757298965828,
133.367956893831,35.1643076315586,193166981.93605635
133.506101824623,34.9874066320944,336303669.4795264
133.547920082379,35.2625247658629,175144941.08139122
133.453101211881,35.166003169987796,260578810.58788782
133.37246025345,34.533692511044094,170933750.06110168
133.41103896519297,35.425593098065505,106660936.76786381
133.310654531307,35.4982521804306,174132835.36261675
133.34884388199,35.3114839761189,150263161.48227817
133.02620951532,35.4928900197003,112368099.77958475
132.94781908181398,35.4082953573459,131055483.10268709
132.972293654112,35.3095395085851,147846865.85744566
132.625978785729,34.3356091220307,149866061.10378623
132.20531651283,34.6899570066984,131386606.3494721
132.145793382405,34.50216318895829,264888523.29672578
132.117399842043,34.6380169355583,266593995.36507905
132.254536493673,34.4441639817924,141777039.6003623
132.43526031948298,34.07662089244379,232282385.50758603
132.58641829884,34.1946537786414,196456003.576359
132.507621092682,34.2200798604456,148267125.64015827
132.44582885585697,33.8602000640244,
132.554362284762,33.7977609038982,
132.942446535789,34.7024383894353,191607615.255878
132.785576371041,34.2397688230191,131092172.69913241
132.86939632820702,33.6661172055846,153537620.20569378
132.712030976316,33.6006707912139,158731674.416932
132.873064011402,33.530975393117394,134745281.87453887
132.79158241704297,33.49015962676889,261903686.27791357
131.35741074522,32.9922867130395,112155149.47860353
131.53971130667398,32.9093678594208,121084290.89558442
131.457986503305,32.984897484369604,162712902.4820206
132.14229368240998,34.2137738674413,165241673.80512044
132.237979942827,34.316092648873195,136038204.8070507
132.33110660922898,34.117266408152396,389515254.700413
132.32493528975598,34.27962152701679,205635616.9092891
132.23993378742298,33.7382454200418,514096520.5937895
132.135863352174,33.5576084065497,
131.930526771219,34.4198455995405,196942616.98883942
132.040629119883,34.3967232013449,350036995.22256607
132.053685970734,34.2364052127471,264863424.31668073
131.837792308926,34.294594740879,230191085.24733552
132.619017308613,35.1427537478292,186536981.2151508
132.73914020845498,34.892550889284,145776362.53474045
132.81144449397001,34.9520336844096,201686912.96634474
132.750794866206,35.184006683789704,271527189.87658334
132.828482016714,35.1180578016708,252411554.02673337
132.54765394566297,34.8059251633896,232079863.875282
132.43682756607598,35.033333766255,141746001.3610156
132.36017283564897,34.880330552773195,187559959.44035596
132.548462988084,35.029291424529596,358687854.99341786
132.60773638681798,34.9195663404687,194831936.031752
132.95095627806302,33.633821030191804,121454491.87903905
132.954623961258,33.49867921772459,99161173.4523782
132.966670153185,33.4129905124521,90103844.75902009
133.35853091318998,33.4705968445761,95850843.34163836
133.45763783483997,33.4908444052842,106653133.11071333
133.237637230434,33.372933070930195,9200037.361855818
133.22459800448698,33.3077723286561,4645185.863224056
133.29580263331198,33.3998617524594,96663921.80140202
133.28276340736497,33.3347010101853,49202742.25058436
132.924328014489,32.937300537206994,103234622.24627829
132.90645342546,32.79249455225369,92582768.282994
132.861475970322,32.86093079161199,165509666.92291617
133.18631346998998,33.2684204212404,35552953.53782915
132.76317777112502,32.979661644006,81574913.41853549
132.845533434735,33.108581479399795,87265926.76118745
132.85845605901,33.03839641794119,73714398.4428875
132.73619561627697,33.10597331657549,103315962.83628498
132.697243705191,33.0246634380432,156509678.72341117
132.522090662247,32.9107022059728,87758517.6031618
132.584434447245,32.873448031096196,134408172.67790487
132.610500540375,32.992594593914994,91622810.96949236
132.51819807487797,33.057012935769905,73799306.5884692
132.56648232930297,33.0758853720042,91822450.82077636
132.644841792573,33.23343397790129,160651495.74055067
132.57820467695097,33.190948977826196,83622409.0912676
132.664763426877,33.3503145840051,106292663.28060913
132.605108326317,33.418740811698,122958069.65233311
132.532427271816,33.3979457774094,113792478.59918353
132.52544525675398,33.2870345496414,103301806.70719302
131.01257773197,31.8578662164345,93685478.37783898
130.96062238802398,31.960323935304597,141432273.83479995
130.93175190536098,31.741986668214896,162877080.94010946
131.615156831367,32.393526530379305,29447579.557189986
131.673087944343,32.5227750279036,61180900.970379286
131.56885318552798,32.436331026168304,97128763.88222842
131.420130489285,32.710321104087,301884652.2400755
131.52065753890798,32.766112404732304,311444650.7272002
131.62575174510297,32.7011590827141,271967177.07402444
131.626784298504,32.5655795236926,209226508.83148983
131.47749701539198,32.005303106271,35673406.470028885
131.462108431071,31.9557490551717,20274337.09906433
131.07028925357397,32.164549240731596,317973191.469969
130.79160361492498,31.509793590511496,165444646.22614118
130.822193862261,30.4340437772514,181152061.72237355
130.762142198028,30.6698629909716,
130.685650171329,30.3358822600515,197357061.6148459
130.582213422705,30.624830629658096,
130.52604848976,30.334908940726496,172041920.28336447
129.81803971438498,33.1751938881594,186530758.48042017
129.81382025970598,33.30940900163909,329321814.83847404
129.91791687566996,33.0683602122621,131593522.66239537
130.308321411312,33.3824878590225,243742583.64286736
130.379704705602,33.2362395053205,233849081.50085133
130.408086447144,33.5066270575278,251191033.80925432
130.317716108415,33.5185471080702,191840796.72682464
130.140354789654,33.2184538637292,171734080.50224462
130.19838675920997,33.078029085278104,367580161.7049487
129.99498174507897,33.076722228310196,174712177.5922209
130.030822360659,33.19218283709459,155734757.6037604
129.96656481372298,32.525377381975495,333358396.54254156
130.23829834765198,31.5246870436839,298838187.6983928
130.23045977825402,32.0997065379837,168742422.26667076
130.475388606255,32.1484818079689,280439088.69500417
130.452999288744,32.01838899088499,218534190.2031447
130.535081156403,31.474593979157998,132893185.88788016
130.61272378803,31.472055264388196,85780102.68532702
130.931312982591,31.3057317300717,211534454.04582757
130.801949120271,31.3849300934433,176592160.06635186
130.85983523774698,31.0309883161608,
130.98131464525798,31.081759469537698,
130.53177429712198,33.027025010529,117088517.30410066
130.67744521190698,33.1295698060239,195574200.1143605
130.631698553697,32.9419486210188,177712365.10813788
130.69865697718498,32.9678773745508,107040395.40136486
130.34439395036398,32.917058832246596,154011011.45690256
130.39894633458,32.813079070262695,89315131.16151257
130.436515447293,32.9379931416063,240362125.58591366
130.832588216055,33.0626259197487,128615394.40811771
130.864804504104,32.8996357430631,168717635.54112467
130.782279114135,32.946479035932,107493813.75519215
130.56058998193203,31.704581711418,177785465.37397254
130.573176079863,31.613977647063898,72853865.47978784
130.511369267829,31.573872195010196,153433606.09540135
130.412279174496,31.539885721330798,113423928.62948501
130.425994499493,31.7901402677067,56528934.160314314
130.489852413063,31.7994861840216,182980159.3438096
130.37216297318398,31.7263262954088,107893522.94501525
130.349516891352,31.611081673690197,254910550.1157798
130.73493029282398,31.5652987121109,62992697.4487095
130.65286414692596,31.586227008071997,23891547.502796464
130.668699966519,31.543582841248497,33950686.80179878
130.63929703044,31.9091715113919,196394656.75064793
130.854334611198,31.923820586337897,206689803.4951371
130.844480313393,31.7803872474396,280488467.4799272
130.706966489484,32.0473619556321,370081399.6584236
130.796230175556,32.0441011734096,169472243.21891996
131.947873669689,33.1779353836491,548595734.0686703
131.193417832818,33.2572963374267,175793993.51260096
131.18231769627602,33.025870695638694,142690996.7057905
131.02046224677298,33.858259143135896,159150672.81714472
130.986164830191,33.957966657387296,139441161.93967462
130.924088578437,33.7315850764761,181348375.68771833
130.782122529795,33.8872056335307,189808763.2637649
130.636517198451,33.7986024843984,260293103.9956765
130.865014369782,33.86630409122729,183265194.85809377
130.835104384413,33.7476182999934,165961401.03250995
131.235492968217,32.84300261094269,294537879.29998225
131.173238544282,32.7535521978786,133431795.34058724
131.157437247903,32.931599670683994,117254764.70605727
131.060825310063,32.8855103377449,69368838.89546974
131.062784804094,32.815516647813894,78041819.48683852
140.36100737217896,35.8268124244536,78790582.488907
140.376121600605,35.7174715809648,92038614.68451867
140.48666952470697,35.737419298326905,188286532.52316937
140.08719581607298,35.077836993153895,84487039.39215578
140.12985626293502,34.494075560801996,
139.931738640012,34.6686325186938,
139.87252887158098,34.041081603394794,
140.114221369914,35.438144340149094,124395608.96433254
140.180157352323,35.38501625915519,117955638.79386161
140.14449173257498,35.1879417149139,184415487.70289648
140.20111757609098,35.2467765695067,82024581.05190735
139.532315646306,34.002938767393196,55617486.648299135
139.559965960998,34.0089323069793,24773094.20460726
139.49598498640202,34.0819124272374,17988004.368242662
139.523635301094,34.0879059668235,12315312.94203061
137.66657710215298,34.7053527723012,28596719.925940625
137.71117970144698,34.71812490995969,33908812.44488755
138.342136282812,35.1944464777059,146498232.3520004
137.95149957038998,34.870720869170995,22579430.668255664
137.97506942983497,34.8320240519064,39147004.57238136
138.03598863397198,35.3949098640291,311312933.9720436
138.281171756541,35.2673113264923,147936617.7048218
138.89326705089,35.439809561610296,191757368.17543915
139.351009228761,35.3374892416656,77433385.09423195
139.303183641798,35.3894705783454,66496297.208203055
139.419385103823,35.4096517936887,98723952.67772606
139.37155951686,35.4616331303685,75141819.2691855
139.249456501716,35.4018128926572,89349623.61469917
138.216495514812,36.5213263604475,228300953.39390254
137.73302571995998,35.190973276060795,239925788.5603529
137.809696978734,35.2702491830106,204583734.65891656
138.39335840342102,35.960254283266494,140637719.08650196
138.31678901779202,36.0006603809193,263009499.96769544
138.166350796452,35.57450349253679,
138.14956917478202,36.141535912623894,143071785.4817981
138.206168747592,36.369112343371505,250833394.7292835
136.71243106629902,36.8235202970316,83116052.83504607
136.82871995291399,37.459458226212,
136.256792464716,36.916171808287196,
136.00001427177,36.384251249662796,
136.40521652082597,36.5982642655542,
136.53580856031599,36.692485551816596,
136.62279922038002,36.78212850729119,
136.700135425986,36.93659744085299,
137.060718807375,37.5725021710203,
136.937489634858,37.5590706519732,289431653.9232999
136.927456188303,37.403046331632304,13863930.377435278
137.284884335247,37.223595194874,
137.13380317820702,37.3913451252033,152410663.4712156
137.042485064265,37.2837322912296,182449445.7523213
137.039982257904,37.1128326948984,170352019.0692908
136.91804793922196,37.0107594019152,243016635.4016445
136.837916499834,36.9088770571686,236712506.1984027
136.58499382129799,36.5199297064602,131242647.10215572
136.49800316123398,36.4302867509856,172224934.31750834
139.594685941986,35.5452347700351,107424159.62530282
139.52618866906502,35.531238292156196,122325202.85367918
139.6023840321,35.469504734129394,82607201.99747002
139.47133297851602,35.418911043671095,53973386.36988617
139.536991145376,35.334147889167596,109630645.67268005
139.599544926039,35.370745101747,113462272.24368425
139.703572642227,35.433652785682796,122280936.98725677
139.764000248862,35.2373113427907,140310824.80629504
139.70073353616598,35.3348931533004,139811023.1967134
140.201720842425,35.708175913624494,248366045.1657935
140.11271092097402,35.6880959321568,205936302.451276
140.058780707868,35.768861898419104,88418815.3837269
140.040326693454,35.8632142879032,107044816.43889457
140.232410813121,36.4234673909898,287956822.9340204
140.272127891016,36.552553592078695,148753392.79567114
140.378215244553,36.6194833557663,219280510.01185605
140.484342870729,36.582607116759,264608867.26729208
138.99060390956402,37.7266755668055,86726963.16954988
138.939398317302,37.6725720150351,141457988.10571715
138.41931531747002,37.2278603629812,183305558.67607918
138.36061985427,37.463727524239495,
137.800981730346,36.58479414470099,140323126.66494936
137.881985302512,36.5517886029186,120128842.5458412
137.892144419832,36.4237693357923,89292917.00818045
137.94218171560198,37.048572952182,116704087.41838558
138.05044691799898,36.9886559324832,403452803.65336406
137.759244551148,36.949767497048995,168370116.8292775
137.75873984829,36.8368770045606,405149844.8879164
141.12690675791399,37.90735163072549,
140.73521712412796,37.041012684951,176465284.2865545
140.74785276377096,36.9134310393915,126092518.9941445
140.64188953115396,37.0646262943539,178822955.95970806
140.56909392477598,36.917952760840805,269743932.84825706
140.79493530504598,37.1997763673283,183338448.57757854
140.80600063840197,37.093704092283296,94229212.37356925
140.88910952001598,37.2267283798575,196513160.18825826
140.898696644541,36.690001699893294,
140.81715806921397,36.53546804180459,
140.81863627804498,36.966122446723794,34119586.95787916
140.756172505047,36.408106758873295,
140.595619695267,36.6601787861496,204036712.58804354
140.621723594616,36.7910635013691,241439790.81698498
140.707154840637,36.8101553893227,51434217.108426586
140.476808104281,36.8944456014585,182145887.92710024
140.72783546236798,37.403828275763395,164101333.93355784
140.71480866184498,37.2780206727819,105492229.78485626
140.63254640222698,37.1955620071398,133324304.17577766
140.39911498103697,37.3353498366255,155529467.01655874
140.54421191989198,37.204718392743,188712367.10162425
140.511679340142,37.3232321958441,235946669.65395656
141.555613449624,40.3931528460768,246169873.99586058
141.64413040037698,40.3220839393449,151398493.02843764
141.237654372045,41.3864037707175,237421837.63996196
140.54484441663598,40.8824643023709,261436424.49161515
140.512027378668,41.04204991088069,212258266.2464167
140.128579570617,41.61864466730519,410235922.0950147
139.644702473166,41.864366727641695,
139.853041733823,41.778549317574296,
139.790997225561,41.364034461872095,
139.97926167723298,40.920787398678,
140.064035279025,40.623751738881296,264671124.08814377
140.373094943301,37.472058559386,157835489.20758402
140.28697676264701,37.5290801179932,211104223.75328028
140.562998577705,38.0562157248273,219088336.53610203
140.28445441824002,37.6530919322382,94048686.09068292
141.682251611208,38.8223776503057,
141.58255133223298,39.8013719020896,380981180.8035534
141.69962679684897,39.801424664146204,244712670.00424376
141.79221666027,39.6685796969715,333920625.2433638
141.84268538955902,39.538252687642505,142410469.51349974
141.503878236996,39.6908532130638,254563844.50537607
141.531291085437,39.520354693620895,336315253.51543385
141.33374977487702,39.77588597060429,287024726.735864
141.24026538091803,39.69174529551329,309928574.09438014
141.086403468648,39.7123181000271,248148555.85312143
141.04967661836702,39.5492570710941,290631859.7386187
135.045336432435,35.141135288357994,152067342.78147092
135.109145557551,35.2083124859664,139037132.187355
135.077731455942,35.31304868329919,112148412.22596578
134.924216712285,35.210999358252295,170331196.0023689
134.910784045686,35.365949495688895,291518936.7357475
135.000489664227,35.4008216231274,187108975.17926538
136.534124092113,34.3755084556983,109917330.35149834
136.597843506201,35.019656230478695,147887128.56117064
136.730450440848,34.73891230367909,454877647.12771344
136.331347988418,35.0981353397829,409385319.10299546
136.05329282338198,34.046950121151,200297922.6465769
136.157570141274,33.9707154983757,24352461.746241376
136.131493902492,34.054446970057796,102609813.27411552
135.40560118569,35.0692120390689,204791458.30605862
135.450286370058,34.9606268263428,257032720.3609828
135.45307031496898,34.7432436874974,108211272.14541195
135.446526966036,34.6396910168001,114446620.02829431
135.39508725718798,34.5492153019431,179686476.0547917
135.29207953898998,34.6024360839993,333060121.62356377
135.845247013377,35.4538663684557,141486239.80655512
135.800973754479,35.344624052113204,209330450.8671052
135.87076321816798,35.6517632177916,
135.71386952243998,35.134808883061794,108723576.8470305
135.792727359201,35.1287620438062,75051931.1411628
135.836508860613,35.039755270707,112454528.58182895
135.803707587735,34.978295489299796,68186184.69061887
135.34956414662096,33.8584735143633,57885260.03088066
135.27655719471298,33.87825574127609,182451534.82970896
135.34645326773997,33.7877851509066,40255937.756105416
135.20358062976598,33.8415659292909,50555599.19148489
135.416433082392,33.724069824409796,75482502.09397036
135.348743535357,33.7187090358756,33809709.175412804
135.27887784929098,33.752707587347096,44751391.1682492
135.01326713635203,33.4859133781029,
134.69223564937798,33.5427999985386,
134.770941148041,34.2991588307577,82743708.90235722
134.881191151938,34.278205285321796,176641344.6516335
134.97658711472099,34.170090273237605,438902757.94539803
134.843873384088,34.023031184617196,
134.936757458085,34.576578726327,101840331.18933168
134.97702803062498,34.395987983207405,270921549.0425963
134.90870081736298,34.4699328823113,127954468.15036416
135.08982199343401,34.3882202903877,251937859.06137845
135.125256532959,34.526714824215894,298668963.11597484
135.05102757993,34.686183694734,186651717.02906126
134.982173609349,34.6804340437566,54989219.43395773
134.678782914786,34.2398456856654,74775578.66749173
134.82987181438497,33.7124567455005,
134.794776280956,33.8156115096591,
135.040819917465,33.7546208796654,
133.873169987469,33.4685376708474,116034790.89419012
133.547006050458,33.489780730329,63813691.22344052
133.706298882915,33.4358638385574,
133.789456656306,33.5641180921827,137104878.1676694
133.405375354944,33.686087291043,121438148.53240399
133.37837595515398,33.8288874705969,144647189.85831323
133.43690140868998,33.9070051410486,129764715.49210684
133.608985058604,33.9777386056614,96175114.70076141
133.721224966824,34.0114280393811,148436764.37703925
133.763081650737,33.9454811863926,114731592.70773591
134.449748970471,33.7184831094705,106771479.7501943
134.52275356261498,33.7706932366023,41357481.44120443
137.391336752274,34.7735596299333,92561286.83173496
137.343836402784,34.853339840781004,80187493.61290069
136.75825664328298,34.304445672354,74065750.85259151
136.727464209501,34.3832918149512,93607750.22039352
136.810898225265,34.3606990794507,38811226.30462556
136.78010579148298,34.4395452220479,63662735.81166058
137.10909398937298,35.1651325430592,117340318.98722753
136.781599745406,35.0716296569496,164004946.44199574
136.84040591753399,34.9005543745221,27190680.994374797
136.508129845131,35.400292836678005,43668588.883188054
136.30992491427298,35.3463078263856,165300345.4374703
136.394301382449,35.468532996312895,291934249.9329142
136.487806937625,35.4884319135555,93209107.83716387
136.389587090592,35.241120072879596,317276397.12957454
136.508852239551,35.22727632006,136263896.31480756
136.524179446677,35.316249977471095,60236183.61885918
136.75696057623603,35.17710029783069,103506836.66003637
136.67850589582198,35.189698696531494,211721635.1370369
136.690005372426,35.3077610781126,124948445.73207253
136.792188433098,35.4071400068925,126556016.522325
136.132511180754,35.86258336200209,122092083.58446279
136.12202783586002,36.0996539342406,169795880.80452403
136.198685915952,36.1116147200424,133640731.39770435
136.060963419579,36.0042741518394,153844174.24831375
136.06330802176197,35.9133191482494,113636028.15598565
145.183572230796,43.38587015474909,183872877.92609152
145.098409961208,43.5847133881038,113458165.63859099
145.092919013691,43.4916239133156,178689992.59031528
145.16478045682797,43.74129272860379,
145.38799013696098,43.6429793715894,
145.55301245641198,43.4126424462522,
140.88679471485298,43.152335762190596,104674090.80194816
140.74219486961698,43.19057553216449,169445655.85370427
141.07326443934897,43.33289565739529,
140.928664594113,43.3711354273692,
140.949280412325,42.0795160758885,
140.94492337140602,41.8683291923556,350248201.84083384
140.74219447298998,41.9443787649711,72337105.61889976
140.813486246433,41.8656881818164,204541674.85867113
141.180787362648,42.26388635634989,
141.041109991782,42.205363550549094,
141.158381976744,42.5418186310095,320053866.714371
141.004169146236,42.5445289866135,201831356.27016103
140.95999057120198,42.446651619329096,125684420.94036505
140.83351352683798,42.5234836986861,49619817.54413455
140.8917687474,42.4644346748457,35586287.628979586
141.552501214212,43.372258095091205,252442247.09858865
141.458696188986,43.506722909598295,210254292.88056558
141.485092635744,43.6564849145667,328982136.9318747
141.65283012031801,43.695318090527394,515088383.20238686
141.51477122425499,42.7667719970898,189837644.05081403
141.709851837576,42.86142070993859,236323864.95871678
141.667052384616,42.7521905843769,280893522.44396573
141.23502869130598,43.34323472405189,
141.368435265981,43.4188360264989,129051722.646223
141.46224029120697,43.28437121199179,234178095.8672141
141.243335690523,42.799866235334996,355332330.92027533
141.068769508887,42.828096509691896,449821019.93179435
141.05409093355797,42.9980720474382,514180503.22627777
141.410805935157,42.8720441498217,212176987.21412307
138.922200407265,37.3625640785958,168401488.3277097
139.029345714996,37.43889853572001,90220335.86051394
138.97858388835297,37.5694918674141,110660002.62808765
139.042300959342,37.5530284579197,86535622.09944087
138.74495666341198,37.4448554952978,64802576.88596237
138.741798339276,37.563579636362995,60311843.2139614
138.81290488124398,37.5815461255344,116055394.15622963
138.88539926108098,37.514951143365295,118982995.59050255
138.841971024339,37.4221532767467,199350457.7578196
138.927922671648,36.9952500223416,275644482.5652566
138.90077223363,37.2620133573402,170677475.07006514
138.83764213393798,37.153220730357596,195876862.2751454
139.11237005506499,37.335541459461304,319162830.5607959
139.227057815142,37.3298512778697,317484795.20556843
139.05313262939998,37.2107854399776,241181621.36136624
139.06666401612597,37.049963128817105,502796387.21398836
139.16371520336997,36.9178619919186,322477070.3062481
138.55304789954099,37.12906432057349,102899990.97535679
138.677530763343,37.0911931823994,156874883.21574554
138.959890141248,36.5050102075593,159686711.74915698
139.100262469278,36.711763919787,243699542.87667784
138.72086846913902,35.8800620909544,365842208.56977904
138.72348642398399,36.0311772729249,414857986.48067564
139.27579120464898,36.127179699055496,108573568.36506113
139.182957455619,36.1650824024061,249932135.64682952
139.29614292594,36.2664633262998,124906896.85356149
139.098760486158,36.295606426365,158864424.6507816
139.095459169656,36.397125769082095,196108283.37423232
142.475685976503,43.74115380416429,167253640.69863334
142.393715041083,43.8410214747318,244559909.97496644
142.24526174123102,43.780111810307396,196991643.9743866
142.345664663268,43.61222392110869,219277887.27257812
142.22895358220998,43.6575527564385,256528166.4222911
142.340911015347,43.478151154059596,308968775.4130473
142.440539434842,43.1562924881451,270814518.3498559
142.279744142646,43.0792082560059,
141.887878256487,43.0508389508868,461103700.38698584
141.743701942227,43.1465368001448,265974916.5021976
142.10941470062698,43.168497925146,
142.14374864022298,43.36441344830099,503059397.316093
141.893006676927,39.81413593655849,94666800.58685014
141.880554062313,39.901126145334295,90818619.15529749
142.343846888397,40.532961550808096,
142.33139427378302,40.61995175958389,
141.73755372377698,39.9805166968185,182557300.66869548
141.826741334124,39.989144253643204,180069915.65485296
141.817739717709,40.1401161396114,104652074.58413847
141.669450181479,40.231508440800596,234369445.14048892
141.631231263753,40.1211261697983,316465811.1221743
144.340671252657,43.7186249376096,212710303.32170367
144.52278224973597,43.5529516435959,134615039.32297638
144.54191393637598,43.6245841746264,149600507.13380858
144.30966285713998,43.517257962321004,184861502.4159656
144.19842290891398,43.623986605056004,606830592.6912725
143.480159829072,44.040684851397295,311437085.358747
143.401972348602,43.870902265020604,243914359.05130515
144.53473799737498,43.02743871981059,236493801.63005042
144.589974013221,43.142009729230494,235007693.21255282
144.458615087094,43.2254559181104,160136253.24777055
142.62571951498197,43.5517101707556,262700512.94285974
142.492711747089,43.448172926182195,245298497.04044423
142.520894005248,43.306650251865,265017200.57034826
142.659007535847,43.2497437520841,292166066.3914059
142.785520969905,43.3058633502297,290225289.298112
142.78041520719898,43.466307094583996,361087458.51967597
143.039502892506,43.2860787885504,187686342.07113957
142.913742219831,43.219104473318396,161744924.28493813
143.151400514958,43.109673590834404,323598150.84663016
143.156894325522,43.2521961358212,195298330.03156123
142.904261068041,42.455610394362,
142.74265320710998,42.21440971517549,156887086.90907717
142.89816265461,42.2314979388489,195162814.31117332
142.562849682594,42.355504275975,304927531.5332831
142.55111912910002,42.569785291397096,
142.73702106704698,42.6528031861107,
143.06152864304397,42.8095412794005,194634563.68626422
143.01602001436197,42.5962743558924,
143.55646662762902,42.979989524538,227843305.04133242
143.727168102441,42.7874393271501,142053273.6537503
144.22900239732598,42.94015451477069,46789320.1530465
144.129736781547,42.945618285339,94947546.84788273
144.418833582309,43.025105160523196,54656748.36515723
144.383202312459,43.1149871060964,181864493.70352182
144.162642317331,43.259799832042205,308825755.30856144
144.25989179474402,43.1053932599103,254503342.43690336
144.196257448815,43.020975084905395,151424009.62108225
133.975257950985,35.3714101722333,250487126.29855424
133.618832623749,34.990605529172704,282081542.74384975
133.64638692471,35.148344764004996,196102700.9103855
133.675191220659,34.5003308862069,231879907.32910365
134.769661969305,34.7113294469073,239190045.15142557
134.73844157498996,34.8751015807227,145554877.32813075
134.65750984897198,34.9775885616663,170550203.4737762
134.635000836765,35.176662071991004,176154935.45617503
134.694691890396,35.0771193099294,165531497.31668234
134.03568202463998,34.5013074192105,135248211.91184393
133.93649706412796,34.081727311417495,107936476.92658752
134.001639165933,33.9325656650739,107978320.54528005
134.76598317055502,35.542493608512004,188186955.92754245
134.81301965976903,35.4404027226216,192689445.56351927
134.649397416963,35.5028526573369,124192168.41398054
134.61967734593398,35.390244533942095,113743550.0230133
134.698338992316,35.349632436224695,184393423.3346274
132.992616744933,35.0545856518539,220570038.26060078
133.261686671916,35.0302923827571,261562127.15795997
133.013145578511,34.8056873445072,361056216.92207825
132.944672409846,34.9265951385186,270696380.21476775
133.06874892762,35.3098619576703,199730537.06889132
133.089271891785,35.146403325834896,323038946.94711995
133.193631034827,35.1360581507892,269324039.63850236
133.26652428810598,35.2998708452148,181221268.54694572
133.209648766227,35.43284428654079,220935577.34354806
133.116232548783,35.4324902239506,136367485.56467843
132.344132669826,34.5004288040808,163707248.85018104
132.32330622934498,34.61036808238679,151732879.98496872
132.38613781889097,34.716099139223694,328569921.02275795
132.47376439535697,34.700072988665696,142338850.83121845
132.53809045210798,34.5665804265903,151279717.50549096
132.54982240879497,34.4537711479797,162424988.93648708
132.48490315803596,34.37670623724149,167084735.6134576
132.406371065364,34.395602388104095,169725724.0656163
132.751572888396,34.462658360836194,207685845.72642082
132.847945030218,34.668724572154204,94093142.98642196
132.70655750371802,34.63659806512619,308342274.6538377
132.773635268604,34.7430751760169,209224736.26309684
132.772751033703,34.1146474517409,233191173.11333266
132.81735473955302,33.7961872012842,197261811.83434224
132.741470982021,33.771556553262,179674511.76077753
132.655177942188,34.0677062616627,237862594.54875225
132.65251417525798,33.913708775618105,358545735.8500928
132.88135269578402,33.941860038543595,254526328.14922893
132.87226735440902,34.079703715797294,204686406.4766554
131.47247249789402,33.3694045264866,238179358.94647104
131.26879118139598,33.251887102737605,130552975.52910171
131.31873308003998,33.3883002810555,87490779.29687348
131.395215947655,33.4318218331317,241077629.22722414
131.325997410201,33.11065698949469,102193267.2484421
131.266926914508,33.126990956268,138280779.0374847
132.11222614946396,34.082027783034,124646344.78355272
132.21408372935397,34.02199144560149,319558173.1785109
132.18102714867598,33.9069152883681,163023385.5193175
131.828023282593,34.1626303593036,201321089.57480478
131.93381459573698,34.127563229367304,211929748.90163016
131.98419437392198,34.0329018384531,140421678.83525467
132.006600416427,33.9515288345673,172708949.70320404
131.687215371459,34.095356738338495,229005045.36466548
131.630167263507,33.9206812206372,599118883.4267713
133.23457627656,33.74015373519119,298377014.0648148
133.252689195087,33.58987688371259,211860114.7447618
133.274552018586,33.2751201978624,82278811.48140502
133.54599099863998,33.306611609073,
133.44111715707302,33.055561806564,
133.183112233479,33.2110359169314,62323429.404734366
133.009054750968,33.055663716038694,79985622.41579041
133.13790294486,33.1473302894646,69465273.10862698
133.015881608214,32.9775283263591,59374860.512153625
133.004941762308,32.8990384931274,55622037.27898571
133.083832349127,32.9941145355723,
133.011628283589,33.2369104508859,96070263.43041159
132.89554600631098,33.152916493454995,81662549.99554317
133.00002222431098,33.1229592211485,67935277.74991974
133.055666522658,33.160128778821,105607557.91833885
132.882534280947,33.2486129231883,189162005.56246942
132.942972259878,33.2954373229467,32319081.861089982
131.361355294059,31.9887153172158,192126923.4350729
131.421253187004,32.0643771612747,37992394.11647881
131.436641771325,32.113931212374,80138650.49119774
131.17881033371398,32.6241114065856,322918859.4761383
131.09371941032398,32.3283967563414,210214801.5485631
131.027699406318,32.4714842754918,323675444.09591043
131.065331529396,32.6208875796672,182629970.25682682
130.61372442795602,31.3664001209592,181457097.80258322
130.533080693136,31.038923004279297,
130.730435152383,31.191605310855,157882534.5171831
130.72255069757398,31.3215748276035,310097406.52906483
130.480430735325,31.2892208539911,239971306.01622397
130.39190254569598,31.091713254059698,
129.948478512534,33.447084926669696,137199579.24963397
129.90208896528597,33.344759387246995,102881512.71465024
130.03077937162502,33.3857346496443,147628599.05137372
129.984389824377,33.2834091102216,135656152.00302786
129.925284892128,32.81305436240039,80189195.07711667
129.957115392093,32.6727173338401,139284282.76532963
130.02535101118198,32.8332468542826,186683866.08510455
130.07042055044397,32.9432925076167,221458399.04656798
130.16429313557998,32.91832833795,192921488.66271228
130.102604378406,32.2936775512758,171219587.77057272
130.07111856063602,32.402819843955,178268873.71438926
130.175273324118,31.775254755740097,
130.20460827033,31.676642631272095,
130.25023170753002,32.00274626498069,117410769.95954579
130.29534512907,31.8033395263155,144887468.31751513
130.349176655379,31.8671534986134,118314177.17067222
130.333398180051,31.9679481128106,200613996.8236321
130.47833699472002,33.213249540213596,139840749.0746535
130.53741403642502,33.1178088629025,107269592.55338913
130.616126527722,33.1944249048654,138635042.4433696
130.582861397901,33.3411576394578,234294513.33593857
130.497324039159,33.3475778433732,151694294.1712043
130.649322344475,31.7274726984237,120902126.13924903
130.685246128404,31.8046083894165,89962168.34193692
130.68563418292797,31.650073878079798,49874900.256521344
130.747019917074,31.647833369819697,98338521.49415474
130.76406255263998,31.7357201959248,75018805.16179718
131.64216197724897,33.269244158191796,136664898.30398324
131.50396700812797,33.094730031016496,251010639.23858643
131.491914503499,33.2741126356287,146929157.8336361
131.423786550309,33.1837827971826,205515334.4071893
131.641995620553,32.9751281723985,135423946.92577422
131.62541590869,33.1005164623155,205538142.00550833
131.695482924621,33.184700751044694,159050716.79882604
131.10793093236296,33.063510119653195,128616744.58260575
131.11716680201698,33.1700396149716,108776071.34684587
131.037745441614,32.9778196772211,99060556.41694154
130.96905753775798,33.211216702851004,125682668.60587372
131.037516224538,33.2377800175872,135771657.3856872
130.937338779951,33.0995113838334,163647552.3993207
130.964163577203,32.9929125934452,204131322.6759633
130.545077576661,33.60026150747971,200762100.15583983
130.62093403359,33.6819632328234,226830956.37102556
130.61986512049202,33.465776379337505,210473064.62509602
130.736629379565,33.651880590721795,103333420.95512474
130.72211902407898,33.454138364922,184391141.1506072
130.76302682622298,33.5585408509626,135115589.79775384
139.399580784453,34.1861399904387,89000501.47463459
139.384386594024,34.3897876699674,
139.306755367923,34.5226292288163,110911779.16529895
139.356117657867,35.1351530896377,
139.19838587262302,34.8639134969763,82707912.10597008
139.46247168140098,34.8987867333039,127523619.98443332
139.473155092953,35.0871470773857,
139.10351821367098,35.0014731329703,20731126.669842523
139.119913014027,34.9789601084979,22096930.032002285
139.25778221572799,35.039811418091695,
139.213941256929,34.9179592935228,160019898.99822813
139.232669660568,34.4047528313016,32882289.851734985
139.25750560672498,34.1991269979414,297768707.868087
139.301953691472,34.256816937703796,114680869.02261147
139.114458572859,34.7130144333918,340013176.89141047
139.030861720047,34.8473689729275,97497833.6276127
139.143313553739,34.5312481958334,
139.03278941392497,34.5909990681486,
138.757141748115,34.754266998056096,13168509.678236756
139.05755498378699,34.913498159014196,25467762.051725484
139.086205925073,34.9486728108639,7104844.591598505
139.094566238958,34.9190206533762,19262344.150745634
139.06981112471698,34.9711858353363,7459585.224453764
139.03603010982297,34.9869800457573,24834929.09104706
139.015413655008,34.9589445269229,26276268.061867412
140.28667039328698,35.228985297145194,79653429.72455253
140.28676763689498,35.1759904681581,14308024.10971764
140.24152326511796,35.1910358398038,14992572.634600341
137.64956664003603,34.7596869746709,20719642.098012794
137.63392644754498,34.9472715263397,131606110.42264396
137.714734195962,34.9484945663568,167729373.87081766
137.757179567667,34.8811017019839,49963735.50799866
137.748464432601,34.8316037692722,57715055.75100461
137.73117058549198,34.786056009503696,36316975.32447823
137.69416923933,34.7724591123294,37550053.39845518
138.432525699633,35.1499271167539,160844531.72913387
138.45904866373797,35.0113081270392,56483623.61797093
138.41005990310398,35.0502916916262,87417569.34812903
137.911026121473,35.1661876058757,125320098.27728048
137.98199299074298,35.127669005121,150150309.6640178
137.90126544430498,34.9548090098493,91258356.02290888
137.875252142562,35.040933744181196,157043738.54588327
137.96758765808698,34.9332682294761,50355210.72460831
138.05552260704602,34.7495105987436,37719707.006898046
138.11974473085797,34.8468088866084,60763409.45424032
138.043318780884,34.8033267385914,54960300.88696049
138.237529027917,34.8879876586527,72290806.8213175
138.304705982883,34.93502013360149,68645490.30769618
138.31846560345002,35.012608565315695,75234290.10225663
138.033483141213,35.151797723341204,119904695.57369071
138.068179751205,35.2441854933069,285684513.9406841
138.177582663153,35.205467594484,106009386.40393995
138.087389996655,35.0273324911092,28826793.746597055
138.61298969476198,35.5656252861129,73098198.17933145
138.689894983464,35.534379604993504,177541794.9846674
139.178131131633,35.201188909062,143608285.10118064
139.235390721768,35.6019973952049,165513160.62429902
139.214303950656,35.503594182177004,120904177.28841116
139.03905043776,35.578272460935594,98436082.28111911
139.188603081,35.7357864869577,138217375.95993653
138.54056298815698,36.2015862973182,172782042.6802531
138.09555662991002,36.2858452365816,203083772.54219237
138.116146017432,36.3934291251168,138185925.18726447
137.96384598562497,36.6207418719021,274337171.3243538
138.02387142581398,36.53830572267479,109311461.42599772
138.076231242642,36.559472317137,70296323.05009535
138.049291993503,36.83728999792379,282613116.41558653
137.940522088248,36.784316525134194,272004303.76324946
138.167145353655,36.7420609347825,139774890.86555538
138.141237924657,36.628139050776895,132020676.37116444
137.90026977721496,35.805555285713396,158837783.29510373
138.018252497763,36.2960315761791,95003291.8767421
137.936615745588,36.3368657523531,81458341.2493353
137.98648206845698,36.3824488702521,97327687.99490993
137.74462652643,36.2870900260902,
137.90591790234598,36.2596305053169,51240343.01068316
137.80078654653298,36.425443891986596,169881173.01030403
137.86144657658997,36.346534088756094,51689392.161406785
137.639337226413,35.219819759124,127946469.49059016
138.19504522338897,35.916594932304896,176721566.2266218
137.99400357623097,35.8391798922498,141110199.31960005
138.02550366923998,35.7167085629409,137029320.8765085
138.136328455653,35.759932818416395,362915284.1718196
138.10931314412102,36.0315305279292,218505170.49157405
138.345076732071,35.3481701751321,202122991.22922474
138.301980472128,35.536990505544,
138.47094779703897,35.3615032400256,91756373.61961225
138.531286275921,35.496985888405796,102908515.68286271
138.524665644717,35.4209075823306,80809427.89261907
138.28785947103597,36.281582328915,104811698.93471088
138.428260372875,36.2218247679354,97847937.11233647
138.33333704949,36.13564985062229,210112136.8491065
138.25184928574797,36.1615897867026,135458867.48849666
138.37500390238802,36.338737471162496,95696533.08158931
138.433917040485,36.304919846263196,65922595.79867855
136.723662223071,36.687324450978295,157008949.64339864
136.673561183676,36.5382027939687,243716391.0912476
136.76375817974096,36.4510339127286,316462091.3723799
136.90593243422697,36.5441889476268,245530475.30552608
136.930271533407,37.343288240705704,115714172.14035104
136.965902066664,37.25689050501,152097657.48952305
136.825221326145,37.2514593941754,152768822.8842473
136.878831904551,37.1130585766413,166516836.7250256
136.78640482485,37.124253375716094,164605943.84494397
136.91238240916496,36.822186347439896,224534780.776753
136.931119425276,36.657091547237705,112108813.16212134
136.839046210185,36.713058169349104,249282722.05581588
136.53682501865998,35.837241045487204,273766760.6727905
136.835528928615,35.2717073221821,85697950.3822327
136.85925730887297,35.383684649662804,141359040.97941405
137.13165897598196,35.29880632467749,104338581.01416957
137.02422367391998,35.310208393023295,110615037.15952481
137.455616340339,36.8397356333358,98577245.89516397
137.439839534844,36.722996559744,187033966.55119044
137.60894825228098,36.663145536778195,175990973.50186273
137.515317279648,36.6696718147518,224707018.79895887
137.65270978902302,36.4032779224719,
139.78219985871897,35.669459353001095,170918207.18838593
139.786434095253,35.513304423389094,375567665.64796984
139.977741869229,35.7028072932069,92468888.90758942
139.986599080086,35.5899245472771,152987946.22101074
139.912414509285,35.4747684263742,361146032.8494418
139.888647042936,35.7950760970704,166362210.69591942
139.959287854815,35.797159682691,112360710.57452144
139.92974073648898,35.3345640612129,153327822.3047496
140.03682088407,35.3417089483194,149029345.0095308
139.908137243721,35.1772554919764,70112546.58422479
139.86049228536,35.233216365996,104116399.50799017
139.986695833743,35.166640251606594,59939136.67025864
140.046131022963,35.2297460127327,188317146.81158385
139.735292933214,35.94451716846869,83244929.18082573
139.848902704434,35.9454571701258,112539759.19966409
140.29282668759598,35.9028083031057,280508040.1173737
140.20701521293498,35.8705580977821,178757666.17474842
140.530178570034,36.351563587422596,176311039.18562222
140.477253973023,36.4497349496379,176701738.00068024
140.207975470233,37.4636795263731,198904370.0821893
140.00025637088697,37.2663649781346,309492617.579769
138.52226583138898,37.218856494791396,180310030.9566601
138.480242160843,37.266995544405,11638282.29267063
140.891466220989,38.014324430708996,159526222.81840596
140.725062543021,37.9424215000545,172661051.95453745
140.696793336891,38.0694560253315,214549030.85308418
140.724613191294,36.1265173586295,
140.649491627535,36.3976812738594,
140.59113940000802,36.2219382422535,
140.70036953256897,35.8161196451718,173425822.38667703
140.52151556308797,36.0321178815213,281007952.114196
140.556975586731,35.8417757213076,215875535.06598777
140.47569355907999,35.906138234412595,214016887.2702881
140.210338683888,37.3560531667521,98190282.28994673
140.114019370116,37.2770201481777,178612627.71558005
140.49308231669698,40.1392294866189,295046431.46434987
140.469458459319,40.4705740201851,264575226.34719077
141.334720227822,41.284671685276805,235722194.32759884
141.308181955248,41.139198219411604,166109868.28241825
141.50132557895398,40.9861760984874,
140.97216695010897,41.369566085321104,259021308.20935187
141.08307901446,41.318062761168605,232431636.8789124
140.64284930183402,40.6204298617689,187044570.21871722
140.101052436939,41.102129767294194,
140.39791766744702,41.0682146738094,241245785.76486546
140.352696203379,41.2978084728,
140.202672690564,41.3915654464983,
140.49239587868098,40.742852400957304,158812463.9714986
140.53458700914598,40.6140236341224,90707577.39174537
140.436520060155,40.5703305565338,109825201.91086842
140.371392476898,37.6755409207815,69096226.69055885
140.420458009854,37.579208939943,108701729.58058536
140.822485959705,38.1567464907453,145633969.26355016
140.73314625790198,38.1605604296466,146644075.35396817
140.964678379041,38.104361142804,
141.153602381418,38.1285307925973,
141.237347492736,38.3267140609551,275462109.61870724
140.694393433572,38.3412589136577,177628253.72784516
139.30397816900398,37.505930095226994,607451359.1789889
139.443025276236,37.4836390985496,214112657.68577692
139.546671200607,37.9589563107414,
139.39427870804698,38.2469269367988,271376480.20159674
139.557231201168,38.140532035019696,217199942.7623889
139.435063719138,38.7342198289695,
139.240824011718,39.1450888506249,
139.090803791907,38.6528978259831,
138.96718786806898,37.8047260616421,126210446.29008183
138.90455614520098,38.2232447735853,
138.644024660955,38.089221320937604,
138.766464335763,37.9084541841258,389853488.1196512
140.516027221977,38.603042959635,399873943.76832426
140.44401764365497,38.340672240997506,222439573.50232473
140.56455309557097,38.4209242073316,611921226.5319675
140.329506489249,37.9535086009002,310899240.4072533
140.069559539877,40.493352036489,409993310.77096355
140.40235816668599,40.2558068087208,167010088.98435158
140.36464087212596,40.3864165361085,442024891.83731985
140.181397631616,40.3911996020874,348709932.2094723
140.099302028664,40.28191447569299,122929115.61114304
141.706848594597,39.0059973171693,3795460.2200940824
141.761959432962,39.0632175332421,10535357.228727337
141.63724801201798,38.829902322763196,
141.58088902848,38.601587692176295,
141.29139470747398,39.1154402907774,169002196.69507155
141.17600249451598,39.2320656514083,219010687.429225
141.647597160333,39.0470985023064,69846380.10026631
141.459889609632,39.23470462748429,227755483.30925307
141.415241374902,39.126259409423994,243155176.90538594
140.92337124350098,39.276165969268796,317729197.6348575
141.06827297854497,39.1959477508929,248258570.17687973
141.099561429387,39.0737757669798,123525377.85237545
140.87266030510202,39.4186351075968,274007373.16953015
140.937758088006,39.5352207372012,270643143.833262
141.05114547813298,39.83114307300809,167309605.65079322
140.964482705277,40.0309198040037,168569624.27768788
140.93717030679,39.895714279574996,335271507.92023957
136.53751724942998,34.4628251271579,95124715.08027686
136.472036688141,34.5201168990744,98419971.47593473
136.622098720437,34.486048013636996,82002803.0201327
136.62479920369498,34.6468188506121,356597209.74301136
136.410325543206,34.2602922804681,72657965.76932421
136.454162935695,34.3310080778478,100627793.76478484
136.704527970021,34.95273076969409,133070028.13527814
136.779936548409,34.9762587833241,81721133.37744892
136.82580759084598,34.9274216158626,3192631.481502668
136.827438364419,34.873747616132704,3375899.8543400164
136.762319346972,34.87688649388019,74324834.32490835
136.383891253566,34.959969177114296,166149730.94395393
136.21618441926,35.094790882928706,185664102.50088468
136.07381281117802,35.162958581143805,137095034.0428987
136.138611220689,35.22419160622889,171696649.75492218
136.011059963757,33.9078509371272,85781437.78667714
136.04959684301699,33.9453546770448,81401622.60686292
136.026779235006,33.8088970348404,21232409.369297743
136.07706763233,33.84499579527,40635696.5120053
136.120086140049,33.9088810897683,11618727.645147301
135.37604584152,34.8650771995944,153923199.90339488
135.394172268696,34.7809059485613,63092748.42901759
135.281032593795,34.85647478358871,117065699.03479101
135.22980172406102,34.7598839369727,84728849.0054664
135.284621201565,34.730574059920194,77779259.40706517
135.569195774595,35.1660241742205,75734017.57138431
135.48010265146502,35.168892091733404,191502588.03852338
135.421809771336,35.3603080152267,178530188.06919613
135.405502715538,35.2541761888041,171224013.27715024
135.663822850941,35.27466224166059,228442968.51038504
135.70429659316198,35.385114614318695,188087549.28940094
135.77594188458298,35.631208376147995,
135.390526476645,35.5655449074849,
135.58181841887097,35.7197929814682,
135.67741626479696,35.062123475996096,101808184.20151442
135.72347282867997,34.99461685533329,54754221.683283724
135.60782977080896,35.070271107818094,71155588.31489776
135.69419248700697,34.902859933276495,110509399.4964582
135.603727984362,34.8646492587261,190388555.77268136
135.563421832047,34.9645538126049,151011254.0526768
135.465132558624,33.6166404257574,66218354.09752156
135.469198885284,33.693658443852,85075778.615314
135.530504550771,33.727106458716,48322156.63916523
135.552068757468,33.5654953754406,103122198.92059708
135.597295577667,33.6776721709725,86434599.62498963
135.622926111024,33.593079105791695,133627767.58488671
134.506080753396,34.1464231555194,131618869.83369206
134.45684422754098,34.087054681960495,139649527.15114063
134.38746206645098,34.0994144768574,87090589.09881757
134.66329188071097,33.990068383227,118250484.79491644
134.642371306311,34.1039133655902,170443293.0447385
134.58357818621099,34.049330911048195,68387508.82243656
134.61480533985,33.8405750703867,49761450.15374459
133.86420330756,33.5907026141313,74770755.60715464
133.870517499411,33.82048030306439,132301893.32125102
133.82628201006898,33.74558497034669,162108981.69998413
133.876609646802,33.662953931276995,64149261.40049043
133.96553930628002,33.8229138616842,96887679.8983622
134.0243412255,33.78815449430189,106934972.80456401
133.50031500003,33.5635366976613,68937931.45501569
133.461498365415,33.659929402426805,127032990.19195898
133.692973292274,33.84945889291559,93009645.8029836
133.73421572428498,33.7552948125987,139889865.1246065
133.709796709764,33.646079251580396,133361839.39978573
133.63421720846998,33.604415722016704,133387875.08057852
133.577953128774,33.6321689707476,97024393.01225543
133.614692641122,33.87227213969609,135964894.89652288
133.54153893722398,33.83283723458099,151611457.774284
133.53913649415898,33.728561675513106,177095972.7720557
134.34076480997697,33.7589443816053,109396838.79383692
134.401786830498,33.769758846384,132654295.42831863
134.430209031327,33.8948089617885,76167215.55816121
134.386020197319,33.9864702744072,98031672.10346346
134.310337583004,34.0013787974058,147117663.6506363
133.975591804263,33.4302952718031,12465895.647775408
134.040808208637,33.4274203706553,46253432.20729712
133.931565673983,33.5152578050334,70421678.88255897
134.160763758549,33.71925851592209,163762796.25918394
134.216302557447,33.6369957370227,242485603.54499266
134.040576398487,33.696920777919296,150217442.724274
133.977226190808,33.6461669244789,95912629.2599571
134.05771142148,33.5062137851925,48039474.19129581
133.999311808692,33.5479384196451,175175713.26193866
134.208060361749,33.392920203683694,31148620.168843724
134.184327035319,33.505463385906594,148526132.7601617
134.12383764153,33.495247676912996,62493903.46914712
137.507528425278,34.866918981731104,84725793.22033778
137.60742535458598,34.778580251154295,74995863.44630623
137.58696596073,34.8570920181924,74348381.92701453
137.176724398989,34.8738317700498,91167484.08707258
145.415775418155,43.234479370341596,109404826.15262026
145.315742432454,43.3547438393586,378726559.3130771
145.55651501612098,43.26647554407089,73437472.47982118
145.45648203042,43.386740013087895,255402228.4090743
140.79085975264198,42.1758886873302,261263105.30079803
140.814467508297,42.3195192175074,201812954.28610086
140.636323921104,42.0619365813471,71424406.9044051
140.71521093828,42.043392386952,75486355.25030228
140.756212287735,42.3785682413478,248510079.7343836
140.58217137356698,42.38538700140359,782214899.5542872
140.515922689098,42.2344773125484,202326257.28710338
141.62677496609402,43.0896016295646,171336039.64848393
141.601907233116,42.9774584120079,150812695.5357412
141.498550266513,43.175351684701496,207960315.1302397
141.455142491058,42.9735004391781,236565185.95981246
141.377997496329,43.092187819919694,277424544.64912623
141.179270501016,43.181939591844895,102225584.47085789
141.160730458539,43.092231563878194,116742213.24600452
141.26573428377299,43.113121321360204,148303086.5569646
138.923078626101,36.6055602168861,124697952.9341888
139.01497817856,35.65894894614689,117635210.39351523
139.083753127044,35.745840098496004,297900978.28078127
138.844364148336,35.8066609231386,229295876.08376294
138.900593188203,35.621057794641,120625103.10045052
138.76581407746198,35.713200373128295,126128964.11919364
138.80544486732,35.629779998000096,267132461.7158248
139.161825762333,35.9546294328078,108650998.6351647
139.12331131083,36.0714917274096,240795799.39035323
139.056576494979,35.8713665922579,187320609.18276063
138.97120329648598,35.8866581932782,140042057.60493544
138.934267240461,36.208531120766395,111249210.65589419
138.81305992573797,36.19706415724409,108200520.91786002
138.833273304198,36.0873737130522,218547117.98502344
139.004353244493,36.1178264948028,195271726.06248525
138.95749449750298,36.0162558012213,163556650.4732652
141.690368626092,43.4135752922916,294087334.2336515
141.781747403967,43.3283155974471,307820902.7542967
141.76430108544,43.5868732827594,214280165.4185374
141.960257657823,43.4285332713441,430054559.19011074
141.936131157381,43.6606801290033,247445050.4588117
142.04070895188897,43.5875998124325,312317579.1140607
143.492870451216,43.5524097184605,339067057.1557408
143.483449030119,43.7592074332875,203446977.71492276
142.983803892963,42.9143252559549,258248577.9780198
143.008493630409,43.0369764576081,267998596.08127835
142.888226768298,43.11252468736289,151224244.93274367
142.771055263287,42.8982511241955,368893333.60707146
142.73466613923,43.11043050113579,166583613.4696587
142.642184371665,43.0188081396216,400409293.7442462
143.30037538931398,42.4489719609384,286110757.63104796
143.158017356541,42.3647632953138,242586997.73829538
143.082109231446,42.490641870863996,156549464.21492073
143.52222658864198,42.874204208460895,161087498.29421642
143.360585551029,42.9203720212179,305206901.7494641
143.518399218084,42.6752161442574,190223706.28398994
143.58319085160602,42.7581065893839,87959559.60685515
143.973281515305,42.9876545449593,204100511.11267835
144.039802182573,43.0630113445257,143766068.51375568
143.70403682913297,43.00434242767079,439443309.6777952
143.813774040981,42.92788984935989,266105499.81279933
144.02164156215,43.216056343495204,327125200.1966928
143.67300187627197,43.1673688563975,224381209.68291366
134.28066819357298,35.2387911071328,113456528.36016081
133.77388944984898,35.412171564353095,195721999.07939646
133.710899669457,35.342097154494894,118850986.8759174
133.72254140849998,35.179633968438296,152651620.20539853
133.829970077892,34.6323730406709,171866578.04338652
133.705145294952,34.70550147009659,179122061.5100157
133.69764127209598,34.8467587892853,248175431.4112366
133.909280776029,34.487987099709,149993542.66784573
133.828734411471,34.532546646642004,156505814.0823773
133.764765182367,34.4635917184911,22668451.166710313
133.73248387415398,34.1049920593767,183692133.40958107
133.616827500948,34.2746610297828,
133.66120880904,34.379758718962805,269084008.2784588
133.82513693125497,34.1370199126044,147644854.6358406
134.42376734555998,35.1233470410273,216715421.37991595
134.512531631577,35.121618135935094,173244149.75414637
134.38985637033002,34.6307622604317,238598296.4644451
134.468576237556,34.734897712178395,97913470.92989293
134.395628219754,34.4499049196412,
134.492558525754,34.3497269297754,
134.606467567044,34.3885670053794,
134.563084229145,34.7694599199453,51266684.287022926
134.691774658815,34.4957260107405,389485581.65669566
134.66660175969,34.6723054836939,463114708.6499027
134.571639566859,34.845247980714596,64402111.948540464
134.58349554780898,34.9484516539818,121273407.25841388
134.49820838404497,34.992938466188996,161950624.6680447
134.47713157527,34.8106857729477,100159164.26596719
134.428266252291,34.8816062681889,184185733.5943208
134.052601485858,34.4008646881548,145591111.8564572
133.985951121561,34.164781370181,135328288.86613587
133.884878099874,34.3998736636005,119611859.25682455
133.81221703670698,34.379190636110096,38133470.6892955
133.960414568805,34.3499979196737,94398306.69151123
133.936025254647,34.256245056230995,97478819.6839185
133.784997102306,34.30547310226739,119840768.29744737
133.83326885131498,34.232403266315096,166866323.1389648
133.271386311855,34.9013776228557,286801041.47650206
133.43065714651198,34.8567963337638,275483656.06548125
133.248828204558,34.6840129471638,195689610.34975418
133.175148696579,34.7944179228954,309863369.29558736
133.47455552956802,34.7086224459678,333766405.5326096
133.38896420288998,34.6427987593281,156259588.41137162
132.969897153786,33.9167344796841,161943603.65976858
133.07486199958498,33.957657290993694,190127572.87572622
133.12950631793996,33.8000823620625,274027500.3488077
132.987459147411,33.7387654670319,233987006.25342503
133.06839979586996,33.6756136401795,192424985.74148676
133.122090756237,34.0804306650951,371789900.035134
133.26264568933797,34.222262517824696,
133.24213154762398,34.0452260575746,222493066.09836537
131.683678098555,33.722136359109,
131.679454264314,33.34694277088679,179569171.3164865
131.83199299891498,33.35298084301919,355210570.3580419
131.587158624801,33.4385654093733,126032041.8940793
131.57907079366498,33.5456684446653,149322220.8696489
131.939279859156,33.55512118329689,
131.86892356215597,33.7803717429882,
133.08244629774597,33.5198205457137,88611958.54465622
133.135569121599,33.3163365134853,126280142.39728841
133.18632317901898,33.4006511578443,125734373.28233644
133.161665738343,33.494012416118096,170508451.74000558
133.022296659978,33.421533634721094,102007677.43524498
133.050762043155,33.31141086076649,141181873.44076195
131.289623081331,31.9820653472793,107706296.5829699
131.24926557081898,32.11663770936389,158808810.0982362
131.199991782024,31.9331229913377,157193929.8066004
131.159634271512,32.0676953534223,238408647.72269827
131.26726836036,32.55321267016829,190430147.63536552
131.394525456711,32.5866786935646,141492128.2237942
130.053241418529,32.639986203947096,161789785.88284785
130.08031882718402,32.7303664423527,169493281.92978498
130.12688241369298,32.5063672488456,112292623.39841945
130.274955608226,32.237369149345795,291238822.6499251
130.214705213868,32.327018275203294,127719408.14297265
130.407263362794,32.43245723191979,219550120.46980625
130.384004048958,32.27139343124399,289153363.98566186
131.740973328459,32.8236600947211,238144113.11861154
131.738163436143,32.954373729717,268026061.93978095
131.87756657443498,32.851701537962995,178694414.37924552
131.89130650697098,33.030156658999495,270441236.7642564
131.794437358188,33.0834312720054,139099453.87621465
139.23736944054298,34.708436202594,321873378.80673325
139.2741865218,34.7966891710812,71937218.3709049
139.34031012877796,34.6445463625503,105361863.27206546
139.39466669591098,34.725175112535595,28548451.56180444
139.377393936693,34.757716295091896,15156986.29091438
139.107236808441,35.0618554791318,59037645.37439625
139.04152129398298,35.0863659345078,92948773.82635505
139.03064534502,35.165912496389396,77622403.2621609
139.086822320094,35.2173850779498,52792670.0776008
139.1273832036,35.1490958802192,54231592.92210579
139.143773504406,34.253832299530806,9230343.545581406
139.08203715865798,34.4205375373398,
138.96349849370998,34.8430742511093,76319182.363998
138.93657120670798,34.7684705838888,47312168.33325547
138.71220074933098,34.4671838065797,
138.591624948117,34.6310061067113,
139.019612188446,34.3461161202258,
138.957875842698,34.5128213580348,
138.79214062787696,35.0812158852309,161620195.0551062
138.08578718028602,34.8769337288229,12440096.37643307
138.062428559715,34.8546043189872,73359278.81782897
138.010267296363,34.9458489926073,57118165.73564941
138.067378787976,34.9726331652555,6335028.224484248
138.031851111099,35.00189924535481,53415182.99811862
138.42257578139098,34.70638703853089,
138.522709413693,34.8341551374432,465664370.79480815
138.39455781013498,34.9342353017592,108339916.43695115
138.33180942893398,34.895630434632,11204470.785081228
138.16593809772598,34.7783481646986,45230157.107383825
138.16801079710197,34.7211335220684,31501631.819294166
138.22943122111198,34.8159820905963,90193909.39302614
138.28091702535,34.811566607522096,20398670.999103278
138.19411866938697,34.669604216181,26113585.145677563
138.243531774249,34.722403375736995,67265518.2307254
138.135908047698,34.6893346739379,29993238.663743664
138.08018206752,34.635361510127396,26638162.091201153
138.023946185004,34.656444968237395,11312470.835764863
138.14409852190198,34.9498709877009,114849171.03668004
138.198389695575,34.9534158338475,63116023.53154559
138.13015218000902,35.0346951557691,69910267.92829122
138.18564823651502,35.1204424891782,59136328.56531685
138.26357209335,35.1202914549498,99707961.93686135
138.262367210517,35.038088967687294,97954608.06957065
138.92080243041,35.139344873750694,33823190.36151846
138.89006681427898,35.2084836181848,37957833.04610198
138.969957594402,35.1845071814016,64614896.72818464
138.939221978271,35.2536459258357,81365487.19660197
139.196136330933,35.353006864748096,53379903.83755757
139.175320816026,35.2997058893787,37330112.46598538
138.512929768422,36.6383433765756,119200949.09762144
138.43722159999598,36.4210652028993,101752893.98277289
138.36040393586399,36.516124077727795,364805918.0323309
138.398281511061,36.654620871329996,354051311.18994576
138.53677367045998,36.754562196531296,215056772.36372226
138.492083629911,36.918134620653,278563334.36916447
138.549598267872,37.0106009077662,163959200.1800536
138.674081131674,36.9727297695921,237567799.16665733
138.67400204958298,36.68445863925479,310453398.14700955
138.77325069039298,36.8453730032091,354202936.37655306
138.77893161224398,36.711358932956394,193823729.46688205
137.79185740287,35.390450815978504,241543082.1590695
137.912485578846,35.461242327786,248402831.64671057
137.932022954913,35.5976117008182,200597937.74948204
137.85741726289498,35.6714058639972,219657447.05496606
137.766163502517,36.0822693768702,206232115.09459826
137.834125458975,35.8783173234486,130067031.75118648
137.932646939175,36.192549867051596,66285041.83821164
137.995115211723,36.1833678200148,44270872.093819216
137.890298087817,35.9928308419515,160785024.90969184
137.866281779688,36.0944168470017,204061809.2452238
138.03216331320903,36.063176095722596,137308294.1419687
137.99371134879001,35.9707721377092,159199378.15576124
137.46379671222,34.9198315552779,77721420.92070955
137.371954727337,34.913855748585,66820185.12753864
137.290100366925,35.230233592969796,124983364.83777323
137.563457555139,35.3256333390411,125928487.42968427
137.47320293150398,35.2983803816094,128581901.76383935
138.39197344859699,35.807953986486005,151340050.20385313
138.39231697090798,35.6541849832575,172629500.91478565
138.481275164199,35.565646106364,151200180.6863367
138.48084176087698,35.8473395592015,165148114.96915266
138.56456213133598,35.666734602170095,146323527.97899845
138.564472250325,35.7946590517791,313178489.2724242
136.534832027979,35.579478411995105,95278107.96620682
136.57231148965798,35.7199159898328,166254545.37109527
136.585213635981,36.0136020242922,191897825.88444465
136.430782140675,35.8328423504007,281021632.97338164
136.328466166629,35.690331014626196,427519551.5766235
136.23135126909,35.7425354059983,167977379.92075256
136.22703400086002,35.8797069554715,131378200.74594611
136.25421521913302,35.997307579233,174706422.44084385
136.360848461409,36.00264736553431,242274061.4493683
137.013183091422,35.1750211764303,48911696.41737318
136.976084901612,35.2438981463778,103293009.41572009
136.89451537937998,35.2275731820375,111182065.51851624
136.872107630379,35.1107958816021,138676151.69037816
137.34670987540798,36.8056821620235,152633625.6448518
137.269727461086,36.9956669559774,
137.116143497685,36.992517289975495,
139.682210975274,36.0082633808766,115111927.55330543
139.73509521965397,36.0969881585115,160360648.34132087
139.570339393551,35.979802396592994,141545451.1036709
139.89595017588297,36.202775565046196,137146451.5240439
139.89406972394698,36.0183977120088,148283535.1276201
139.833344197107,36.1061824879866,122097121.80729364
140.129838504711,36.3864919928994,136338283.049405
140.302161317373,36.029290236314104,108618466.2537845
140.225940450222,36.1269006349647,172280699.0740084
140.41616400596402,36.0792740047707,152423002.60057336
140.44062346644003,36.2039149294317,192631718.10663393
140.287018541802,36.275055765636594,354291417.10547626
140.38769886942902,36.302086291647,198981443.04525402
139.890222088749,37.11807149596589,271933325.3703248
139.946158754523,36.982472595212094,309756589.93883646
140.124080070612,37.5320475042249,108050667.1537937
139.912571566911,37.4260253614995,251567277.8872334
140.012680285038,37.413765974560796,236041272.6855285
140.06581744412398,36.973381610401496,169672188.2718773
138.519251082894,37.3638506669241,4177828.108704357
138.507022729185,37.5789972064518,
138.440887643355,37.5192410180016,
138.56127475344,37.3157116173105,67513511.68693838
138.652470589611,37.303304692793695,171228930.35555336
138.67658200489498,37.41119993085749,202612578.8230401
140.812536891378,37.88118158099219,194362823.95650148
140.890530517902,37.8831277486893,69296577.34776495
140.93704705244997,37.7519852989125,54100284.72556979
140.86818830901296,37.6620326644089,212211497.9470782
140.78289913544998,37.724829656081695,229645643.65210518
140.88134923278898,41.2627052138103,218782069.5368418
140.717016914331,41.257844023644594,488875598.98816055
140.63548782805498,41.12049865388849,192424902.5199929
140.66449028418597,40.85720979874049,321303945.39949065
140.72030403891898,40.7240041249734,194039372.89291266
140.63355729446099,40.3506704787384,197526416.54448432
140.70888118798499,40.456833242733595,444734598.4630526
140.70130971854098,40.0565870020272,253037316.53666624
140.61946385727902,40.1499356725599,422156559.0070641
140.871491911953,40.1183654142348,190860831.39492705
141.174298451604,40.122133172088,303520908.3698199
141.098522559951,40.009454200778706,118273040.41917452
141.13798948952999,39.9242948359002,89554689.39909236
141.266731874004,39.889610538010196,177406618.02300268
140.32533066354,40.932863154981604,273747731.15665287
140.17848894584702,40.8730212747681,416579044.12882227
140.178978286908,40.69085899448459,255423899.3060514
140.38699183680598,40.7670864906393,255857080.9362388
140.33480738910598,40.6554327624621,180821706.98335254
140.63788853129398,39.901176526962296,270282727.4520508
140.388053350644,37.8486524678955,101748990.91225532
140.396022903609,37.7464554252885,105193082.69714077
140.497651773039,37.932146742632995,154813135.5173581
140.59267389321,37.8770415850332,215673702.0089696
140.53296088177498,37.7766858766077,205297029.85851762
140.48670218477397,37.56932990527859,124067578.88392876
140.648910805623,37.488617849291394,225327701.85699433
140.551903477326,37.450061883940194,205404952.1240676
140.67076208027697,37.654977755637,233270555.7310758
140.574574629984,37.6958923374363,190675902.38871637
140.71190257914898,39.0401273171613,140771029.66710585
140.81017929382799,39.204236176300796,274072855.411512
140.831514903387,39.065159267049296,267685223.1559775
140.667297793407,39.2708952940557,199341449.05162564
141.03782034077997,38.716816107182396,95946063.52660461
141.085877271273,38.8199147099577,265630384.04727966
140.923353195306,38.954883268085396,235048966.95866337
141.02845629727798,38.9753589536454,238624873.80647105
141.350775915426,38.8083181760604,142535156.63096085
141.378434572617,38.8979381291688,174186438.45288897
141.23985212224798,38.7647013828426,134274228.29096627
141.183407017323,38.8487747126688,211619750.4862235
141.281905666473,39.0043043714808,160064998.71183673
141.19780190435702,38.9987577481986,99538981.16392636
141.246922678455,38.6340177728439,171800634.93470582
140.825099351673,38.2839859628589,146561436.1209985
140.795869021665,38.5067649900615,81104336.0537674
140.764048670685,38.4098093185983,167950397.54434183
141.09013831512598,38.6248710582735,93128482.91648732
141.127302788307,38.4175904110779,122504560.48921435
141.207550112772,38.487596268792,77544551.67814837
141.19015343927998,38.566112245742396,93909427.24030524
140.779137881613,38.6192595338154,113220772.75966467
140.861086995882,38.828873085363895,158560433.63501418
140.661509085669,38.6870889121992,261390810.50797912
140.871335064306,38.657362432144495,181409163.86565974
140.918133167361,38.7462501681486,122242784.14882582
140.62879803710098,38.8471026768891,442147045.4250664
140.740763942724,38.9077191569682,199227140.0132671
139.254817505562,37.6790601758208,430465868.4101944
139.102729672533,37.7417577624351,57615178.73067074
139.11524115126,37.6711908011703,135081121.21308768
139.079313631038,37.8198082572717,130060237.36948974
139.43045227366198,38.5094541841152,68180533.61508612
139.418322286782,38.3985823620729,375754844.4981845
139.581274779903,38.292187460293796,327462417.18559664
139.62324124617,38.552330879683495,70232198.93187654
139.688664783162,38.413290525109495,
139.670138232669,38.6156475753807,171292256.6771558
139.57544347975798,38.8128029588706,
140.35519319698798,38.0990073802338,113378027.59802027
140.329699679928,38.212694198415,99269069.14754651
140.479086863049,38.11822022942339,227072338.97814378
140.453593345989,38.2319070476046,199440934.149682
140.26504970223903,38.252204583981296,128232039.27540769
140.29638560166902,38.3684164293012,133946763.70555237
140.15769610867198,38.4467289316011,187691534.66880196
140.24786247446698,38.4675352307631,250882783.68570158
140.379709005162,38.665298773431,224155011.89152932
140.28746532045298,38.6240562730935,153535411.78622085
140.191338800733,37.7673726543564,253741098.56748724
140.109965745519,37.7117288179632,253527450.90459698
140.00122719379496,37.8132623115984,410090176.82319206
140.213166554406,37.9447352039943,400088622.85735506
141.28297798923,39.5629066456668,184548805.6620989
141.159168554745,39.470464580797795,209549231.23536268
141.20569047875398,39.3500770090923,270671322.50370157
141.40387523163,39.4765488013149,282886392.89289993
141.36573092644198,39.341896866521694,254054043.3823022
141.776884536969,39.1411249390557,67716767.60603495
141.690339695652,39.1361955580431,214516518.55340818
141.62199916038898,39.24075085813409,228809668.3477229
141.655256331006,39.39174898947749,382352136.90252286
141.84867534717,39.28590451131719,108349384.08740647
141.79538767647003,39.431973261648,377250909.6703912
141.406166589138,38.7352465372884,81922552.48612556
141.462507374496,38.6826852289449,40492974.91495279
141.343132853142,38.641372358978394,152101967.3062918
141.3994736385,38.5888110506349,99593042.50742532
141.474892765833,38.8982456247495,133588625.645622
141.59185045889402,39.0067956513279,111211555.64524022
141.502210527117,39.0154309857081,199824389.5591407
141.577032717483,38.7909350742111,
141.51607491387298,38.6573891471394,104949674.8934842
141.503574894,38.7560643632976,74797929.22474152
136.269819305235,34.374951769705795,181998588.2120442
136.341593007147,34.3096435171842,56324139.116349965
136.39991099476498,34.4821514643309,128030674.43540296
136.385430399636,34.3803593145639,93128569.23834898
136.42885354022098,34.7356039128846,120432905.0541055
136.481313996984,34.6329963559998,114191193.35024336
136.549495041531,34.7364754210584,182321778.0036734
136.533863488176,34.9223615762505,234083194.99000123
136.452791146221,34.902729693968396,191961207.74993572
136.078303065441,34.67005027690381,104663025.90949397
136.12205002364098,34.5977996316909,159460928.5934932
136.079783814018,34.770804898434,111987975.44878483
136.18599568176901,35.0004479175021,86373925.59784138
136.114161769212,34.862708530485,134264570.64464265
136.19440128112498,34.8831754925841,174945734.7988457
136.066749160947,34.976979951533394,106951639.9879997
136.10121360082502,35.0521060541718,63546947.43276696
135.583980752616,35.2943888534688,116069379.95610751
135.60851993178596,35.360008668831,23380849.81110525
135.51119468528398,35.403388597404295,187482355.59461483
135.535733864454,35.4690084127665,11154828.444923423
134.515094818566,33.8399225043165,66754045.24644159
134.562221552088,33.8747569571895,91098502.09587482
134.47051242725098,33.9127624925892,37908263.9165
134.495705754333,33.992064010311,49972809.03040393
134.55191497284898,33.969667815487796,77172314.72822803
134.28714876211802,33.864288802776294,106651816.39916795
134.26340568333,33.947242438249795,100286362.2591299
134.19551260998298,33.829506374700294,146465900.34202284
134.114429872401,33.858831650546094,97652914.71876319
134.150108730825,34.004759543964006,97609529.01767886
134.092769072031,33.951131184336305,139588494.71662587
134.07913499557498,33.3901235283792,55657877.72507171
134.12891025088499,33.3992930323371,87300188.24596614
134.15517330765002,33.3223053658737,44286779.50399147
133.826317386531,33.2422616437131,
133.785680847258,33.2760114113988,
137.450052860076,34.750941057016796,69538813.63750589
137.48734447720798,34.7937185611719,66581256.074107006
137.51767039098,34.6967136363012,29181731.637608886
137.554962008112,34.7394911404563,59371284.0700812
137.104498852266,35.0837759108694,143869335.0590283
137.141529635484,35.013526907139,143598776.2305154
137.096679120984,34.898911165526094,70603702.34293348
137.025383384604,34.839820610505896,199919334.46408102
136.941606493131,34.84931448502349,142852484.36558494
136.91636550748197,34.930753713286194,160947779.61246398
137.00858795431498,35.0936645442405,47001376.49771186
136.949082015504,35.0457642137526,178065971.30606794
138.93162064181396,36.865938277142696,157221258.65373552
138.880095894804,36.8191669690746,86859680.31911995
139.00690925219996,36.714553311486604,170174961.3568908
138.95538450518998,36.6677820034185,90715929.38423374
143.61711495219,43.473503475207295,314892277.08643806
143.897429464602,43.333702240395596,521793921.2706908
143.72504765784,43.28391897455339,444108026.0204463
143.618826507684,43.805393900845495,258727882.715382
143.96303118377398,43.909224330430796,337455018.58556265
143.69205189108,43.6599599603607,324875930.42400783
143.79651960992996,44.03975922430261,564418540.4049053
143.631330137196,43.988449050833104,372319355.46476
143.18121988272298,42.766419980295005,236288622.45701575
143.311778578881,42.802163070628495,304905705.5339693
143.40862798297198,42.673104812745,190962165.30000892
143.294306662914,42.5664163863213,216623794.14013138
143.175022789161,42.6156185099502,197496274.07549182
134.070648390987,35.320545396552895,153662408.30190247
134.134207711086,35.2569210659556,108250431.65624239
134.119219206753,35.438857608481804,127162490.63720731
134.212079686443,35.407090063554,157443595.58545136
134.22610992327898,35.3190999871083,72394259.29491052
133.93060186037397,35.254178755880694,283596009.2214753
133.84492086933,35.2837262848323,201571531.1533794
133.96096993659597,35.08397638148699,101765303.67059284
133.85596589805,35.0266735246791,135383578.4294003
133.799843017566,35.1203291761773,204987583.97401682
134.133693575838,34.3372454903775,238430164.31851944
134.160380676861,34.1114202148302,201210359.3019769
134.091432525699,34.1949150358464,260649330.38792744
134.23063056117002,34.398388609787396,155683107.16439688
134.303108332668,34.3114852519923,182114475.48261434
134.261301363783,34.1265819268407,131170912.1254054
134.315695763799,34.1863694534901,101291688.72797392
134.00850027975298,34.8576790598157,236438024.42335802
133.887308340159,34.703111756425194,143170532.65999326
133.861418502735,34.922137014708895,222442357.1476444
133.807949786808,34.8406567218864,190773261.44219056
134.09137004194798,34.5720565655883,179633248.9299415
134.009069532822,34.6763295952425,212463562.38842374
134.076792756489,34.749416605810495,189287336.44075996
134.205226488498,34.532756953942496,125904640.66381308
134.271932410572,34.6267109369379,275734644.42991316
134.22579918768898,34.739097559151695,156976612.98527473
134.068319567226,35.0559312282828,249460520.3914258
134.11039730569797,34.9341704165817,281767873.3260129
134.250501253902,35.1252820825038,104144253.19483632
134.16047873038798,35.1503614863126,231325425.70381564
134.305965706902,35.035868460093596,77389112.15565482
134.324787861165,34.922807357001304,206218378.60556063
134.248800094035,34.8601380322272,229627424.29623315
133.192481966412,34.4027285990784,182164305.30957383
133.24320701673298,34.5226352348823,139561396.21347582
133.18301866617,34.5966320031321,176552856.37503153
132.948279895728,34.21942657711379,174985543.56533864
133.04984168186704,34.2335506782291,286217206.5431079
133.099718750328,34.3788121519623,209254659.32204688
132.89151213307198,34.3044448094403,135109507.46127385
132.995182488333,34.5581462724234,278701589.19835305
133.072532942514,34.5188004134028,127062578.13037969
132.87138660582602,34.424843354714994,227838204.48244366
132.90068098276203,34.524432455142296,141511721.78575638
131.385978568152,32.219017935317396,244061965.0473173
131.46448426013097,32.2871252432388,213448835.56366116
131.27578230221397,32.2441563898872,221981986.2135784
131.469426982476,32.4159841433934,294262462.7104034
131.396658856683,32.4865435524135,119724853.55101351
131.20958115965698,32.3590615495554,190046709.35848832
131.269401760332,32.4530775290172,150245927.44981378
130.344777778644,32.6517000511119,70306006.2107481
130.33523194998898,32.5529431331247,157024688.91763255
130.19538525939,32.5517351392695,193951872.5872284
130.251722241795,32.4815284583064,186136354.1900495
130.313285598177,32.7221397924333,27809854.341639683
138.967058657658,34.9477316109933,45259060.23494068
138.94183676010002,34.8979905212664,24370584.949949928
138.86669169535799,34.91393204862089,34072628.10235547
138.817263135375,34.893573601335895,84464350.32260202
138.814398201897,34.8287494693974,58906661.66086728
138.761719233654,34.8091878250908,7269557.264806276
138.671600206458,34.8793210833969,71829998.51648578
138.898793628177,34.7578464347433,51467875.10636303
138.847710916959,34.7835674973798,80260533.89829302
138.870850519434,34.6726587396981,38954536.32210385
138.794561395776,34.725128527861195,46116831.189117044
138.812011063968,34.669775802020695,57606224.71309349
138.515281413234,35.1831653932605,157679584.06600353
138.082440321672,34.71417212194469,24634029.478925925
138.107685733545,34.6900581015879,19536738.28114401
138.052312311441,34.6837262741673,12369871.153263725
138.077557723314,34.6596122538105,11870531.438662108
138.17193226158298,34.6350183634455,16177457.714122139
138.154041364185,34.623402805784096,2354580.221224435
138.143281420287,34.648266692813394,7557038.845237321
139.12363863809398,35.3898202890375,71619928.42042881
139.062156303609,35.508946673541,73582295.56556033
139.121847227253,35.4811663341861,149507299.70212168
138.970306899468,35.4127328478858,88878164.20074552
138.978159964083,35.3239576939557,142104548.9765809
139.06507255528797,35.306291531081996,80428622.4918716
139.102823123187,35.3365193136681,48076077.114253126
138.678516038139,36.5142513290214,338802754.19725543
138.580132810779,36.486460329732594,77099681.5298613
138.72152835314398,36.2648108555634,137269189.53933528
138.76982666282998,36.3951680572062,369489575.66231555
138.59949865733398,36.2733704818485,120592141.34422217
138.524492628687,36.333259087722304,72385033.3699325
138.54230221755,36.4076789496585,114660460.68394774
137.690162646696,35.5051340531745,272224185.1430672
137.019510615273,36.4586708632905,316253422.99874914
137.51090125129502,34.9982262816879,125368592.32228297
137.60159345116801,35.0354932162884,98499965.15038066
137.605651865286,35.138590812497696,90471244.2603268
137.50911853625098,35.199476187018,136054153.14068976
137.45427839081398,35.106312650970004,238467130.49141645
137.31038058203399,35.1432136125048,113467116.25506884
137.366897963064,35.0861286639039,157575950.2133635
137.331678838662,34.97206648792889,71569476.68647687
137.24144000011498,34.95535489592189,89411764.89929387
137.22598287264898,35.028349711377,117778409.42407775
137.308608982545,35.3583462154263,183262665.90727273
137.380354020657,35.3904144166188,147059834.01687592
137.38674237842397,35.5221419728791,180511624.30480355
136.75834474780498,35.4696294616554,96973342.1044893
136.600996890831,35.5302070709553,106491737.4364917
136.641595913856,35.4181803787449,82033015.61587432
136.580448402552,35.443153094223604,77631795.35988651
136.486525472451,36.1229740663275,286672526.937401
136.36820317586398,36.116418102656105,161162292.30449525
136.438332412239,36.327729503735995,180964569.40985763
136.51999243542,36.2513481289707,269012780.93671757
136.29422688423298,36.2814354456048,155430125.36775526
136.257564610827,36.1984981071681,79699231.19522896
137.04531027838198,36.80234568003839,137744693.91830662
137.121452643384,36.80952926760779,58821474.17747204
137.047131732885,36.7123726639065,74534742.22999741
137.335815354969,36.5924947655619,194993248.74926546
140.140628605593,36.1299598623447,123028141.80080198
139.98816242373601,36.170259541640405,147009193.66218773
140.09913438876302,36.241139594926196,119589814.94717559
140.03697427872902,36.253617215705994,119271308.34766664
140.196135081057,36.62474825322389,96699671.01668918
140.106572561538,36.829314391564196,157955265.67499468
140.026148524746,36.7115394465699,242877976.5965016
140.046247894608,36.498373324313995,253929964.63110435
140.07282739305901,36.6075433835496,184730355.94127035
139.885934520882,37.5535537060563,234986849.08138332
139.900561791342,37.706636492246695,414649953.93503577
139.58539899410698,37.5972599189979,315924034.84092665
139.656600853209,37.8214745502924,
139.79042901238802,37.8996925710414,
140.15536506179998,37.177625592960595,184998981.11341915
140.139369151551,37.06405880610839,192004743.98551926
140.33108538801,37.229168160521695,194944388.96518323
140.25168437557198,37.256658611535,107533179.58111872
141.310278338922,40.6945780602075,93457826.5788161
141.41475196718102,40.6580115072285,92388066.57722342
141.52704988626598,40.5676208528646,
141.485189446062,40.7827920049308,
141.370141888635,40.97045544870959,42554713.82345355
141.28788932138102,40.5993414521541,129837150.98313287
141.39236294964,40.5627748991751,140043821.1148716
141.229786522242,40.4559086298708,244078980.55224454
141.19783628425202,40.5672054684072,78622497.29264253
141.428579014338,40.4276690541108,205339617.07574227
141.35605562406897,40.35293876855339,200089827.76000896
140.75828934667499,41.02464669237659,233312983.80476096
140.754474764838,40.92094344573839,99033626.96473482
140.93623397709902,40.55299726603619,237618641.6693654
140.83001689653602,40.4314950778035,293676690.9138379
141.365748404694,39.955389130493096,221241869.5488955
141.511439400804,39.952183252113,193044168.65584362
141.522192405396,40.0928454871494,219711384.75111416
141.3993709821,40.1995663793262,202995817.61711523
141.312781911873,40.1027523996924,326518366.52900594
140.013255747486,40.224768110900996,28623581.68779619
139.686062723394,39.6689643888318,
139.952401956807,39.9348805495563,242473891.7090184
140.343911358618,40.149760723056595,122970570.94319293
140.434635508629,40.0331834009547,114623868.29447144
140.37666353640597,39.85819827221759,289737357.4496275
140.719815761085,39.467339025384604,218212731.28841817
140.62764519906298,39.391529004811495,177263569.23698083
141.47227381775397,38.5061834408889,49104687.48424121
141.39674006188497,38.5109844787371,103662815.5435414
141.47687263782598,38.4114147373737,77801006.52384003
140.96218757148,38.26669235205959,69202378.86535642
140.891588805396,38.3038951120782,80856543.33731653
141.041066869428,38.3817383519757,134621266.1197423
140.871352025943,38.4219984248991,67399622.26908214
140.922182992338,38.513560335125696,241494732.6089224
141.021299069739,38.510503022220895,291080295.2219339
139.41642110358598,37.886699821779594,209184917.6378127
139.334816374875,37.8087273214761,226346888.53906614
139.757759986284,38.7260572543086,216341019.49586958
139.663065233373,38.9232126377985,
140.168886352869,38.2077151653681,115464091.90531133
140.133425545971,38.0992682124813,216467829.53295386
140.110055886504,38.303120711526,133134647.68336564
139.987349801673,38.404795386375,314278205.93578714
139.86989932789498,38.308749955212,
139.885777483254,38.084289186867,402378402.3691256
140.002859240574,38.0234391564786,247760191.1888803
136.351683194694,34.558285054877096,111053321.73927876
136.371348431307,34.6988580465054,121802654.27107573
136.26542889765298,34.5218011576317,175640606.75238886
136.215165067872,34.6250358657951,190242252.08038747
136.325897540184,34.807980230195696,126565504.42784715
136.25596847379,34.7706419467308,193256344.88019127
143.927342366346,43.514640827394,287460566.28238004
143.829897498474,43.651314046705195,374651501.1142287
144.047796919686,43.6327947631521,186121038.16276732
143.95035205181398,43.769467982463304,280593310.4975299
130.26162488476498,32.7887176249842,75252454.55150571
130.268085645291,32.7187126565145,63119106.92852363
130.205119729179,32.7896132387472,65005656.051409714
130.16621496004498,32.711696996483994,46620688.41980456
130.207640397087,32.6666846485023,45714670.241603166
138.853918259496,35.0391044847921,37641070.71394612
138.86157222068996,34.9744773811488,81521204.36154427
138.92932196170497,34.9892293081419,57525133.5610013
138.94566853355101,35.0552399770815,41844032.318005085
138.91364919913798,35.086966295799,22969140.923216682
138.57003401076,35.1257349178824,35362551.64636091
138.63563832633898,35.1611255887947,46509461.30289394
138.536267057793,35.0535130767888,32608370.948280346
138.694855334046,35.0835946213335,135416157.42512348
138.620196444015,34.9827288722505,235486420.44605216
138.713180404689,34.97741974588289,121391083.12867168
138.518738237517,35.3202097107915,34451489.29282476
138.536587412421,35.2672500736182,88417495.65259571
138.572456085195,35.3796140530965,22714883.18697888
137.761550430537,35.690512201839,154935396.20657974
137.696783154579,35.651747339046295,173656840.27219823
137.751617883891,35.83166776820399,99829105.42437667
137.54383037472,35.434986756605696,204365950.41205224
137.59468654859398,35.5231323208344,170526396.78743368
137.459964108852,35.5394613554343,118530696.04334827
136.70462082406797,35.9742837001845,267597989.2614645
136.80295199663396,36.018157383710694,324008832.668068
136.97697173958596,36.32931922174829,163910603.01899776
136.816647150315,36.1496531638176,331556618.27224475
136.79637695753698,36.3408374331453,217879235.2525361
136.700849324589,36.2619819841455,289831207.794144
137.06428195102498,36.024712679448896,210560138.2931592
136.965492537621,36.141312144003,171744200.15314275
137.030289493944,36.2421227529339,211964775.420814
136.971200700081,35.4429664835532,209267222.54799062
137.04126272984396,35.39007178821841,98859015.07175808
137.18892414222603,35.5344182307972,112730998.05347994
137.148698031906,35.378669719872605,84681637.8597109
137.214978773169,35.430583462312505,193992216.6891723
137.194010843505,35.771157449841,86487981.39723794
137.313683045088,35.6567013395967,202052099.4323849
137.23014867602703,35.6416685560254,161085776.53679135
137.24937498320398,36.7074849080643,95483334.66587134
137.25425726825998,36.6110365851945,162054079.6079019
137.177701714581,36.714481679650504,43786510.49007061
137.113482250503,36.676948117715405,97065785.68061557
137.11104812393998,36.5361489167103,245798917.21358317
137.180149873074,36.4772341557756,104092580.50754108
137.333649991527,36.442071330409796,252000449.11860067
137.452553909946,36.476790529476,229902298.96556512
137.23608481568698,36.361014475572595,170539387.3452818
140.13074362419,35.9992729436769,112128008.30663624
140.111311987548,36.0767540791218,1758490.1275768029
140.060843021616,35.968926720936004,156168129.3085577
139.989519194712,36.0493073850657,131566827.06497538
140.021005915725,36.1045761376377,1966823.488949986
140.23519212162898,36.7036536762258,87069184.16228494
140.192308470423,36.8042237515458,175660362.97496206
140.348484427932,36.7205085759006,128504394.34879804
140.388430132962,36.7910098927305,103576085.38338476
139.45165097358,37.34884718175599,134316340.44456187
139.323976255662,37.1620659000855,180829426.11392382
139.40952230686798,37.2033528006492,178493169.4310517
139.48345281307797,37.1348431916286,191788346.51447484
139.277498413911,36.9843817792746,310432607.0779847
139.44049059639602,36.443343685161594,314766152.24645185
139.39202089718398,36.2756194659276,308242113.1517083
139.43664856730402,36.1102614517161,295960924.1745288
139.53382376547899,36.099021222184795,255614144.5035714
139.618459237752,36.979327306439096,291156361.30450106
139.48396691166298,36.9984431203332,180279429.14113066
139.393007241873,36.751695712875,337293775.9693894
139.363558563702,36.8892686085429,280974786.85121626
139.31663847617997,36.6617349248535,183771951.74773604
139.351795403469,36.545725201986,198459992.9152453
139.172033711436,36.633432751687195,198596026.8069879
139.27315197859798,36.426909485745895,109837454.53931938
139.181943643677,36.4661159183772,358346553.39291036
139.88577921974698,36.866374947138,204781627.4862799
139.92501387255598,36.7395090173331,189227091.27431417
139.975419874785,36.370427617164296,97248245.74518909
139.953989374716,36.4698313277991,133891455.73579137
139.88628796220098,36.3166864378197,178964793.0090568
140.91792002201097,41.0846748162972,211728860.83907256
140.876389222173,40.98396166461959,156140827.31134096
140.95244293604102,40.710822959221794,450641452.575063
140.853957335586,40.795623536982596,157573347.7369361
140.872574640336,40.880258417981395,33245892.05675509
141.14462309277002,40.3833540103917,296235824.49424446
141.027268859367,40.43551098717239,205363144.06899375
141.12477151146,40.2256239309771,188999658.64678162
140.95600482648302,40.2003905698989,241229770.80849013
140.92105177880399,40.314008798939696,261903016.52298766
139.762216740564,39.9297183298299,35372433.64370433
139.862885599338,39.9822409783731,128956047.37965746
139.922422218414,40.131646696640395,247079151.213027
139.788606268014,40.1585318141931,
139.89663040785302,40.290945495834,
140.046873415383,39.949852198908296,134394510.41580328
140.12310702792598,39.8027362303098,169163385.84531742
140.242183225782,39.8630861937099,389433182.5269816
140.25199589441698,40.0673485271004,384298871.6708426
140.13423686816398,40.147480406777696,321778135.9030197
140.048190586986,40.0903340419857,103800220.75857212
140.70770354242802,39.584454968619,192822884.55322012
140.627952101703,39.6493514106591,156069412.9020553
140.83049560866,39.648765920214,162803313.71927732
140.82602261267098,39.812256787825504,378203416.7060773
140.703548324658,39.8282797283712,241097019.28391564
141.45693499179004,38.306886731553,18014595.034101184
141.44475915616198,38.367669922626,29189272.514413044
141.361015091406,38.348174066073305,91900075.53624612
141.303252714888,38.4291718578174,118140634.09468465
141.379332639468,38.437215849004495,58163201.86012543
139.171737127764,37.8789663155409,168329742.56207874
139.292592950973,37.8899358981396,238913.11821620658
139.183902661089,38.093327806914594,
139.34149528358398,38.146559789183996,
139.374197679684,37.9679083984431,241653.84460449943
139.852033827957,38.7455729192136,200433292.12667838
139.94728608511198,38.592168316874705,307759538.55329597
140.076854653626,38.603625705687904,326627812.72669756
140.14798836620997,39.2830529794989,200608238.96524483
138.593868720384,35.349142693537196,33693607.169330314
138.64153966614597,35.2122878520567,37253328.66790037
138.597241349754,35.260981861502096,15946684.959941767
137.6750134551,35.9661589390752,164542759.53664052
137.679557127354,35.8658205015891,122131895.70455468
137.624469313353,35.7713723280177,96969425.4982851
136.67091898458898,35.749024716669,212462629.02205917
136.75483970167798,35.8270314482157,161256067.11374357
136.68076530652502,35.6113418613315,160360683.89534986
136.776965652195,35.5757369675103,233267583.01394165
136.98630703929598,35.5839598571391,279951536.6911521
137.077671435276,35.6126284149966,169391447.97589898
136.872962594874,35.6655475458876,208843721.95585066
136.86068296629298,35.7791591712555,123725560.11691618
137.102996175882,35.756925323862596,318265209.88788944
137.029209751929,35.897231957795995,328134274.70702475
136.91672518484398,35.8823356422432,142388174.08432984
137.596057108191,36.2550192161586,
137.48953220174698,36.3220055451891,
140.252978789451,37.0303555531041,148248819.15059665
140.26516299090898,36.9145877173788,227640257.45718038
140.34799234714498,36.8845189588887,108583152.2963138
140.348375712138,37.116431888943,145136770.91028365
140.436370318464,36.9879546676167,159728318.30595565
140.44893788491498,37.1040997619457,146785000.7984248
139.55897395687498,37.35665024903789,167007866.74578384
139.75716736221898,37.4733161819445,163056242.07681575
139.65487813883098,37.477373507837996,321866946.1550795
139.783804408248,37.3457878373877,170836197.03687644
139.57814895918298,37.2312586011234,183740077.98485115
139.773878844237,37.1852349682803,277459336.90068096
139.67879858654698,37.1306328833682,306416253.5071236
139.82953336489498,36.633985840372794,171460264.54175413
139.845614449959,36.5273994090819,114349615.77785268
141.13111281393302,40.68506159928209,116348852.58941527
141.06191777746199,40.78374743071199,194125686.201228
141.28552238476502,40.8709405065324,207543600.5679083
141.22881835240202,40.7565597447525,276330206.6047541
141.223562451378,41.039683277234396,443755228.2362615
141.095525366367,41.1168157335507,430045257.37111896
141.02118409123798,40.990288660190096,182842609.5101755
140.28484546913097,39.4979287951017,240326369.06132865
140.51255514255297,39.598227528558596,241130684.82506073
140.500136021256,39.4575210659454,188234984.43275315
140.393358673392,39.3875031721017,326154785.40202725
140.37154508830199,39.7056847527615,347562292.32875055
140.49247741386,39.7359655923747,230926079.73092294
140.51070590749498,38.9489075483838,264072988.45490453
140.407098739248,38.85114959748989,258806907.91932926
140.28100884616498,39.168291613116594,243273510.92118955
139.88393958039597,38.8862034124245,163889158.57976922
140.09696112277797,39.666586279666504,261885154.59786788
140.173956419145,39.4906874466423,335948141.2626984
140.11197231484198,39.40415876104289,143125605.3101162
139.968546172224,39.7441875630954,274383946.03116417
138.67830798228,35.2648116548178,94497836.08372107
138.70220089275,35.438139868596295,132160926.42811984
138.64008760803299,35.3628358840812,114070031.74124177
137.360940528867,35.7541662451314,159062959.5514929
137.542684029366,35.7820162521855,168840285.63679543
137.454400298622,35.6790433175088,93644541.23357368
137.51952177249,35.680389530873995,144119513.34265637
137.591498804067,35.9757769828413,104451312.37453103
137.575690441728,36.0538695031416,96292768.53200708
137.514257192334,35.886082469523,89567987.47617753
139.72813686222597,36.656329655434504,222764157.47039086
139.629486044961,36.8355866446095,367199897.26493645
139.745789103492,36.8036311011501,263371081.4877849
139.524442397043,36.7171295628357,155806128.18922842
139.53676882427698,36.5247872579898,221803244.74203843
139.79918175702602,36.3503973350595,196568889.03776008
139.77993874485298,36.4617065956869,111743520.43901673
139.710594993255,36.227292132810895,220832490.5330888
139.621195120803,36.2577861807678,240917865.46211442
139.61537141989797,36.4506855965637,299095535.2913727
139.68552828017698,36.5315008092342,106825429.08527102
140.433378667659,39.2707824873375,166667269.06791124
140.39590183904997,39.179918058355796,188309826.40369755
140.51384702001897,39.0978723140841,127411617.92878038
140.60307778605,39.128475602782494,116012447.30517745
140.579808609867,39.2201666704254,141330678.22551548
140.302511235711,38.9131259205711,303540916.3514386
140.250262677756,39.0483177627015,298734334.38645166
140.226909709953,38.7711523523478,169947663.96980357
140.106465408921,38.771528084104204,369766304.6551347
140.07699833592298,39.035517298875895,270246511.91915995
140.008802592846,38.9007011885019,304532921.12059146
139.989314378529,39.373496221270194,81583879.89893831
139.754144457873,39.4236375826326,
139.922883532278,39.537626190298504,
139.740787427043,39.09149372634,528262229.82169855
139.867387932393,39.034968836061,120115572.4982973
140.025330429897,39.2523904397262,263049405.65062267
139.985086568019,39.124828609518296,227942136.93215534
138.72596853574797,35.276438666000395,45155017.98840817
138.837512220264,35.2421951266968,120568289.24777511
138.78414763392297,35.192862141488696,136616058.1770838
138.808241550957,35.3710401105765,103785759.04857002
138.75679753587298,35.3840943253578,60280662.66102222
137.406852880506,36.1750286376831,154294971.92361942
137.464129322289,36.070977614826,146119868.57226506
137.195984726097,36.0590240653005,302894210.57099974
137.430811181103,35.9714038961937,216092132.23091504
137.178154715943,36.2003019251016,262144198.14346308
137.27230941286498,36.2487567671328,164718501.00056168
137.251927194624,35.94577546962599,135443076.4935959
137.335322510925,35.9137514813451,333450681.88539106
