lon,lat,area
143.76847110172798,23.153161739937897,
130.88113346771098,23.667593406959703,
144.0305451717,44.5283231733549,
143.025193313607,44.96716006327709,
146.108150240415,26.147908645296898,
146.097534235455,25.994993521671898,
142.169911646994,26.929515394138498,
141.588438293478,25.5390853197183,
141.87972010571698,26.1671446428381,
145.516060881939,24.6045634472517,
145.80734269417798,25.2326227703715,
141.06857384178898,28.0999328136912,
139.030932113007,25.877357906076597,
128.404064506047,23.077746903175797,
141.545443520052,45.39475982669099,
140.918061644514,31.7580894281112,
137.19257184075298,28.785454548995105,
123.49796357853899,24.3114735055104,
125.105641471338,27.1687801446039,
125.06656594594799,24.7384207731804,
131.14132941884696,34.7916764157402,
137.488229861994,33.430275039493196,
137.894292005052,41.2031326233318,
134.573261241342,38.7350622287211,
124.43498779007999,24.3820576760541,
124.733822196984,24.5754101318748,
123.907786772121,24.273119080336503,778438278.8406806
125.748733372383,25.3071026136423,
125.52163684763998,25.2699379398147,
126.67098305819098,27.871783929527997,
137.11027031172898,33.1498612453437,
137.159438414427,33.185846486459695,
140.90142485835898,44.3368052683941,
131.87560490728802,30.092469597085497,
132.798448263723,30.655465482199798,
132.85322523214498,24.067757841847502,
133.83656506499398,26.5458136774809,
124.07625030408299,24.431478205840197,
124.376354797299,24.503252127730196,
125.558340263598,27.1963348368591,
125.858444756814,27.2681087587491,
128.076517570683,25.5568829121144,
138.252999397392,33.7699876638333,
139.020902472738,33.7517559238563,
136.52144982966598,38.7282225977526,
138.279012835788,39.4061730542601,
141.389531759454,43.9640650408113,
141.164338677681,44.9424139688007,
141.782827239306,45.4370971035399,35837627.08490382
141.39871006153197,44.814591140028604,
145.06431205134,43.955018901849,219539334.93877974
144.89424479976597,43.9205246019573,426306033.4282068
143.93005668488698,44.235056240981095,
142.857016486305,44.208473479189806,344854795.58210266
143.064639681909,44.3148752712798,242632595.0273914
132.074819650488,32.6979266779869,
127.517295181848,28.5188066394528,
127.919224178262,28.717672700857797,
129.060288393762,30.019076786433903,
128.47345056008098,29.128885004514895,
130.83605572926902,26.716019379875096,
130.379770159056,27.4960242412548,
128.91084818261098,32.921937752305794,
129.36058043822098,31.3362943828341,
130.512816176457,34.568044413843594,
141.496717149843,33.7037836532298,
141.56949864763197,44.320150961991295,482056048.0550518
141.48752693895597,44.138855649002394,
141.84382476560998,44.754066658415404,295934426.1998966
141.612600287037,44.4838589415561,461304017.6606805
141.607629134202,44.6486792665419,
141.488092092435,45.078804483051904,
141.42644878738201,45.2966542385643,
141.25372070858398,45.20662731182399,306869341.3917849
141.663832506636,45.3389915154132,55083860.6602565
141.919771860141,44.8461038961045,214423992.1316778
142.044266802735,44.470896182295,704529754.3153908
141.79328698989298,44.4474010590423,137570392.05559042
141.887411763141,44.562486597337504,383043494.26273483
141.75018535048798,44.283693079477494,160661377.95284787
143.423642174736,44.157648918820804,290141652.8002006
143.387138638788,44.3003233132878,167388680.16925874
143.244043133103,44.148389926812605,316812499.6918713
143.207539597155,44.2910643212796,263611386.79976407
143.21912028563702,44.79660519113669,
143.570565904227,44.4959218998063,
142.70662154397,44.24267857867109,243508059.91259798
134.064325286694,35.8298089990995,
132.10204013816698,35.283260287436704,
131.193159745296,35.167518350121306,
131.88891876576898,35.67444890866229,
132.55363711728597,35.42378220084,
131.798422256325,32.0306474542494,
131.885178833133,32.314503744448196,
128.893897611171,26.0286653018238,
129.00298532130898,26.1261080195775,
128.09967311823002,26.8346830116585,301182463.8885323
126.473418723267,25.757336348432702,
126.782465642151,25.6727307925011,
128.483903531346,27.384713882070603,
130.727878261431,28.238354640124196,
129.496480506855,34.2187149312855,
129.00589207393799,33.38275084738769,
126.94527960912598,30.449097589053,
127.23281713916398,31.122789280146304,
129.311745182235,33.625369412438104,
129.514796085114,33.7876418052426,
129.495059955591,32.765712255084594,
129.519967071297,32.4087719963469,
128.81672590244702,32.7264889154775,218760187.0041083
129.073066699137,32.35421109798239,
129.208712966487,32.437987342186794,
130.369505888919,34.289863700030395,
137.791882470363,37.4319566526444,
137.473721316327,37.7003703885864,
136.113469601769,35.398332429738296,154548817.13274822
141.726298012794,45.1095994712451,411602108.3965195
141.867467551095,45.008375595645006,400816525.72371894
141.72931034819698,45.2797595768661,219772780.53273934
142.010232896466,45.1561491848082,458929691.568443
141.988058090835,45.355478648535,322412635.2693349
141.848305080867,45.3778651649928,217490574.04764143
145.043913801369,43.664049942321604,123217244.67820929
145.110284296989,43.820629282821606,151356177.25244337
142.147043137407,45.0762900265227,449455953.99875534
142.350628916793,44.9026414074546,279580870.4021517
142.17527876356198,44.6078266218816,362282577.7034499
142.094370818499,44.7914542746132,171252411.5868961
142.178876750394,44.8738668158682,302116461.48727775
142.49250059487298,44.832537389557494,483308316.5119635
139.95588941135998,42.7155885496131,
139.987322884365,43.1590217431923,
140.298000290184,43.579046527846494,
140.02597335559798,42.4556684522223,
140.02336362992997,42.270857688147,437197428.2855241
139.78237097160599,42.4256275392807,
139.77976124593798,42.240816775205396,695581845.0082457
141.784994529222,44.168423029302,236441131.33287352
141.66440697585,44.0138874524052,323772320.38607097
141.734149280922,43.877930020174794,498736312.4770805
142.84607606378998,44.021532119862,829768696.2914478
131.077459289832,34.46356678165169,
131.235243633153,34.5119793062484,529273545.28789395
131.796015810327,34.884667615690205,
131.700748194708,34.806186221947804,
131.54690788027798,34.716287233745696,
131.76619230964198,34.66962507009539,151604151.7681193
131.378058310257,34.6071367422198,562726862.8798707
131.374510408416,34.0714068748977,240976923.7441105
131.299799120292,34.3203797214564,271992493.48672515
133.75492576974,35.7658731923196,
133.903639120251,35.7993646101762,
133.37559587985598,34.3210365914295,
132.13529566894798,33.165518504127895,707439605.4887935
132.354052647729,35.070048162781504,120079186.02193467
132.73169893598998,35.553703532407496,
132.347849708085,32.9015205705615,
132.28284062630996,33.0560281642569,447562686.0570839
127.02543990229499,26.4319019514594,
127.063310404866,26.297221169884498,
127.227455102088,26.3755620393474,328619472.933723
127.67894350539899,26.738048941031998,
127.61738640839101,26.5274789494704,
127.98304699534201,26.779843902451198,334540197.8993427
127.40129063013,26.322364075009197,
127.539647329743,26.3670000569646,
127.546192851792,26.159417649614696,211669288.95597693
128.023897346565,26.5231289045184,117754030.17975143
127.99215810414,26.625940325681402,292682678.36178625
128.195761885059,26.942642241655797,375057653.6202645
128.329869406299,27.123255769830003,
129.42400753821002,26.7522019159263,
129.20501313650698,26.4139378573818,
128.26208107581002,26.8639120111329,53275897.499030665
128.177194195347,26.7062614807626,
128.80482119970299,27.676420950446396,
129.61648573179897,28.8309938636082,
129.688454194233,28.3905881499174,323523475.0301802
129.796444877418,28.8216759918219,
129.86841333985197,28.3812702781311,208255461.90192428
129.886822395429,30.612071679014097,
129.43811766039002,33.2237081712459,
129.26791081944302,33.0648658503999,
129.466291456062,32.9261534833572,
130.02396500313003,33.6395562796095,
129.82491523009801,34.023689149480795,
130.154114376891,34.0860380389683,
130.485650186661,33.7777917656784,124441802.72045776
130.03014782478598,31.212199074605998,
139.550095804779,34.785561812595,147484894.72523955
140.11902030330597,33.7665580674939,
139.548181582887,33.2574045016092,
140.608932993804,35.5787400495054,
140.325765040098,34.6930454798202,
137.920295817744,38.0607020138202,
137.840297128413,37.8929042066124,
141.93995283184202,39.5848225181937,26709718.284387365
136.22521794581698,34.0624426140801,79971380.92317131
135.889359495021,34.305633499559406,114442569.1877375
135.757152297063,34.2339351451119,199263063.7245707
135.789879537345,34.3374212524662,113020710.95423776
135.846906397422,33.8270458944396,40359521.686864346
135.923171003532,33.80240541206759,72945279.35345599
135.783102535113,34.6696344101613,128058997.15212436
135.791987063238,33.9727005821808,119851791.29794581
135.80160814436698,33.883839871473896,130644512.79915163
135.50986045538698,34.0792987412988,210827839.69705936
135.668936986143,34.227223002726596,220660762.74946713
135.679270922646,34.087630776012,106622615.4923469
135.612874279641,34.0406302795317,255754661.6451125
135.68882971667102,33.840711887036996,168580762.48911592
135.612811992537,33.8825721012636,184755603.69463465
135.344601909561,34.140747755782805,116728812.18091927
135.276403700064,34.164807635220896,81350108.15614934
135.21300398733598,34.08789935315159,65063077.68663401
137.315083488363,34.5319243618767,
137.166585406323,34.524041280263695,
136.15850454782398,35.4777766578543,130117855.09240286
136.10553035244,35.538505247388,75019503.9689559
136.30352402775898,35.534393214632395,226795302.58222035
135.11634118458298,34.8504805614042,148620628.5231678
135.114964958886,34.7645542585605,137407753.84271517
144.187383826266,41.9036050960791,
148.418583170682,36.9470101884741,
142.33865394107698,45.1504834411059,71262837.1769607
142.257051768777,45.14651931522479,162695508.86062038
142.37949045368399,45.0353876065071,143018083.49205145
142.696596109947,44.3866811693052,355575552.79617625
142.503858898929,44.680586605488905,432531769.7531281
142.472847040425,44.397624455533794,385824405.43128645
142.35274517181298,44.5422525049491,491435938.65840405
139.84080715406998,42.000018215802896,
139.656949148376,42.1168462671627,169294622.0961781
139.471035608256,42.0934006202952,12244430.29753035
140.191466294649,42.470208818706894,
140.04682967642398,41.9764498258776,117794437.91111836
140.16924694347298,41.911124314415396,261392174.36095265
140.106574054722,42.123318790179,192483112.2106272
140.228991321771,42.0579932787168,334362823.74412894
141.04122264384898,41.6760787733202,341044782.8509991
141.50714265385497,42.284128554594304,
142.081921493556,44.2254329017446,599605396.2403587
141.947342016183,44.121102890455795,346535199.38512146
141.947900453667,43.9288475909085,400858416.4327592
144.802767028458,43.7475068391306,606455182.5105845
144.90646378441198,43.6254217985223,293303130.5151523
144.270124721349,43.3888710219657,418384742.7030018
131.661946058643,34.6193468897496,11519916.905913118
131.53070271762297,34.5578577479454,16108342.230475446
134.57033366746202,35.5276379925555,131687834.35022885
132.49585156975198,33.4987572212568,96908828.35753743
133.299972749592,33.86252405660189,175245423.73215565
131.902482215955,34.6507852525989,178433110.22963136
132.27739791730198,34.9170449492997,256843917.41516015
132.84268295647797,35.3945434563402,154497204.4589557
132.86990873362797,35.655678713202896,
131.40293985185403,31.676660696465397,76210637.24691735
131.368611305052,31.7650286747838,123927062.38921611
127.656974985804,26.1646783864884,8087689.639547685
127.68829996632599,26.2375800122634,16707057.113774069
127.710627816651,26.1497739190842,84369891.82823841
127.76338680689098,26.1782650543524,8726938.142710205
127.741449567501,26.2262959011207,103094603.70887357
127.86872410210799,26.2421813914128,11905305.194126505
127.81773355167299,26.482166452173296,50699143.281226076
127.88840175747899,26.538832866965098,178240907.5560883
127.7931440742,26.310403448524802,101075739.19489947
127.92014099990399,26.436021445802098,78581186.13798575
127.87090680381598,26.334944540503496,240659396.3280251
129.028039022355,27.9218443039899,
129.293959187679,28.5203290175331,
129.492122276055,28.7144601931407,
129.564090738489,28.274054479449898,
130.14362369939698,27.418182338223602,
129.720017437593,27.120631428956997,
128.946796974039,27.783392351236497,
131.168621309385,31.680760693424702,510093614.7104861
131.28439420760398,31.6595066730393,200128829.18381572
131.208275646888,29.3509193631918,
131.03960170263602,28.9581946729218,
129.640957417719,33.4536464931141,
129.626269839957,33.22715114591399,160013567.97121575
129.774984130374,32.715547080103796,164410593.1984885
130.245409569792,31.3737731095866,192609691.89167574
130.380340002066,31.360889523740695,211952234.80511093
130.41883626205498,33.6346919817546,224112750.55547836
130.589915162454,32.3931200536977,161186385.01437303
130.573989411855,32.2301671136214,209989025.35249898
130.672576432167,32.2100079534057,250610009.53634855
130.685929723371,32.48563377839999,159506974.60583073
131.259290708205,33.4690225680195,134690539.81509304
131.14405369639198,33.7204110063282,
131.25741154614,33.6669895260105,
131.125424636151,33.895156739673894,307644249.3466419
131.235263684481,34.0591691507925,200877688.7521483
131.19864073714197,34.1806148206776,328651981.889542
130.89101515610997,33.3257065307232,137253130.3277088
130.80213457839,33.3244200237201,243447597.10443142
131.338608498966,32.860965787445394,237717117.98679602
139.610298760548,34.9435731728787,648009465.2536097
139.56762741477598,35.248022664884694,121887637.91087887
139.69344790813497,35.1870380669544,127734718.56450841
139.74680266545897,35.070948919030194,262776263.61042196
139.59267358324198,34.562990708597994,
137.84866037867098,34.9033393906593,41056052.04185721
137.978237759637,34.6450205141304,36664358.30982667
137.606000197116,34.5060407651619,
137.442060016107,34.5290914828596,
137.876924508642,34.695762176456704,49053102.348626755
138.642408279276,35.65867709133509,51038533.13449311
137.52996111845098,37.136338504749006,
136.88923597404,37.5424447420638,
139.425568272111,35.808644703407396,121080383.55026165
139.320737992854,35.7100916220345,92069297.3302961
139.394107845135,35.7056296452768,111417612.46841787
140.479301821551,35.550742760514304,
138.166674057456,37.0239223904847,157006337.84371957
138.068569225587,37.336887340193094,
140.90102651153097,37.5730489750011,123384404.25449531
140.84265973212598,37.4732283970572,269267093.2337728
140.92380714657298,37.374372806604896,255130005.56408268
140.954007909528,41.5498579466652,280706183.5250221
140.83070925395998,41.655013572051004,279079314.09159684
140.23876225791298,41.77478805407159,431299839.4552375
135.95455074524398,34.413978325326596,235654626.77783322
136.061786907222,34.447832091611396,189283285.06784377
135.893629721289,34.507659621593405,212134644.15766227
135.89787680987098,34.6258713269073,204514680.1172752
135.971880058806,34.671415419375904,128092082.88890123
135.22591765583996,34.9077657253149,106901647.05295126
135.656535743058,34.69560535647359,43358947.38331734
135.738723696774,34.600391809447196,76384751.74847728
135.787178664126,34.498390462601996,87802469.07184166
135.748619730405,34.436496919242,112793978.38752052
135.671716721475,34.6160746723374,80412184.48340563
136.49845544933402,34.1523323225436,
136.33924415205598,34.137239781282,
135.926798670729,34.187600101413004,182384508.92858875
135.86816528132098,33.9955926350799,181658114.72593516
135.843664451649,34.117234971296405,195334766.13655385
135.831502727943,33.7576383105588,58689092.66781651
135.865392165327,33.5875584012507,50611297.95571317
136.038636419169,33.7735593126327,28917551.444794446
136.22368343595,33.8293359960732,
136.308514028709,33.944264264096994,
135.910872596829,33.6344618627688,37144261.034432635
135.93726715710898,33.730346869975804,69775372.87401663
135.894333927528,33.7061776881357,59084451.82142313
135.99214641863398,35.2484591005701,179521489.41692302
135.928146319284,35.187820229397,195610285.35187352
135.996301816386,35.3753007388044,109653154.08110128
135.713538782184,34.7825893412052,52995375.69462892
135.77309859893998,34.77230125778309,126846198.23686893
135.973360807383,34.7721700409061,145670345.66633636
135.613519145148,34.3415443431159,120839108.693483
135.68003371302598,33.7299527993868,150340833.71278128
135.79475923932603,33.6053091160017,124854821.29693526
135.777408471243,33.7036731999429,146855213.2243737
135.50130860732398,34.202968020134094,118870753.94322345
135.42393035259,34.214403854436306,167906205.97165132
135.554916392676,34.3160602424475,62749124.37886076
135.518660791932,34.4178775197015,91451907.14453527
135.25294065327,34.2433372258098,118447825.70146191
135.12823916466598,34.1435846860614,91684790.76355247
135.18007320074398,34.10566275530039,16542330.384762254
135.145637164692,34.2439320053259,135400553.16462266
135.19747120077,34.206010074564894,25968797.691289216
135.157731028518,33.9268858164489,12050914.07548464
135.19920263760898,34.0066299072423,74164339.63283338
134.986984611534,33.8990181044988,
133.49538395985002,34.1935943739258,
137.33928666780298,34.7015153824119,105019735.91027133
137.587144199571,34.6814685446295,38914882.95318351
137.04180177926702,34.500329112717594,
136.943115092256,34.465416986945996,73707631.1777983
136.870809436878,34.4174715503025,128699094.11161208
136.15343493483599,35.6473261955382,108938336.56935248
136.10611882691998,35.7404868015459,155133887.96327543
134.91019179491698,34.8392050300701,116996517.15784791
135.01784533181998,34.98708956647079,180042054.49131498
135.026059596978,34.8918098390631,156241958.09768707
134.35005751728,35.882692707533096,
134.948053681683,35.6826420332679,76506638.97242641
135.09728086413898,36.6257162230839,
135.776765225574,36.0352826600118,
135.723738082152,35.932103320311,
145.02795342090002,43.1026680407928,95640207.67153545
144.022910455248,41.849444269036795,
145.009714281663,43.3790335898073,203058374.84990984
145.653045442113,43.29237797723519,43552692.264623985
142.80954251751,44.4824963368302,429287425.1405113
142.73690717510402,44.63177372359859,382353261.43497944
143.027191147137,44.444895538286104,305722583.23806953
142.89428629895102,44.6682410688327,
142.725548871048,44.783724507667195,
140.477458932525,43.219048680564896,244934386.5397782
141.08512889278498,43.776941503369805,
140.7543928197,43.6757432642058,
140.561056741908,42.6118893742344,516638508.5124136
140.18570736059996,42.6511096838112,350070913.0279099
140.193732861303,42.926530327658995,
140.356181531478,43.0503487149153,
140.382934715892,42.690233059749,500647727.4507554
141.535842640236,41.902468013465395,
141.94327706605202,42.076753451178604,
141.213957042015,41.564127921525,
142.11233636843102,41.9989103426013,
141.895204623777,41.3484051672912,
142.25935682158197,42.459901158575995,292179338.0754416
142.428416123961,42.3820580499987,199084510.9111266
140.377141075314,42.2746514527326,435250430.471017
140.382819977367,42.0881674473315,371187943.71838593
140.715195089865,41.85728397132149,22819732.104894537
140.786486863308,41.7785933881668,46420190.276381485
141.66048776447698,42.5579459437836,
139.25817818279398,35.799289489688995,111849063.35553622
142.258146532623,44.1747082170537,317486572.6325558
142.528324702104,44.1870774830034,165898311.46120337
142.41609674268898,44.2706286133881,277114558.3137917
142.345423714032,40.3959034846521,
144.4774014816,43.87136518472399,384610885.52925503
144.61930111021798,43.72375957409459,317852853.8058908
144.28389232111797,44.0969785234671,
143.96268140208898,44.096591701819804,
144.63724746206998,43.99564470119609,
144.403870062144,43.970232548998794,49853388.78187839
144.89618098612797,43.3877530137777,306598405.17819893
144.81229468892997,43.49698797518911,165999097.1140738
143.985941192544,42.8417402521812,
134.023828766751,35.4897223841622,92540580.08507617
134.42781453080102,35.59697184647669,14723328.721632712
134.48632982202002,35.5776203014914,117291337.30830926
134.452978897446,35.441060312855996,162690955.47976986
134.368975052004,35.4910426217919,183865922.5496664
134.26540259695201,35.491446257091,144001362.14401275
134.310459760785,35.510394166777196,16630790.066455651
134.48521335367798,35.356974665595,201178996.3640942
134.397604052151,35.244617449107,349721826.98194104
134.867751866001,35.6170914189849,199447937.62214074
133.524970847532,35.3749383493803,214511281.54305235
133.10740585487397,35.9770797778821,
133.277641116312,35.781674863994404,
133.00145361115798,35.7126463135398,
132.35906828278198,33.3485188549293,232724752.13071966
132.4013532072,33.4849763204847,232645941.2409185
132.21599849119198,33.343051186750806,365004729.1793679
132.362353850859,33.6601456657983,411207860.4732869
132.70756376641498,34.3337829763302,233201384.19005856
132.565385642316,33.611487406444205,146715325.24537253
132.63409752710697,33.556549516116,179860800.79611498
131.88287386032,34.541588297053195,176375449.57810387
131.748492689781,34.5567306739974,189893445.59197104
131.723499376029,34.413720607767594,432451081.7641275
131.51675106626098,34.4432518573473,285915698.8478165
131.62300109352898,34.361730932921695,314947171.4801322
131.596486115292,34.175331445068,214267067.6120154
131.428662146034,34.3009312668297,243222058.79331303
131.466750486819,34.1734040901561,235562782.993797
132.01973930574,34.8107198008779,115294550.9434196
132.002188897623,34.7019809951793,190646012.50458512
132.115006921359,34.8892011946203,109516450.23906611
132.18537318402898,34.8324024600618,217536927.34766045
132.626586134988,35.267021932767896,112783001.09818177
132.758363692581,35.3082748687284,159364384.4944264
132.611980002414,34.6724326013142,237044252.59747684
132.920112099456,35.176665320666096,128978997.44950506
132.76867094175302,32.8513066084599,118929554.33806457
132.67667078268897,32.77716183967829,117097324.3195501
132.382217860926,32.3616991601013,
132.245240246724,32.355990630677994,
132.917501157243,33.015435926886596,103857190.69498794
132.806393875749,33.285914785295695,145021608.30194154
132.773304068394,33.377612123978096,153203237.25540853
132.710067782655,33.1876101927381,128966800.27863519
133.34508506790897,33.569447025569396,150826052.73600718
132.72373114951503,32.906497943107794,75116621.34183195
132.631730990451,32.8323531743262,81872154.79523605
132.45105979604398,33.136430519883895,137997608.46245667
132.44658463027199,33.2513885279334,187364826.21610582
130.871796668151,32.189709027501294,201038794.82437044
131.12235186345902,31.8459684453306,305386296.5621061
130.96376945995198,32.098509937989,325182528.65000975
131.561076706587,32.173724599104,
131.509830338403,32.0876701947384,
131.40221053812598,31.880087211112798,202526385.39368823
131.348212895097,31.5477174330813,92112673.74486896
131.28424801889102,31.511856928157098,152624052.3407847
131.21334365337,31.165862486394897,
131.08645390361397,30.8913421761714,
130.89220303064403,30.7937184661854,
129.734904595395,33.1308887044542,181160960.43895707
129.745133052447,32.988733362743396,201006092.309781
129.893289561981,32.914737999686395,220243285.50007784
129.803640857748,32.8794163338729,253747353.51216733
129.875108530266,33.5705639591982,330765642.5071843
129.74537271847802,33.491599165134,
130.19597988658802,33.5707254357156,122080403.80126414
130.12942427281502,33.4403828382789,189563497.06751204
130.192567154562,33.364328325490796,229882487.9188829
129.840253419459,32.2223282865825,
129.86383679755198,32.5444409290968,286869991.5275972
130.51457367068997,32.472498548721,302549894.0888193
130.430438515047,32.742639328941294,228697157.69171435
130.528202994288,32.6839237277553,415646007.57512313
130.02744348858002,31.729432425431398,
129.9779599041,32.0328520637664,
130.106017810362,32.1756346670781,177511016.13924995
130.43599106307002,31.4406075054786,105273239.98429157
131.065963856157,31.5882718492341,214420978.5391927
131.127554553138,31.13387350128,
131.190479426688,31.3725333065793,146500993.6106637
131.08796816217298,31.427694207270896,308492071.6498958
130.97504162595598,31.413006662505595,258757526.42184168
130.48253046199798,29.665752364409702,
130.083407631606,29.404662739983298,
130.13983233523797,30.1013459020329,
130.379353484061,30.361462207134302,146088786.42349625
130.286174922849,30.5442112677339,416093389.35712296
130.22372103552897,31.1519296504845,
130.18997920338296,30.884222358224402,
130.46109490243498,30.759128310213598,
130.32198241840797,33.077655193337705,408240186.5419211
130.902963284511,32.7927219401793,233688136.92211083
130.775426396142,33.1730447317632,317346156.1700526
130.859036214324,32.305818138429004,144147696.0111721
130.749079664412,32.3228562821109,133617716.92718829
130.746507205017,32.4355291670289,169986087.7258953
130.920537266937,32.4512996614884,318035378.0997065
130.856713299972,32.5460671307937,197320054.7917026
130.820354732859,32.7388898959221,167924266.11501774
130.830390055893,32.6504410743555,156384124.0162861
130.71655233080398,32.607527974761304,110393294.17414184
130.634167093485,32.7264394290933,289512130.4379196
130.673895983532,32.8249927121127,157392146.20285693
130.532635677642,31.9269402930027,195031396.39262503
130.938868583622,31.637600052920394,156448327.41126564
130.89122767818898,31.532608684440596,152240076.5214107
131.467504818045,33.5708583120933,138005730.21929184
131.447197928937,33.8986587121083,497897082.01832443
131.389142788365,33.7253037180081,518868111.50943273
131.030957200506,33.460670448315,218674432.6787207
131.047191826881,33.582764704335,126076292.28848599
130.917575126514,33.450413875741496,186694343.13896734
131.18079720834,33.3800810523939,170894393.84806243
131.072855916882,33.3625264180329,193910485.16833878
131.048553840666,34.268728197791994,166375183.03861773
131.105179800837,34.17737582160989,129192101.8852396
131.01767782857598,34.062210329644195,168497674.02907652
130.846647030033,34.070220575872796,282210274.0377489
130.961051868405,34.153562705826296,204087299.61145824
130.932189098304,33.6308363710209,125336151.10307847
130.869602350938,33.553529854779,152738077.21734577
131.80864863691798,32.686396030167,
131.01445469758798,32.7589089534828,110972830.11557463
139.87397500362,34.9550602490562,10155104.003643181
139.88019131526,35.030025337131,111462227.22212923
139.83020610761398,35.0020281577956,41318605.443336315
139.99354376221498,35.0826432598125,77974829.53479047
139.91498517219298,35.093258500182294,89035421.83973932
140.259295397727,35.593676620032305,123874024.79015562
140.346533226405,35.626409560410906,124168972.17265196
139.485660648939,34.297109741687095,
139.39146335961001,34.049476390832105,
139.497598928325,33.7308979565283,
139.790240651226,34.5984426453831,
139.652545628772,34.295463703974,
137.758723326609,34.6914078032709,34746552.85091014
137.88672544845,34.870846739916,34811386.49673792
137.874882029577,34.8219657934995,52680314.94048442
137.941619685144,34.733780634564,49904535.437936805
137.986697053623,34.704122430347695,65697813.738841414
138.025394596815,34.7190647509662,11453605.036463603
137.939856258171,34.7915872246602,44480713.860726096
137.828101824732,34.8049605115311,56970891.617324054
137.82838087682399,34.7365634845845,67383721.94728929
137.78152607943898,34.731578422807196,21385220.92510897
137.780201705223,35.0568569893641,171493020.27875397
138.667022720919,34.824400256362196,148104722.8809022
139.306274472684,35.6040486020637,93918935.90186012
139.00402168431899,35.0417777987673,41349246.75138597
138.92466544740302,35.5403813094297,122666269.1157987
137.623710709221,36.942463737164694,160349127.74126637
139.514970277683,35.6282625927558,139940931.9282492
139.428061169463,35.6125079050488,102773729.6971863
139.372837425723,35.5366056646986,88563893.7857478
139.573865044284,35.7071280177579,70691644.91139309
139.572944149716,35.870080647865194,168092335.51736978
139.51841636304,35.7943883881815,174427587.38043112
139.635555417963,35.658143535029396,27252084.491195638
139.696270649166,35.6969785441401,167500236.89751428
139.853195035158,35.8685708245293,117755368.44942899
139.683500366322,35.8602366067011,131058755.25092454
139.73714534462098,35.8078230275832,99591932.70416985
140.081325793134,35.5461555739455,144038909.6782215
140.353939479039,35.527644171937496,82050656.71561709
140.376160150083,35.4320296546788,152250334.0867834
140.30978530156497,35.3140518536388,111031304.09728514
140.266701650361,35.494911231558895,70832669.0003169
140.243677949628,35.4143420859459,155481284.27310222
138.84653559783598,37.6743146307561,112989335.51755424
138.63918886791598,37.751768375940294,
138.697017657792,37.8321463050102,
138.43771671714597,38.1316227257064,119088763.30461617
138.47278791634199,37.8008415104694,
138.294248455407,37.8809926532202,8855100.009041488
138.360446631594,37.96344355797179,86405308.73392801
138.330680458509,37.1279158800957,162167844.68447465
138.211635624183,37.145816060232,169161245.3389558
138.22179599471102,37.398863990241594,
138.28214536583698,37.6168309713636,
137.70106017350102,36.706307893110896,353400290.7976626
141.14188612649397,37.80844567797659,
141.146879250465,37.6843806123906,
141.257792114736,37.4277003066549,
141.09041577404398,37.081996147861496,
141.88948410255298,39.715149527522705,141498887.27220577
140.699287104156,41.6452588682856,336541085.3232986
140.39334575801698,41.74422358682399,311472563.5429658
140.64426906317698,41.819038301937596,173772929.64396194
140.477659099173,41.910734015782495,326946030.7046146
140.59238142912602,41.9246772899823,280366843.3794049
140.62137305634,41.4464185863024,
140.43318658353598,41.4943232263593,
139.20698543924698,40.1033082434358,
139.67861367837298,40.8559972660059,
141.82933609128898,34.847504851005,
145.988219574681,30.177614459747698,
147.096737995086,35.544152059983595,
143.089353143649,40.59966190643879,
135.096792179679,35.043449244939296,169535012.24374968
135.224090961861,35.1836172410712,180196035.9314483
135.214582916094,35.005454681442295,120717038.12745926
135.27807257316,35.0784454799658,162875965.24875903
135.277019638464,35.259667897244995,156691422.97315794
135.594029347656,34.688796464430894,99221074.8279675
135.525999221349,34.6052952483876,87603634.97532998
136.67109185063399,34.2749458799616,41069059.62143136
136.607026814445,34.3342741205442,108947218.95487294
136.007522847504,34.166931149848196,146564459.9559956
136.077319833774,34.3188183142794,195857084.25420606
136.199141707035,34.1461740857622,165532810.17828152
136.190737614195,34.290564401286595,384637384.85665846
135.97425186826797,33.80951909429489,42923327.36414693
135.958532597019,33.90847299658169,89748160.35826147
135.944577722646,35.4471050793189,132770058.9146027
136.008771312645,35.530865359786496,118008978.42884667
136.00954363540498,35.6543711423064,250583665.0855875
135.970866250197,35.7685077111747,180962066.03851786
135.55475086256402,34.7611045259016,144608985.21519884
135.839357849019,35.2281248401995,118808398.3413121
135.735658746633,34.8673499123004,46639735.84292179
136.174112613528,35.3327238165891,138833523.03225705
135.83980408439098,34.8527157325314,101345845.78301477
135.928122121704,34.848481451001895,160239960.80749065
135.80922199290598,34.9212659451579,46718825.36982577
135.925798734066,35.0506165438044,161009219.98210937
135.98713252007403,34.9613877295782,158196113.27800688
135.645487997943,34.5430064002287,77531451.35148251
135.562276893219,34.5390358683216,103442109.4594734
135.551652832398,34.4736279194373,50323010.61402134
135.673936039521,34.465429993978496,71503862.10465929
135.62592270800099,34.4272961224137,39985923.64540248
135.777003065121,33.4897799827371,4325602.47990882
135.75553824181802,33.543515938604095,65780225.094307005
135.441448490601,33.992589743399094,111795945.36360262
135.43245588328497,33.915597950015105,91443075.47475351
135.353568199509,34.0426029235809,87199316.49037622
135.27156864028498,33.9853933571097,158792969.57992727
135.414142814775,33.793145939440805,67252260.01603992
135.537224961996,33.821247301356905,73943837.92773199
135.473629028892,33.8568754015239,103272899.27670904
135.699774625404,33.5347568925963,74361663.21968026
135.721239448707,33.4810209367293,3253822.2875932376
135.10020333519603,33.434768327786095,
135.295141872726,29.058918998481897,
135.826781366793,29.128852998049197,
135.300490657794,34.3262510755956,108123479.09853077
135.444404801607,34.411759026612,157757474.02382657
135.403282147617,34.3213775836602,128997546.16904634
135.238605593586,34.4698533006036,284553347.0758588
134.812415833491,34.3890329851101,108831562.44793078
134.917081592535,34.7503966287984,112744177.00433905
134.87166544127098,34.64654131136879,185191693.67100716
134.347612711785,33.5332170219321,
133.498800424836,33.9902359698,144787352.70059267
134.26355321857497,33.467447551870194,74649978.48823889
134.30466745673996,33.6418991746299,113276591.05226222
137.14125346977,34.680788329657794,187791755.47814813
137.231478676347,34.739674667101795,155941020.53293866
137.238844912983,34.8300274542528,147515771.46178374
136.801985393304,34.589455554182095,226212395.81018293
136.669603976103,34.4025772962102,87950771.79081848
136.872062838192,34.6727972745099,135814655.92640176
136.910094447984,34.579659413227496,147813959.78573617
136.982400103362,34.627604849871,100499403.28894524
137.02814538504302,34.7112488366358,156036987.76483372
136.583493048057,35.1243467580456,143078072.11575323
136.610319731787,35.3313827970378,137114794.8132345
137.179431101625,35.222607444660895,146448275.93863708
136.223305593738,36.289771406592,44815941.00357588
136.10998524024,36.194873282353505,29095112.72694775
134.823555326097,35.075896245248096,182829150.7813347
134.881486959021,35.0003857627182,145947951.15018472
134.833555249338,34.8991218464559,162980937.36903006
135.133370174847,35.65887851519069,161814035.3091779
135.232517119161,35.3883606623481,215133533.05927178
135.26061832542598,35.59126405931249,165576627.86477506
135.31644079928697,35.4516469824165,162200710.57822573
144.84857882682,43.01997547054349,76347209.87796488
144.93243062413498,43.0985072032515,148117660.10282144
144.848205754131,43.223835230195405,252043131.82505074
145.10525363343902,43.1691410101644,202750882.42920506
145.100367498768,43.2732798312408,204587746.66549343
145.288491351168,43.1614668646557,212693606.21703136
140.621725281114,43.1396870245242,321176739.112374
140.75191762391097,42.91010800338899,303671660.95006806
140.89436895402,43.0351408315224,254350967.22002062
140.71820313569697,42.66252771156089,137286460.91477507
140.756772168408,42.764687352908396,254627755.0633981
140.81661900645898,42.5809407960684,55045877.289635316
140.913902073846,42.7197446432955,234511056.04331678
140.919052802055,42.6197691395124,107570422.71082775
140.41139660941798,42.93854256764819,141289475.7067862
140.44617529453498,42.853847556329704,311478407.0239393
140.60401565892,43.0372532769234,106298112.02004448
140.638794344037,42.9525582656049,247021394.92997432
142.23642631486197,42.5833335004407,298287029.99717546
142.13266206899098,42.7098241784412,
142.24656705401998,42.876219546573594,342066697.3935523
142.39577091880798,42.8618416168437,193092422.9513418
142.393755063747,42.7197714072855,260284047.5575744
141.98873534310297,42.7105582843566,
141.82797154775702,42.617820116100894,361569594.5521481
141.878895884814,42.8778660782373,377520493.07098687
141.44279977545298,42.6552395211195,223030192.15531787
141.267049278927,42.6593544065898,316075060.7429545
138.737944531362,37.168578432100496,263286156.52545524
138.280280519007,36.773745038055296,220187472.18585467
138.27865429831198,36.9042405591981,238828972.74216765
138.364874732073,36.9847926001884,318519357.97279096
138.8961193323,36.411610615452595,262191570.5843128
139.25857749619198,35.8926059417772,146566024.91444767
139.345665869817,36.0131287952865,144025003.43292367
139.35259773322798,35.906423132253295,160224729.07127377
138.969028337337,36.2927203773321,155143224.33589542
138.482226715701,35.999639855982,151048614.05270404
138.568475159994,36.0980745305301,231692150.60258844
142.679724837243,43.92702909610949,314147508.604939
142.512368417892,44.05836935976959,188822152.97822583
142.486171197876,43.00776362684999,176138857.75966287
142.248818112225,44.0161119575991,190294040.14597306
142.390812038079,43.983324230699694,406387988.7269398
142.038411365004,43.82004250750499,326515047.78116715
142.159297318533,43.8695212448031,116680507.52427934
143.21258583248098,42.244500780768,265084692.2137659
143.154434274885,42.1392649440708,281594462.8245115
143.78221109759102,42.5854565734455,
144.141176717439,42.68620439532239,
144.339520517742,42.709336912172695,
143.418329349405,41.5346448731247,
142.79489351922302,41.1924086974983,
142.27350075371402,40.764192588725095,
143.02767816843,42.1410474881319,227517263.9883817
142.391087903823,41.5904583138891,
142.12758624995698,40.9419891862872,
142.60866706706398,41.4754901368566,
144.29055791449198,43.8421641131232,364683080.46276826
144.129192975933,43.96605680794799,251995113.5306418
144.21702649503598,43.94103147739799,29740523.199403685
144.705471042363,43.111413963113094,223021161.60284168
144.723862316385,43.253438750213995,311104697.62969875
144.442786973397,43.3449332618478,296469409.93308264
144.574111399641,43.4492537670873,269104086.463729
144.682539909039,43.4161997398206,134496179.79475686
143.282830420653,43.8605016498528,233938642.17027375
143.18141885949,44.0210252442213,275518476.6499747
143.03787281553,43.9429643314266,431005973.8403539
142.867059701883,43.5795559902285,238205451.45283282
142.74410622846,43.7711975661543,247795242.7599127
142.603940096475,43.710618281688596,421528418.4229407
143.335096983474,43.2915725354541,189385005.6337335
143.362514864745,43.451076193493094,648696001.0863043
142.997926137264,43.4860865611062,
143.07461264117998,43.667834648479804,
143.233951515699,43.6474732931523,
143.354943865254,42.3287094463926,100183671.84906106
143.45864637396602,42.448265203287896,
143.295208989339,43.0621100406651,330747157.4697119
143.525431674768,43.1430159532647,118946398.82627721
143.425815074091,43.1789686566348,283426593.9494931
133.84855957209,33.92621243879339,138766412.3876104
133.614335666823,34.6424142437835,293299780.21529686
133.94057661613198,33.9866347869543,147373556.86348423
134.840620832709,35.1859562448141,172161059.45315942
134.712507498657,35.2501360958538,169394251.7004049
135.00449397375598,35.549872660533,170858713.4039917
135.10484987049597,35.5479469794537,229816722.98280928
135.148174340949,35.4170462035071,143544513.2970048
133.61179595081998,35.423221533579,215065878.7976618
133.589709176385,35.752721309639405,
133.464850653486,35.757298965828,
133.367956893831,35.1643076315586,193168220.01394412
133.506101824623,34.9874066320944,336303007.15399253
133.547920082379,35.2625247658629,175142468.13580516
133.453101211881,35.166003169987796,260578548.61106625
133.37246025345,34.533692511044094,170936622.56023616
133.41103896519297,35.425593098065505,106662601.4982903
133.310654531307,35.4982521804306,174130199.9164568
133.34884388199,35.3114839761189,150268946.54124802
133.02620951532,35.4928900197003,112372641.1258468
132.94781908181398,35.4082953573459,131060851.25697806
132.972293654112,35.3095395085851,147853439.6270165
132.625978785729,34.3356091220307,149860345.77064487
132.20531651283,34.6899570066984,131390363.4949663
132.145793382405,34.50216318895829,264884917.02302334
132.117399842043,34.6380169355583,266590547.6306013
132.254536493673,34.4441639817924,141773780.20294565
132.43526031948298,34.07662089244379,232275962.92156857
132.58641829884,34.1946537786414,196453236.6597086
132.507621092682,34.2200798604456,148265375.54115805
132.44582885585697,33.8602000640244,
132.554362284762,33.7977609038982,
132.942446535789,34.7024383894353,191608937.74338573
132.785576371041,34.2397688230191,131093550.04704694
132.86939632820702,33.6661172055846,153538811.96247905
132.712030976316,33.6006707912139,158730094.0328525
132.873064011402,33.530975393117394,134746740.24128857
132.79158241704297,33.49015962676889,261903847.06679603
131.35741074522,32.9922867130395,112153696.59914118
131.53971130667398,32.9093678594208,121083427.66316542
131.457986503305,32.984897484369604,162714189.43817377
132.14229368240998,34.2137738674413,165244469.25887263
132.237979942827,34.316092648873195,136034764.30270705
132.33110660922898,34.117266408152396,389515284.44278556
132.32493528975598,34.27962152701679,205638365.43086287
132.23993378742298,33.7382454200418,514103417.08985674
132.135863352174,33.5576084065497,
131.930526771219,34.4198455995405,196942496.8210209
132.040629119883,34.3967232013449,350036605.83401614
132.053685970734,34.2364052127471,264860132.82194465
131.837792308926,34.294594740879,230194107.79598168
132.619017308613,35.1427537478292,186534186.90147826
132.73914020845498,34.892550889284,145780412.65461338
132.81144449397001,34.9520336844096,201682742.47063807
132.750794866206,35.184006683789704,271530776.42334265
132.828482016714,35.1180578016708,252404970.5988519
132.54765394566297,34.8059251633896,232075579.19574395
132.43682756607598,35.033333766255,141753419.33424067
132.36017283564897,34.880330552773195,187564880.39126384
132.548462988084,35.029291424529596,358688155.58325076
132.60773638681798,34.9195663404687,194827260.21991274
132.95095627806302,33.633821030191804,121453342.40575124
132.954623961258,33.49867921772459,99160559.23434627
132.966670153185,33.4129905124521,90103904.76922
133.35853091318998,33.4705968445761,95850129.10257599
133.45763783483997,33.4908444052842,106652231.22199477
133.237637230434,33.372933070930195,9200574.091036845
133.22459800448698,33.3077723286561,4645253.815957097
133.29580263331198,33.3998617524594,96663965.89233711
133.28276340736497,33.3347010101853,49201665.21477395
132.924328014489,32.937300537206994,103234906.4294269
132.90645342546,32.79249455225369,92580859.2021873
132.861475970322,32.86093079161199,165509764.30274597
133.18631346998998,33.2684204212404,35552820.24238152
132.76317777112502,32.979661644006,81574863.88439558
132.845533434735,33.108581479399795,87266215.99280474
132.85845605901,33.03839641794119,73714402.028701
132.73619561627697,33.10597331657549,103316247.80949606
132.697243705191,33.0246634380432,156509780.8924941
132.522090662247,32.9107022059728,87758716.62517813
132.584434447245,32.873448031096196,134408405.40940475
132.610500540375,32.992594593914994,91622795.05949612
132.51819807487797,33.057012935769905,73799427.36603613
132.56648232930297,33.0758853720042,91821795.50994848
132.644841792573,33.23343397790129,160651459.90465015
132.57820467695097,33.190948977826196,83621793.55896801
132.664763426877,33.3503145840051,106292294.08339608
132.605108326317,33.418740811698,122958129.34403676
132.532427271816,33.3979457774094,113791429.43313597
132.52544525675398,33.2870345496414,103300918.47898136
131.01257773197,31.8578662164345,93691288.99993691
130.96062238802398,31.960323935304597,141430879.86341062
130.93175190536098,31.741986668214896,162882584.58978376
131.615156831367,32.393526530379305,29446094.17260982
131.673087944343,32.5227750279036,61177965.95945541
131.56885318552798,32.436331026168304,97128904.03811988
131.420130489285,32.710321104087,301884775.06879115
131.52065753890798,32.766112404732304,311445848.40444046
131.62575174510297,32.7011590827141,271969266.11070496
131.626784298504,32.5655795236926,209225899.81481507
131.47749701539198,32.005303106271,35670928.36145606
131.462108431071,31.9557490551717,20273268.314599413
131.07028925357397,32.164549240731596,317978155.8367038
130.79160361492498,31.509793590511496,165444897.79681355
130.822193862261,30.4340437772514,181152401.7046906
130.762142198028,30.6698629909716,
130.685650171329,30.3358822600515,197357368.17173752
130.582213422705,30.624830629658096,
130.52604848976,30.334908940726496,172042079.40926188
129.81803971438498,33.1751938881594,186529996.8053912
129.81382025970598,33.30940900163909,329321874.57001865
129.91791687566996,33.0683602122621,131598918.16924514
130.308321411312,33.3824878590225,243741803.969123
130.379704705602,33.2362395053205,233848850.22427672
130.408086447144,33.5066270575278,251195202.27262726
130.317716108415,33.5185471080702,191838235.03848785
130.140354789654,33.2184538637292,171739845.66882136
130.19838675920997,33.078029085278104,367580166.6538066
129.99498174507897,33.076722228310196,174712255.54872775
130.030822360659,33.19218283709459,155733878.03551996
129.96656481372298,32.525377381975495,333363424.4481219
130.23829834765198,31.5246870436839,298827783.21802276
130.23045977825402,32.0997065379837,168742952.41550645
130.475388606255,32.1484818079689,280439109.9438524
130.452999288744,32.01838899088499,218534307.80951983
130.535081156403,31.474593979157998,132888027.5365796
130.61272378803,31.472055264388196,85780529.76721507
130.931312982591,31.3057317300717,211535533.7504942
130.801949120271,31.3849300934433,176591202.0120329
130.85983523774698,31.0309883161608,
130.98131464525798,31.081759469537698,
130.53177429712198,33.027025010529,117085740.59711024
130.67744521190698,33.1295698060239,195580246.7935873
130.631698553697,32.9419486210188,177712363.5103707
130.69865697718498,32.9678773745508,107043674.87977242
130.34439395036398,32.917058832246596,154010954.98371494
130.39894633458,32.813079070262695,89315400.52570051
130.436515447293,32.9379931416063,240362432.64098206
130.832588216055,33.0626259197487,128610297.359817
130.864804504104,32.8996357430631,168720402.88727117
130.782279114135,32.946479035932,107490644.85217142
130.56058998193203,31.704581711418,177785581.2738346
130.573176079863,31.613977647063898,72854041.08818986
130.511369267829,31.573872195010196,153435085.84549108
130.412279174496,31.539885721330798,113429869.62065648
130.425994499493,31.7901402677067,56528881.55952356
130.489852413063,31.7994861840216,182979902.87709472
130.37216297318398,31.7263262954088,107893381.88211857
130.349516891352,31.611081673690197,254908176.31651446
130.73493029282398,31.5652987121109,62992621.338999234
130.65286414692596,31.586227008071997,23892072.904379874
130.668699966519,31.543582841248497,33950751.76757528
130.63929703044,31.9091715113919,196394845.1194542
130.854334611198,31.923820586337897,206683609.39534926
130.844480313393,31.7803872474396,280484556.7482902
130.706966489484,32.0473619556321,370081794.495489
130.796230175556,32.0441011734096,169471339.19524437
131.947873669689,33.1779353836491,548593287.1223447
131.193417832818,33.2572963374267,175791711.26257393
131.18231769627602,33.025870695638694,142690704.2914808
131.02046224677298,33.858259143135896,159154391.47594598
130.986164830191,33.957966657387296,139436818.03734356
130.924088578437,33.7315850764761,181350742.7932268
130.782122529795,33.8872056335307,189815268.81958932
130.636517198451,33.7986024843984,260295818.9372001
130.865014369782,33.86630409122729,183258971.23420557
130.835104384413,33.7476182999934,165959994.38132998
131.235492968217,32.84300261094269,294537480.39453954
131.173238544282,32.7535521978786,133431316.74147305
131.157437247903,32.931599670683994,117254354.65121971
131.060825310063,32.8855103377449,69368327.68488519
131.062784804094,32.815516647813894,78041239.36441535
140.36100737217896,35.8268124244536,78790853.27029026
140.376121600605,35.7174715809648,92038916.36796178
140.48666952470697,35.737419298326905,188287385.13514403
140.08719581607298,35.077836993153895,84485615.77450605
140.12985626293502,34.494075560801996,
139.931738640012,34.6686325186938,
139.87252887158098,34.041081603394794,
140.114221369914,35.438144340149094,124395720.35024017
140.180157352323,35.38501625915519,117955378.38421233
140.14449173257498,35.1879417149139,184413037.99907756
140.20111757609098,35.2467765695067,82025012.39359196
139.532315646306,34.002938767393196,55609180.63028692
139.559965960998,34.0089323069793,24776745.653205656
139.49598498640202,34.0819124272374,17983876.840491842
139.523635301094,34.0879059668235,12312241.946062598
137.66657710215298,34.7053527723012,28596508.140338585
137.71117970144698,34.71812490995969,33908116.343673505
138.342136282812,35.1944464777059,146498590.5003457
137.95149957038998,34.870720869170995,22578912.918953054
137.97506942983497,34.8320240519064,39146874.055054724
138.03598863397198,35.3949098640291,311309301.7036669
138.281171756541,35.2673113264923,147938479.19154736
138.89326705089,35.439809561610296,191757784.85327333
139.351009228761,35.3374892416656,77432796.9961347
139.303183641798,35.3894705783454,66493816.739456035
139.419385103823,35.4096517936887,98726248.99771945
139.37155951686,35.4616331303685,75141558.78796838
139.249456501716,35.4018128926572,89349190.96097405
138.216495514812,36.5213263604475,228309982.5172913
137.73302571995998,35.190973276060795,239922664.44546995
137.809696978734,35.2702491830106,204582974.2577021
138.39335840342102,35.960254283266494,140631388.1540596
138.31678901779202,36.0006603809193,263010155.39970356
138.166350796452,35.57450349253679,
138.14956917478202,36.141535912623894,143076316.40888742
138.206168747592,36.369112343371505,250839952.01222223
136.71243106629902,36.8235202970316,83123041.05119324
136.82871995291399,37.459458226212,
136.256792464716,36.916171808287196,
136.00001427177,36.384251249662796,
136.40521652082597,36.5982642655542,
136.53580856031599,36.692485551816596,
136.62279922038002,36.78212850729119,
136.700135425986,36.93659744085299,
137.060718807375,37.5725021710203,
136.937489634858,37.5590706519732,289427570.1142485
136.927456188303,37.403046331632304,13865756.821911832
137.284884335247,37.223595194874,
137.13380317820702,37.3913451252033,152418157.9116699
137.042485064265,37.2837322912296,182458568.91308907
137.039982257904,37.1128326948984,170344611.78672528
136.91804793922196,37.0107594019152,243018609.40855932
136.837916499834,36.9088770571686,236711174.47735143
136.58499382129799,36.5199297064602,131253024.63125956
136.49800316123398,36.4302867509856,172225703.4005902
139.594685941986,35.5452347700351,107424950.96387257
139.52618866906502,35.531238292156196,122324952.4473715
139.6023840321,35.469504734129394,82607268.44007815
139.47133297851602,35.418911043671095,53973282.31547216
139.536991145376,35.334147889167596,109630465.74727519
139.599544926039,35.370745101747,113462055.6021038
139.703572642227,35.433652785682796,122280799.80033776
139.764000248862,35.2373113427907,140310476.42111447
139.70073353616598,35.3348931533004,139810497.06785372
140.201720842425,35.708175913624494,248366969.82590094
140.11271092097402,35.6880959321568,205937118.35874522
140.058780707868,35.768861898419104,88418407.69370072
140.040326693454,35.8632142879032,107044522.43797241
140.232410813121,36.4234673909898,287937407.4116745
140.272127891016,36.552553592078695,148744641.19847023
140.378215244553,36.6194833557663,219271723.17004347
140.484342870729,36.582607116759,264624753.2212026
138.99060390956402,37.7266755668055,86727180.78992593
138.939398317302,37.6725720150351,141458152.56553012
138.41931531747002,37.2278603629812,183291846.59004024
138.36061985427,37.463727524239495,
137.800981730346,36.58479414470099,140330271.10547355
137.881985302512,36.5517886029186,120122336.52737819
137.892144419832,36.4237693357923,89287483.41571642
137.94218171560198,37.048572952182,116704631.24416097
138.05044691799898,36.9886559324832,403453190.2710578
137.759244551148,36.949767497048995,168374395.9173017
137.75873984829,36.8368770045606,405160285.7789364
141.12690675791399,37.90735163072549,
140.73521712412796,37.041012684951,176502274.72883955
140.74785276377096,36.9134310393915,126123724.57055394
140.64188953115396,37.0646262943539,178792739.66141164
140.56909392477598,36.917952760840805,269706376.65789074
140.79493530504598,37.1997763673283,183364175.08860502
140.80600063840197,37.093704092283296,94241400.22882953
140.88910952001598,37.2267283798575,196507960.9722698
140.898696644541,36.690001699893294,
140.81715806921397,36.53546804180459,
140.81863627804498,36.966122446723794,34118839.67993438
140.756172505047,36.408106758873295,
140.595619695267,36.6601787861496,204021203.53564423
140.621723594616,36.7910635013691,241420597.19338536
140.707154840637,36.8101553893227,51458627.6675547
140.476808104281,36.8944456014585,182148639.50603968
140.72783546236798,37.403828275763395,164065292.1199708
140.71480866184498,37.2780206727819,105468665.01214707
140.63254640222698,37.1955620071398,133292000.73933838
140.39911498103697,37.3353498366255,155529563.3587402
140.54421191989198,37.204718392743,188744884.79103228
140.511679340142,37.3232321958441,235979942.6585169
141.555613449624,40.3931528460768,246167222.23576424
141.64413040037698,40.3220839393449,151385369.113906
141.237654372045,41.3864037707175,237428537.6596853
140.54484441663598,40.8824643023709,261437138.46732938
140.512027378668,41.04204991088069,212258547.4862057
140.128579570617,41.61864466730519,410236433.98507684
139.644702473166,41.864366727641695,
139.853041733823,41.778549317574296,
139.790997225561,41.364034461872095,
139.97926167723298,40.920787398678,
140.064035279025,40.623751738881296,264672334.6596745
140.373094943301,37.472058559386,157821960.0288449
140.28697676264701,37.5290801179932,211104588.12692612
140.562998577705,38.0562157248273,219091940.7950157
140.28445441824002,37.6530919322382,94053115.23821971
141.682251611208,38.8223776503057,
141.58255133223298,39.8013719020896,380977511.96950936
141.69962679684897,39.801424664146204,244745844.84391737
141.79221666027,39.6685796969715,333925914.5474924
141.84268538955902,39.538252687642505,142413137.16397056
141.503878236996,39.6908532130638,254585682.9201403
141.531291085437,39.520354693620895,336352351.06785774
141.33374977487702,39.77588597060429,287007296.32798994
141.24026538091803,39.69174529551329,309899106.66761345
141.086403468648,39.7123181000271,248151463.9460355
141.04967661836702,39.5492570710941,290635375.0305427
135.045336432435,35.141135288357994,152067321.3588276
135.109145557551,35.2083124859664,139037203.22491953
135.077731455942,35.31304868329919,112150513.49634226
134.924216712285,35.210999358252295,170330943.34942532
134.910784045686,35.365949495688895,291518709.7741452
135.000489664227,35.4008216231274,187102078.44163418
136.534124092113,34.3755084556983,109917882.39149454
136.597843506201,35.019656230478695,147889195.4293848
136.730450440848,34.73891230367909,454876940.63292015
136.331347988418,35.0981353397829,409380945.3979761
136.05329282338198,34.046950121151,200296157.6002346
136.157570141274,33.9707154983757,24352305.54245648
136.131493902492,34.054446970057796,102609320.38286558
135.40560118569,35.0692120390689,204791211.77367425
135.450286370058,34.9606268263428,257032584.77539587
135.45307031496898,34.7432436874974,108211111.9026561
135.446526966036,34.6396910168001,114446376.82421085
135.39508725718798,34.5492153019431,179686089.78959295
135.29207953898998,34.6024360839993,333059285.7402883
135.845247013377,35.4538663684557,141490348.03196055
135.800973754479,35.344624052113204,209336264.4855679
135.87076321816798,35.6517632177916,
135.71386952243998,35.134808883061794,108725470.9748693
135.792727359201,35.1287620438062,75054105.81253226
135.836508860613,35.039755270707,112454226.25144462
135.803707587735,34.978295489299796,68185866.43900388
135.34956414662096,33.8584735143633,57884570.35797397
135.27655719471298,33.87825574127609,182450713.069795
135.34645326773997,33.7877851509066,40255837.96084044
135.20358062976598,33.8415659292909,50555630.194393195
135.416433082392,33.724069824409796,75482801.17580298
135.348743535357,33.7187090358756,33809636.99663836
135.27887784929098,33.752707587347096,44751367.87116568
135.01326713635203,33.4859133781029,
134.69223564937798,33.5427999985386,
134.770941148041,34.2991588307577,82743366.86829153
134.881191151938,34.278205285321796,176640909.57725456
134.97658711472099,34.170090273237605,438903842.4381373
134.843873384088,34.023031184617196,
134.936757458085,34.576578726327,101840311.51986685
134.97702803062498,34.395987983207405,270920724.6368841
134.90870081736298,34.4699328823113,127954086.33911462
135.08982199343401,34.3882202903877,251933238.01095873
135.125256532959,34.526714824215894,298665977.1015319
135.05102757993,34.686183694734,186651521.50466815
134.982173609349,34.6804340437566,54989178.035046436
134.678782914786,34.2398456856654,74775265.55609877
134.82987181438497,33.7124567455005,
134.794776280956,33.8156115096591,
135.040819917465,33.7546208796654,
133.873169987469,33.4685376708474,116035325.0399828
133.547006050458,33.489780730329,63814352.82518898
133.706298882915,33.4358638385574,
133.789456656306,33.5641180921827,137104500.13350654
133.405375354944,33.686087291043,121436675.01593186
133.37837595515398,33.8288874705969,144646069.64667806
133.43690140868998,33.9070051410486,129765970.71014418
133.608985058604,33.9777386056614,96174934.20248728
133.721224966824,34.0114280393811,148436540.82778883
133.763081650737,33.9454811863926,114730914.2496669
134.449748970471,33.7184831094705,106771830.55026275
134.52275356261498,33.7706932366023,41357439.12828755
137.391336752274,34.7735596299333,92561596.38755374
137.343836402784,34.853339840781004,80187191.42665528
136.75825664328298,34.304445672354,74066538.46041493
136.727464209501,34.3832918149512,93607767.69903514
136.810898225265,34.3606990794507,38812179.26737343
136.78010579148298,34.4395452220479,63662941.04116281
137.10909398937298,35.1651325430592,117340143.10363837
136.781599745406,35.0716296569496,164004857.43982834
136.84040591753399,34.9005543745221,27190706.91332253
136.508129845131,35.400292836678005,43669443.22843319
136.30992491427298,35.3463078263856,165299814.58822358
136.394301382449,35.468532996312895,291934177.2021792
136.487806937625,35.4884319135555,93203881.5820322
136.389587090592,35.241120072879596,317272831.69606453
136.508852239551,35.22727632006,136264622.33003697
136.524179446677,35.316249977471095,60236252.19676455
136.75696057623603,35.17710029783069,103506797.41637218
136.67850589582198,35.189698696531494,211721588.06760955
136.690005372426,35.3077610781126,124950978.01141565
136.792188433098,35.4071400068925,126560327.87672532
136.132511180754,35.86258336200209,122092011.83530428
136.12202783586002,36.0996539342406,169803364.1081536
136.198685915952,36.1116147200424,133640757.70871463
136.060963419579,36.0042741518394,153845756.44601798
136.06330802176197,35.9133191482494,113635664.20787059
145.183572230796,43.38587015474909,183873128.74563277
145.098409961208,43.5847133881038,113459414.8708815
145.092919013691,43.4916239133156,178690222.95771107
145.16478045682797,43.74129272860379,
145.38799013696098,43.6429793715894,
145.55301245641198,43.4126424462522,
140.88679471485298,43.152335762190596,104672375.94094518
140.74219486961698,43.19057553216449,169443633.1467694
141.07326443934897,43.33289565739529,
140.928664594113,43.3711354273692,
140.949280412325,42.0795160758885,
140.94492337140602,41.8683291923556,350243214.35892624
140.74219447298998,41.9443787649711,72337309.80666547
140.813486246433,41.8656881818164,204537015.33997518
141.180787362648,42.26388635634989,
141.041109991782,42.205363550549094,
141.158381976744,42.5418186310095,320053634.1999009
141.004169146236,42.5445289866135,201835053.41494372
140.95999057120198,42.446651619329096,125687092.9754721
140.83351352683798,42.5234836986861,49619545.89534262
140.8917687474,42.4644346748457,35585536.29787005
141.552501214212,43.372258095091205,252437879.57126337
141.458696188986,43.506722909598295,210251529.38600466
141.485092635744,43.6564849145667,328976117.5369308
141.65283012031801,43.695318090527394,515085002.0211191
141.51477122425499,42.7667719970898,189837738.64463145
141.709851837576,42.86142070993859,236324120.05069616
141.667052384616,42.7521905843769,280893529.9187779
141.23502869130598,43.34323472405189,
141.368435265981,43.4188360264989,129054715.00693212
141.46224029120697,43.28437121199179,234174042.33175117
141.243335690523,42.799866235334996,355332913.1990505
141.068769508887,42.828096509691896,449821515.65608793
141.05409093355797,42.9980720474382,514181016.86719626
141.410805935157,42.8720441498217,212177162.4178214
138.922200407265,37.3625640785958,168400834.63824862
139.029345714996,37.43889853572001,90208797.27746896
138.97858388835297,37.5694918674141,110659598.55257581
139.042300959342,37.5530284579197,86520614.78513733
138.74495666341198,37.4448554952978,64800465.79175711
138.741798339276,37.563579636362995,60309839.21630708
138.81290488124398,37.5815461255344,116055666.98015447
138.88539926108098,37.514951143365295,118982649.41942008
138.841971024339,37.4221532767467,199350294.3129154
138.927922671648,36.9952500223416,275635890.51987845
138.90077223363,37.2620133573402,170676418.46286544
138.83764213393798,37.153220730357596,195876503.8226999
139.11237005506499,37.335541459461304,319142645.4592737
139.227057815142,37.3298512778697,317511859.7913435
139.05313262939998,37.2107854399776,241172406.6104711
139.06666401612597,37.049963128817105,502778909.2863633
139.16371520336997,36.9178619919186,322494939.30542105
138.55304789954099,37.12906432057349,102904727.94772731
138.677530763343,37.0911931823994,156866164.12780032
138.959890141248,36.5050102075593,159695079.93082595
139.100262469278,36.711763919787,243712873.22292975
138.72086846913902,35.8800620909544,365837263.8745853
138.72348642398399,36.0311772729249,414851912.7992348
139.27579120464898,36.127179699055496,108578639.52414206
139.182957455619,36.1650824024061,249924141.1309107
139.29614292594,36.2664633262998,124919339.731719
139.098760486158,36.295606426365,158860388.35599217
139.095459169656,36.397125769082095,196113421.62587982
142.475685976503,43.74115380416429,167253350.01961744
142.393715041083,43.8410214747318,244564425.81118524
142.24526174123102,43.780111810307396,196995367.9873904
142.345664663268,43.61222392110869,219278801.0128171
142.22895358220998,43.6575527564385,256530250.54473194
142.340911015347,43.478151154059596,308974033.1550767
142.440539434842,43.1562924881451,270808484.82862204
142.279744142646,43.0792082560059,
141.887878256487,43.0508389508868,461104279.83494484
141.743701942227,43.1465368001448,265981199.93788102
142.10941470062698,43.168497925146,
142.14374864022298,43.36441344830099,503069446.04045653
141.893006676927,39.81413593655849,94654846.59564076
141.880554062313,39.901126145334295,90829817.80800313
142.343846888397,40.532961550808096,
142.33139427378302,40.61995175958389,
141.73755372377698,39.9805166968185,182584691.51326042
141.826741334124,39.989144253643204,180047782.77508384
141.817739717709,40.1401161396114,104639162.24703187
141.669450181479,40.231508440800596,234386627.04735863
141.631231263753,40.1211261697983,316477354.2772776
144.340671252657,43.7186249376096,212707819.181143
144.52278224973597,43.5529516435959,134615983.1195499
144.54191393637598,43.6245841746264,149599238.6833551
144.30966285713998,43.517257962321004,184861110.58874547
144.19842290891398,43.623986605056004,606830618.4631869
143.480159829072,44.040684851397295,311433043.1423072
143.401972348602,43.870902265020604,243911459.4691472
144.53473799737498,43.02743871981059,236491596.48850194
144.589974013221,43.142009729230494,235006728.48848543
144.458615087094,43.2254559181104,160136134.72461838
142.62571951498197,43.5517101707556,262701357.75213036
142.492711747089,43.448172926182195,245298866.70560324
142.520894005248,43.306650251865,265011095.46120355
142.659007535847,43.2497437520841,292167939.46650845
142.785520969905,43.3058633502297,290225353.3460338
142.78041520719898,43.466307094583996,361084759.87345594
143.039502892506,43.2860787885504,187686398.3937755
142.913742219831,43.219104473318396,161744073.2245459
143.151400514958,43.109673590834404,323605347.9638158
143.156894325522,43.2521961358212,195298204.27828738
142.904261068041,42.455610394362,
142.74265320710998,42.21440971517549,156890852.02430078
142.89816265461,42.2314979388489,195168767.6486171
142.562849682594,42.355504275975,304926040.08707744
142.55111912910002,42.569785291397096,
142.73702106704698,42.6528031861107,
143.06152864304397,42.8095412794005,194642772.71308324
143.01602001436197,42.5962743558924,
143.55646662762902,42.979989524538,227840307.28957573
143.727168102441,42.7874393271501,142054596.35791987
144.22900239732598,42.94015451477069,46788813.96674238
144.129736781547,42.945618285339,94949556.79133496
144.418833582309,43.025105160523196,54657639.31996695
144.383202312459,43.1149871060964,181864556.8016474
144.162642317331,43.259799832042205,308824113.89862686
144.25989179474402,43.1053932599103,254501929.15379247
144.196257448815,43.020975084905395,151422613.01987007
133.975257950985,35.3714101722333,250494046.7745447
133.618832623749,34.990605529172704,282082210.9523103
133.64638692471,35.148344764004996,196100983.7425774
133.675191220659,34.5003308862069,231879719.04466
134.769661969305,34.7113294469073,239190119.69077522
134.73844157498996,34.8751015807227,145554851.10510272
134.65750984897198,34.9775885616663,170550215.78149307
134.635000836765,35.176662071991004,176155290.4763509
134.694691890396,35.0771193099294,165531356.76491618
134.03568202463998,34.5013074192105,135246881.067441
133.93649706412796,34.081727311417495,107936133.97559787
134.001639165933,33.9325656650739,107979352.04131775
134.76598317055502,35.542493608512004,188187012.48634642
134.81301965976903,35.4404027226216,192689607.02014694
134.649397416963,35.5028526573369,124191910.7851687
134.61967734593398,35.390244533942095,113742830.82827607
134.698338992316,35.349632436224695,184392615.1719624
132.992616744933,35.0545856518539,220575287.42554483
133.261686671916,35.0302923827571,261560588.0660104
133.013145578511,34.8056873445072,361055143.0501177
132.944672409846,34.9265951385186,270700939.7225148
133.06874892762,35.3098619576703,199723285.36102813
133.089271891785,35.146403325834896,323033198.1648659
133.193631034827,35.1360581507892,269330180.68864334
133.26652428810598,35.2998708452148,181225859.97085696
133.209648766227,35.43284428654079,220931578.02782735
133.116232548783,35.4324902239506,136363219.7119332
132.344132669826,34.5004288040808,163710636.2401318
132.32330622934498,34.61036808238679,151735868.19440955
132.38613781889097,34.716099139223694,328569424.88787407
132.47376439535697,34.700072988665696,142338144.1356049
132.53809045210798,34.5665804265903,151276175.83648142
132.54982240879497,34.4537711479797,162421275.92919555
132.48490315803596,34.37670623724149,167084766.23601085
132.406371065364,34.395602388104095,169731228.04795203
132.751572888396,34.462658360836194,207691874.8707194
132.847945030218,34.668724572154204,94087101.68043369
132.70655750371802,34.63659806512619,308350477.7287675
132.773635268604,34.7430751760169,209229729.28679246
132.772751033703,34.1146474517409,233195335.8525363
132.81735473955302,33.7961872012842,197262321.93014538
132.741470982021,33.771556553262,179672721.4297697
132.655177942188,34.0677062616627,237864310.214759
132.65251417525798,33.913708775618105,358549541.473905
132.88135269578402,33.941860038543595,254523787.6680322
132.87226735440902,34.079703715797294,204682434.84890497
131.47247249789402,33.3694045264866,238181943.5933589
131.26879118139598,33.251887102737605,130556360.81567734
131.31873308003998,33.3883002810555,87495265.97456089
131.395215947655,33.4318218331317,241072987.50757548
131.325997410201,33.11065698949469,102189928.64571398
131.266926914508,33.126990956268,138281363.426057
132.11222614946396,34.082027783034,124650360.1514549
132.21408372935397,34.02199144560149,319557619.84996104
132.18102714867598,33.9069152883681,163023348.37952876
131.828023282593,34.1626303593036,201323578.9787611
131.93381459573698,34.127563229367304,211927771.00751138
131.98419437392198,34.0329018384531,140423334.5108541
132.006600416427,33.9515288345673,172711073.38346094
131.687215371459,34.095356738338495,229002573.81242985
131.630167263507,33.9206812206372,599111069.0690507
133.23457627656,33.74015373519119,298378696.37512153
133.252689195087,33.58987688371259,211860408.30675697
133.274552018586,33.2751201978624,82280282.79903133
133.54599099863998,33.306611609073,
133.44111715707302,33.055561806564,
133.183112233479,33.2110359169314,62324065.96856959
133.009054750968,33.055663716038694,79985074.55245577
133.13790294486,33.1473302894646,69466022.57413892
133.015881608214,32.9775283263591,59376608.779614165
133.004941762308,32.8990384931274,55619581.62148835
133.083832349127,32.9941145355723,
133.011628283589,33.2369104508859,96069882.47453858
132.89554600631098,33.152916493454995,81662654.48415552
133.00002222431098,33.1229592211485,67935252.79381007
133.055666522658,33.160128778821,105607863.88402377
132.882534280947,33.2486129231883,189162126.9217416
132.942972259878,33.2954373229467,32319159.106505033
131.361355294059,31.9887153172158,192131478.0173722
131.421253187004,32.0643771612747,37993132.514914796
131.436641771325,32.113931212374,80140633.10626537
131.17881033371398,32.6241114065856,322918279.67903787
131.09371941032398,32.3283967563414,210217668.30289456
131.027699406318,32.4714842754918,323681374.44992775
131.065331529396,32.6208875796672,182633698.69385505
130.61372442795602,31.3664001209592,181464988.31199744
130.533080693136,31.038923004279297,
130.730435152383,31.191605310855,157880432.9443748
130.72255069757398,31.3215748276035,310088962.33888525
130.480430735325,31.2892208539911,239976315.87590134
130.39190254569598,31.091713254059698,
129.948478512534,33.447084926669696,137197842.4898995
129.90208896528597,33.344759387246995,102881376.11390702
130.03077937162502,33.3857346496443,147623712.52846432
129.984389824377,33.2834091102216,135651903.5947892
129.925284892128,32.81305436240039,80187166.56063935
129.957115392093,32.6727173338401,139285832.54864734
130.02535101118198,32.8332468542826,186685598.1161367
130.07042055044397,32.9432925076167,221458721.93140534
130.16429313557998,32.91832833795,192921156.46747276
130.102604378406,32.2936775512758,171218525.71924558
130.07111856063602,32.402819843955,178263199.00052866
130.175273324118,31.775254755740097,
130.20460827033,31.676642631272095,
130.25023170753002,32.00274626498069,117410866.77360342
130.29534512907,31.8033395263155,144887441.1026642
130.349176655379,31.8671534986134,118313929.64224556
130.333398180051,31.9679481128106,200614106.23220628
130.47833699472002,33.213249540213596,139840395.62912425
130.53741403642502,33.1178088629025,107266066.88133642
130.616126527722,33.1944249048654,138631072.22159034
130.582861397901,33.3411576394578,234294923.17114
130.497324039159,33.3475778433732,151694371.30704227
130.649322344475,31.7274726984237,120898726.21050535
130.685246128404,31.8046083894165,89959361.9018231
130.68563418292797,31.650073878079798,49876198.01778693
130.747019917074,31.647833369819697,98341959.91921367
130.76406255263998,31.7357201959248,75024225.62098897
131.64216197724897,33.269244158191796,136664902.89303565
131.50396700812797,33.094730031016496,251012885.15815887
131.491914503499,33.2741126356287,146928938.15784776
131.423786550309,33.1837827971826,205513262.01165062
131.641995620553,32.9751281723985,135420917.77138597
131.62541590869,33.1005164623155,205535918.42413184
131.695482924621,33.184700751044694,159049022.1041323
131.10793093236296,33.063510119653195,128616043.92444225
131.11716680201698,33.1700396149716,108775258.49034493
131.037745441614,32.9778196772211,99060030.94487503
130.96905753775798,33.211216702851004,125682334.10273834
131.037516224538,33.2377800175872,135771579.71394214
130.937338779951,33.0995113838334,163647199.53575346
130.964163577203,32.9929125934452,204136618.9673539
130.545077576661,33.60026150747971,200757575.00322857
130.62093403359,33.6819632328234,226828975.03872463
130.61986512049202,33.465776379337505,210471145.9533727
130.736629379565,33.651880590721795,103335047.22574584
130.72211902407898,33.454138364922,184395100.13295573
130.76302682622298,33.5585408509626,135119079.1093148
139.399580784453,34.1861399904387,89000178.78953284
139.384386594024,34.3897876699674,
139.306755367923,34.5226292288163,110911650.93519655
139.356117657867,35.1351530896377,
139.19838587262302,34.8639134969763,82708394.68428598
139.46247168140098,34.8987867333039,127525692.74463077
139.473155092953,35.0871470773857,
139.10351821367098,35.0014731329703,20730745.647419877
139.119913014027,34.9789601084979,22097834.255819462
139.25778221572799,35.039811418091695,
139.213941256929,34.9179592935228,160021863.44638863
139.232669660568,34.4047528313016,32883022.18122224
139.25750560672498,34.1991269979414,297764595.00840694
139.301953691472,34.256816937703796,114689731.5078407
139.114458572859,34.7130144333918,340010721.5116594
139.030861720047,34.8473689729275,97498304.69749855
139.143313553739,34.5312481958334,
139.03278941392497,34.5909990681486,
138.757141748115,34.754266998056096,13168395.555906227
139.05755498378699,34.913498159014196,25468058.306609035
139.086205925073,34.9486728108639,7105041.675218226
139.094566238958,34.9190206533762,19262646.678648368
139.06981112471698,34.9711858353363,7459360.172774678
139.03603010982297,34.9869800457573,24834656.16090775
139.015413655008,34.9589445269229,26275809.344271734
140.28667039328698,35.228985297145194,79654068.25307584
140.28676763689498,35.1759904681581,14307030.04542926
140.24152326511796,35.1910358398038,14994108.434562808
137.64956664003603,34.7596869746709,20719918.869028397
137.63392644754498,34.9472715263397,131606664.40705441
137.714734195962,34.9484945663568,167729293.71201077
137.757179567667,34.8811017019839,49961970.40550925
137.748464432601,34.8316037692722,57714972.91311343
137.73117058549198,34.786056009503696,36316614.65633018
137.69416923933,34.7724591123294,37549436.29301228
138.432525699633,35.1499271167539,160843893.06476274
138.45904866373797,35.0113081270392,56483408.62266097
138.41005990310398,35.0502916916262,87417344.85903224
137.911026121473,35.1661876058757,125323461.73151441
137.98199299074298,35.127669005121,150150095.66202286
137.90126544430498,34.9548090098493,91258271.40712105
137.875252142562,35.040933744181196,157045663.246636
137.96758765808698,34.9332682294761,50353733.6322311
138.05552260704602,34.7495105987436,37719681.58345586
138.11974473085797,34.8468088866084,60764449.97950792
138.043318780884,34.8033267385914,54960481.47182463
138.237529027917,34.8879876586527,72290486.54344252
138.304705982883,34.93502013360149,68645877.74195242
138.31846560345002,35.012608565315695,75235123.28379397
138.033483141213,35.151797723341204,119904908.06272423
138.068179751205,35.2441854933069,285682769.9562685
138.177582663153,35.205467594484,106010607.23938423
138.087389996655,35.0273324911092,28826153.933055777
138.61298969476198,35.5656252861129,73097852.84729205
138.689894983464,35.534379604993504,177543921.92259088
139.178131131633,35.201188909062,143607665.557832
139.235390721768,35.6019973952049,165513249.45335522
139.214303950656,35.503594182177004,120903466.69200866
139.03905043776,35.578272460935594,98436008.20936874
139.188603081,35.7357864869577,138217669.29042685
138.54056298815698,36.2015862973182,172777719.18216512
138.09555662991002,36.2858452365816,203090236.4366504
138.116146017432,36.3934291251168,138187677.9618055
137.96384598562497,36.6207418719021,274326652.4518531
138.02387142581398,36.53830572267479,109311531.89098094
138.076231242642,36.559472317137,70296372.21069191
138.049291993503,36.83728999792379,282615652.651935
137.940522088248,36.784316525134194,271994095.7289819
138.167145353655,36.7420609347825,139782393.97861707
138.141237924657,36.628139050776895,132027393.19712491
137.90026977721496,35.805555285713396,158841007.69176748
138.018252497763,36.2960315761791,94996420.90336479
137.936615745588,36.3368657523531,81456012.4736899
137.98648206845698,36.3824488702521,97327946.0200157
137.74462652643,36.2870900260902,
137.90591790234598,36.2596305053169,51240387.66818653
137.80078654653298,36.425443891986596,169890122.9973464
137.86144657658997,36.346534088756094,51689418.25348535
137.639337226413,35.219819759124,127946543.21974656
138.19504522338897,35.916594932304896,176724902.61111695
137.99400357623097,35.8391798922498,141106265.85635784
138.02550366923998,35.7167085629409,137026115.95102212
138.136328455653,35.759932818416395,362922562.3521275
138.10931314412102,36.0315305279292,218512366.33398372
138.345076732071,35.3481701751321,202125275.8616123
138.301980472128,35.536990505544,
138.47094779703897,35.3615032400256,91756222.22362408
138.531286275921,35.496985888405796,102905871.96742721
138.524665644717,35.4209075823306,80808515.6807156
138.28785947103597,36.281582328915,104806484.81062004
138.428260372875,36.2218247679354,97852637.74371465
138.33333704949,36.13564985062229,210115953.7699863
138.25184928574797,36.1615897867026,135453778.35024527
138.37500390238802,36.338737471162496,95692498.27646933
138.433917040485,36.304919846263196,65926219.183413304
136.723662223071,36.687324450978295,157002865.8574371
136.673561183676,36.5382027939687,243705725.849439
136.76375817974096,36.4510339127286,316465028.19656575
136.90593243422697,36.5441889476268,245539875.77131784
136.930271533407,37.343288240705704,115704367.19551851
136.965902066664,37.25689050501,152106349.9408688
136.825221326145,37.2514593941754,152760296.49469787
136.878831904551,37.1130585766413,166526397.29074275
136.78640482485,37.124253375716094,164597630.22000664
136.91238240916496,36.822186347439896,224533315.48300678
136.931119425276,36.657091547237705,112111787.16807899
136.839046210185,36.713058169349104,249283859.67584178
136.53682501865998,35.837241045487204,273758113.7674045
136.835528928615,35.2717073221821,85697866.17529936
136.85925730887297,35.383684649662804,141359040.01607874
137.13165897598196,35.29880632467749,104336471.94120897
137.02422367391998,35.310208393023295,110614997.39335759
137.455616340339,36.8397356333358,98568508.5275685
137.439839534844,36.722996559744,187027870.89610916
137.60894825228098,36.663145536778195,175991490.43776488
137.515317279648,36.6696718147518,224697121.517887
137.65270978902302,36.4032779224719,
139.78219985871897,35.669459353001095,170918624.77593717
139.786434095253,35.513304423389094,375567123.1498832
139.977741869229,35.7028072932069,92468851.33400317
139.986599080086,35.5899245472771,152987040.16760474
139.912414509285,35.4747684263742,361145990.2555832
139.888647042936,35.7950760970704,166362571.52208117
139.959287854815,35.797159682691,112360972.21663916
139.92974073648898,35.3345640612129,153327652.70419085
140.03682088407,35.3417089483194,149029268.3941218
139.908137243721,35.1772554919764,70111947.0720655
139.86049228536,35.233216365996,104115979.93395716
139.986695833743,35.166640251606594,59940764.73338851
140.046131022963,35.2297460127327,188317163.5890008
139.735292933214,35.94451716846869,83743604.2425225
139.848902704434,35.9454571701258,112310294.57400207
140.29282668759598,35.9028083031057,280509536.56315243
140.20701521293498,35.8705580977821,178759564.58404168
140.530178570034,36.351563587422596,176312462.76146644
140.477253973023,36.4497349496379,176719671.51639563
140.207975470233,37.4636795263731,198883220.46510312
140.00025637088697,37.2663649781346,309477370.9774706
138.52226583138898,37.218856494791396,180303594.90765294
138.480242160843,37.266995544405,11651826.116137067
140.891466220989,38.014324430708996,159454096.3695224
140.725062543021,37.9424215000545,172650455.0686173
140.696793336891,38.0694560253315,214553270.0272188
140.724613191294,36.1265173586295,
140.649491627535,36.3976812738594,
140.59113940000802,36.2219382422535,
140.70036953256897,35.8161196451718,173427314.20874777
140.52151556308797,36.0321178815213,281009599.43586737
140.556975586731,35.8417757213076,215876862.8628218
140.47569355907999,35.906138234412595,214018325.0237345
140.210338683888,37.3560531667521,98181633.15631254
140.114019370116,37.2770201481777,178592354.0645106
140.49308231669698,40.1392294866189,295056424.9546904
140.469458459319,40.4705740201851,264584758.79760137
141.334720227822,41.284671685276805,235715388.04658255
141.308181955248,41.139198219411604,166107411.35616496
141.50132557895398,40.9861760984874,
140.97216695010897,41.369566085321104,259013762.69912922
141.08307901446,41.318062761168605,232438942.7642164
140.64284930183402,40.6204298617689,187045223.6356074
140.101052436939,41.102129767294194,
140.39791766744702,41.0682146738094,241255192.58018893
140.352696203379,41.2978084728,
140.202672690564,41.3915654464983,
140.49239587868098,40.742852400957304,158812097.6518742
140.53458700914598,40.6140236341224,90707503.56370027
140.436520060155,40.5703305565338,109826966.80275555
140.371392476898,37.6755409207815,69107516.63144752
140.420458009854,37.579208939943,108693665.99843387
140.822485959705,38.1567464907453,145626809.92038503
140.73314625790198,38.1605604296466,146620243.25544754
140.964678379041,38.104361142804,
141.153602381418,38.1285307925973,
141.237347492736,38.3267140609551,275439161.9859437
140.694393433572,38.3412589136577,177571225.40245536
139.30397816900398,37.505930095226994,607483226.8042637
139.443025276236,37.4836390985496,214113977.8538037
139.546671200607,37.9589563107414,
139.39427870804698,38.2469269367988,271377293.7725989
139.557231201168,38.140532035019696,217201296.94391456
139.435063719138,38.7342198289695,
139.240824011718,39.1450888506249,
139.090803791907,38.6528978259831,
138.96718786806898,37.8047260616421,126210706.43832432
138.90455614520098,38.2232447735853,
138.644024660955,38.089221320937604,
138.766464335763,37.9084541841258,389854733.867932
140.516027221977,38.603042959635,399855137.81401986
140.44401764365497,38.340672240997506,222441443.8433986
140.56455309557097,38.4209242073316,611887936.2864231
140.329506489249,37.9535086009002,310923041.23910534
140.069559539877,40.493352036489,409975874.34851176
140.40235816668599,40.2558068087208,166995480.19876647
140.36464087212596,40.3864165361085,442038831.42455196
140.181397631616,40.3911996020874,348732742.662286
140.099302028664,40.28191447569299,95902548.73745348
141.706848594597,39.0059973171693,3778020.4681822252
141.761959432962,39.0632175332421,10491150.416717943
141.63724801201798,38.829902322763196,
141.58088902848,38.601587692176295,
141.29139470747398,39.1154402907774,168967126.16701663
141.17600249451598,39.2320656514083,219006783.37101164
141.647597160333,39.0470985023064,69862855.19505501
141.459889609632,39.23470462748429,227799558.47868484
141.415241374902,39.126259409423994,243197327.5723751
140.92337124350098,39.276165969268796,317716157.92407686
141.06827297854497,39.1959477508929,248275765.93555817
141.099561429387,39.0737757669798,123514015.89483024
140.87266030510202,39.4186351075968,273995805.6606752
140.937758088006,39.5352207372012,270650111.22918016
141.05114547813298,39.83114307300809,167311501.6433949
140.964482705277,40.0309198040037,168577796.75529316
140.93717030679,39.895714279574996,335272975.1934193
136.53751724942998,34.4628251271579,95124969.40871324
136.472036688141,34.5201168990744,98421242.95933074
136.622098720437,34.486048013636996,82002392.1957683
136.62479920369498,34.6468188506121,356594024.8235593
136.410325543206,34.2602922804681,72658665.03683762
136.454162935695,34.3310080778478,100627818.62227005
136.704527970021,34.95273076969409,133068058.55061221
136.779936548409,34.9762587833241,81720762.47291733
136.82580759084598,34.9274216158626,3193602.3199274684
136.827438364419,34.873747616132704,3376487.0726986164
136.762319346972,34.87688649388019,74324896.04763502
136.383891253566,34.959969177114296,166153329.19552544
136.21618441926,35.094790882928706,185661269.35116962
136.07381281117802,35.162958581143805,137095068.67409208
136.138611220689,35.22419160622889,171696619.27924573
136.011059963757,33.9078509371272,85780882.70525396
136.04959684301699,33.9453546770448,81401564.85842998
136.026779235006,33.8088970348404,21232737.0708194
136.07706763233,33.84499579527,40635030.34818119
136.120086140049,33.9088810897683,11618874.58411542
135.37604584152,34.8650771995944,153923048.92980775
135.394172268696,34.7809059485613,63092593.45527535
135.281032593795,34.85647478358871,117065531.4089771
135.22980172406102,34.7598839369727,84728694.67999399
135.284621201565,34.730574059920194,77779107.56594266
135.569195774595,35.1660241742205,75730147.56232269
135.48010265146502,35.168892091733404,191502205.59616178
135.421809771336,35.3603080152267,178533741.93193173
135.405502715538,35.2541761888041,171227272.66540506
135.663822850941,35.27466224166059,228442853.44003326
135.70429659316198,35.385114614318695,188087100.30169412
135.77594188458298,35.631208376147995,
135.390526476645,35.5655449074849,
135.58181841887097,35.7197929814682,
135.67741626479696,35.062123475996096,101159770.20983988
135.72347282867997,34.99461685533329,54609356.88062644
135.60782977080896,35.070271107818094,71017698.06620982
135.69419248700697,34.902859933276495,110565700.02701655
135.603727984362,34.8646492587261,191142980.1958724
135.563421832047,34.9645538126049,151133532.92247084
135.465132558624,33.6166404257574,66218474.090748005
135.469198885284,33.693658443852,85075584.17197976
135.530504550771,33.727106458716,48321910.199979514
135.552068757468,33.5654953754406,103122999.4812425
135.597295577667,33.6776721709725,86434543.71367043
135.622926111024,33.593079105791695,133626954.56297992
134.506080753396,34.1464231555194,131618521.13357098
134.45684422754098,34.087054681960495,139650316.7125892
134.38746206645098,34.0994144768574,87089330.68428178
134.66329188071097,33.990068383227,118252708.87685873
134.642371306311,34.1039133655902,170442244.42297426
134.58357818621099,34.049330911048195,68386697.91769348
134.61480533985,33.8405750703867,49762031.65110379
133.86420330756,33.5907026141313,74770326.52108383
133.870517499411,33.82048030306439,132301901.07027426
133.82628201006898,33.74558497034669,162108255.29386204
133.876609646802,33.662953931276995,64149220.98244686
133.96553930628002,33.8229138616842,96888984.48588979
134.0243412255,33.78815449430189,106934954.92542173
133.50031500003,33.5635366976613,68937467.21746622
133.461498365415,33.659929402426805,127033018.79235466
133.692973292274,33.84945889291559,93008602.14974295
133.73421572428498,33.7552948125987,139889645.78132874
133.709796709764,33.646079251580396,133362190.59159392
133.63421720846998,33.604415722016704,133388104.12916623
133.577953128774,33.6321689707476,97023777.33481735
133.614692641122,33.87227213969609,135964682.48611593
133.54153893722398,33.83283723458099,151611424.3519258
133.53913649415898,33.728561675513106,177096073.8028616
134.34076480997697,33.7589443816053,109396611.51711752
134.401786830498,33.769758846384,132652921.74575007
134.430209031327,33.8948089617885,76166262.04508293
134.386020197319,33.9864702744072,98029618.72717677
134.310337583004,34.0013787974058,147117473.98766857
133.975591804263,33.4302952718031,12465498.285538862
134.040808208637,33.4274203706553,46254853.545419425
133.931565673983,33.5152578050334,70421185.85254844
134.160763758549,33.71925851592209,163762765.1693122
134.216302557447,33.6369957370227,242484756.55526856
134.040576398487,33.696920777919296,150216925.09735352
133.977226190808,33.6461669244789,95912444.73568317
134.05771142148,33.5062137851925,48040956.595053166
133.999311808692,33.5479384196451,175174893.99717036
134.208060361749,33.392920203683694,31147662.70891645
134.184327035319,33.505463385906594,148525602.43503526
134.12383764153,33.495247676912996,62494070.208940335
137.507528425278,34.866918981731104,84725754.49996346
137.60742535458598,34.778580251154295,74995212.68274024
137.58696596073,34.8570920181924,74348650.17441669
137.176724398989,34.8738317700498,91169631.38813958
145.415775418155,43.234479370341596,109402573.36119021
145.315742432454,43.3547438393586,378726793.41184074
145.55651501612098,43.26647554407089,73435351.26800935
145.45648203042,43.386740013087895,255402106.61875427
140.79085975264198,42.1758886873302,261263850.46076292
140.814467508297,42.3195192175074,201812844.44033137
140.636323921104,42.0619365813471,71424541.39822967
140.71521093828,42.043392386952,75486702.65886661
140.756212287735,42.3785682413478,248507830.01510605
140.58217137356698,42.38538700140359,782217421.2635332
140.515922689098,42.2344773125484,202326272.89799786
141.62677496609402,43.0896016295646,171337242.56230453
141.601907233116,42.9774584120079,150812756.50441214
141.498550266513,43.175351684701496,207964415.28763014
141.455142491058,42.9735004391781,236565262.3380826
141.377997496329,43.092187819919694,277429956.7128991
141.179270501016,43.181939591844895,102221920.25314777
141.160730458539,43.092231563878194,116742202.48055941
141.26573428377299,43.113121321360204,148306998.62374198
138.923078626101,36.6055602168861,124704622.73486821
139.01497817856,35.65894894614689,117635480.9341609
139.083753127044,35.745840098496004,297907431.19753593
138.844364148336,35.8066609231386,229292591.05736843
138.900593188203,35.621057794641,120627996.26784013
138.76581407746198,35.713200373128295,126127048.49401489
138.80544486732,35.629779998000096,267129708.008776
139.161825762333,35.9546294328078,108651021.42338675
139.12331131083,36.0714917274096,240796314.95275882
139.056576494979,35.8713665922579,187323117.3728261
138.97120329648598,35.8866581932782,140046944.0823322
138.934267240461,36.208531120766395,111249652.34397459
138.81305992573797,36.19706415724409,108204231.3187535
138.833273304198,36.0873737130522,218554874.02185136
139.004353244493,36.1178264948028,195272127.223546
138.95749449750298,36.0162558012213,163560448.41598138
141.690368626092,43.4135752922916,294087361.62254995
141.781747403967,43.3283155974471,307828121.51361394
141.76430108544,43.5868732827594,214276635.05322933
141.960257657823,43.4285332713441,430059438.2399484
141.936131157381,43.6606801290033,247438022.09544095
142.04070895188897,43.5875998124325,312317764.64387465
143.492870451216,43.5524097184605,339069511.79613066
143.483449030119,43.7592074332875,203449744.91030517
142.983803892963,42.9143252559549,258243451.34745443
143.008493630409,43.0369764576081,268004186.25175378
142.888226768298,43.11252468736289,151223455.55794436
142.771055263287,42.8982511241955,368885553.52420145
142.73466613923,43.11043050113579,166585188.7076647
142.642184371665,43.0188081396216,400415278.35351884
143.30037538931398,42.4489719609384,286111111.2068812
143.158017356541,42.3647632953138,242589861.85006568
143.082109231446,42.490641870863996,156557555.0370925
143.52222658864198,42.874204208460895,161084484.5860103
143.360585551029,42.9203720212179,305206865.94474304
143.518399218084,42.6752161442574,190217032.1494711
143.58319085160602,42.7581065893839,87956975.1462177
143.973281515305,42.9876545449593,204098506.2573886
144.039802182573,43.0630113445257,143764491.81933185
143.70403682913297,43.00434242767079,439444780.0360431
143.813774040981,42.92788984935989,266107717.07941607
144.02164156215,43.216056343495204,327124128.16685945
143.67300187627197,43.1673688563975,224377572.8959148
134.28066819357298,35.2387911071328,113456327.26339053
133.77388944984898,35.412171564353095,195723140.13656986
133.710899669457,35.342097154494894,118855754.01104291
133.72254140849998,35.179633968438296,152657766.36927113
133.829970077892,34.6323730406709,171864252.60708588
133.705145294952,34.70550147009659,179117647.84615135
133.69764127209598,34.8467587892853,248170321.29704666
133.909280776029,34.487987099709,149994587.38302702
133.828734411471,34.532546646642004,156502919.9288272
133.764765182367,34.4635917184911,22668313.73198467
133.73248387415398,34.1049920593767,183691864.20070145
133.616827500948,34.2746610297828,
133.66120880904,34.379758718962805,269084053.12118465
133.82513693125497,34.1370199126044,147644545.2829548
134.42376734555998,35.1233470410273,216716840.70492154
134.512531631577,35.121618135935094,173244291.497322
134.38985637033002,34.6307622604317,238603430.17858797
134.468576237556,34.734897712178395,97916077.30492379
134.395628219754,34.4499049196412,
134.492558525754,34.3497269297754,
134.606467567044,34.3885670053794,
134.563084229145,34.7694599199453,51266699.791804805
134.691774658815,34.4957260107405,389485519.2600433
134.66660175969,34.6723054836939,463114101.8690724
134.571639566859,34.845247980714596,64401962.75120395
134.58349554780898,34.9484516539818,121273360.69477798
134.49820838404497,34.992938466188996,161950664.6987363
134.47713157527,34.8106857729477,100161318.17729531
134.428266252291,34.8816062681889,184186992.33378342
134.052601485858,34.4008646881548,145586780.1821642
133.985951121561,34.164781370181,135326392.0271149
133.884878099874,34.3998736636005,119610972.53037798
133.81221703670698,34.379190636110096,38132271.039179385
133.960414568805,34.3499979196737,94398656.5882183
133.936025254647,34.256245056230995,97478682.77078669
133.784997102306,34.30547310226739,119837404.96110475
133.83326885131498,34.232403266315096,166865754.30449444
133.271386311855,34.9013776228557,286800640.7054457
133.43065714651198,34.8567963337638,275483336.0859104
133.248828204558,34.6840129471638,195685990.28672293
133.175148696579,34.7944179228954,309862923.9325901
133.47455552956802,34.7086224459678,333766231.5403045
133.38896420288998,34.6427987593281,156263136.00774336
132.969897153786,33.9167344796841,161941908.28744242
133.07486199958498,33.957657290993694,190127650.3013459
133.12950631793996,33.8000823620625,274027701.80367756
132.987459147411,33.7387654670319,233983965.53112623
133.06839979586996,33.6756136401795,192425328.1906886
133.122090756237,34.0804306650951,371791900.23005116
133.26264568933797,34.222262517824696,
133.24213154762398,34.0452260575746,222491566.29595083
131.683678098555,33.722136359109,
131.679454264314,33.34694277088679,179568960.32787308
131.83199299891498,33.35298084301919,355210323.2216435
131.587158624801,33.4385654093733,126034152.69107309
131.57907079366498,33.5456684446653,149324458.28699565
131.939279859156,33.55512118329689,
131.86892356215597,33.7803717429882,
133.08244629774597,33.5198205457137,88612227.83203092
133.135569121599,33.3163365134853,126279431.34335998
133.18632317901898,33.4006511578443,125733780.52314919
133.161665738343,33.494012416118096,170508070.26094425
133.022296659978,33.421533634721094,102007833.99103568
133.050762043155,33.31141086076649,141181033.7701305
131.289623081331,31.9820653472793,107709774.24288733
131.24926557081898,32.11663770936389,158806207.06819004
131.199991782024,31.9331229913377,157194709.25943616
131.159634271512,32.0676953534223,238402138.01940635
131.26726836036,32.55321267016829,190425220.45284986
131.394525456711,32.5866786935646,141491635.5107373
130.053241418529,32.639986203947096,161793273.48836458
130.08031882718402,32.7303664423527,169497400.61001778
130.12688241369298,32.5063672488456,112289402.2955432
130.274955608226,32.237369149345795,291239182.05091196
130.214705213868,32.327018275203294,127725436.72014633
130.407263362794,32.43245723191979,219550130.69444644
130.384004048958,32.27139343124399,289153398.59743726
131.740973328459,32.8236600947211,238146042.8489089
131.738163436143,32.954373729717,268028383.61560506
131.87756657443498,32.851701537962995,178692020.68135697
131.89130650697098,33.030156658999495,270439121.1915089
131.794437358188,33.0834312720054,139101369.5147357
139.23736944054298,34.708436202594,321870312.48602885
139.2741865218,34.7966891710812,71938085.6147984
139.34031012877796,34.6445463625503,105363153.39439274
139.39466669591098,34.725175112535595,28549439.072123248
139.377393936693,34.757716295091896,15157541.451803014
139.107236808441,35.0618554791318,59037789.98828732
139.04152129398298,35.0863659345078,92949095.73616955
139.03064534502,35.165912496389396,77622600.38530034
139.086822320094,35.2173850779498,52792738.74332536
139.1273832036,35.1490958802192,54231857.05756018
139.143773504406,34.253832299530806,9233044.590747016
139.08203715865798,34.4205375373398,
138.96349849370998,34.8430742511093,76319082.13248263
138.93657120670798,34.7684705838888,47312169.192464165
138.71220074933098,34.4671838065797,
138.591624948117,34.6310061067113,
139.019612188446,34.3461161202258,
138.957875842698,34.5128213580348,
138.79214062787696,35.0812158852309,161619416.94922572
138.08578718028602,34.8769337288229,12438570.729110163
138.062428559715,34.8546043189872,73360691.5851312
138.010267296363,34.9458489926073,57118643.829182416
138.067378787976,34.9726331652555,6333974.922351484
138.031851111099,35.00189924535481,53415080.08608701
138.42257578139098,34.70638703853089,
138.522709413693,34.8341551374432,465663610.9961753
138.39455781013498,34.9342353017592,108339010.24099319
138.33180942893398,34.895630434632,11204678.953191636
138.16593809772598,34.7783481646986,45230030.26335572
138.16801079710197,34.7211335220684,31501565.75664382
138.22943122111198,34.8159820905963,90193070.28401393
138.28091702535,34.811566607522096,20398484.895725783
138.19411866938697,34.669604216181,26113463.19721295
138.243531774249,34.722403375736995,67264066.04784729
138.135908047698,34.6893346739379,29993331.504024945
138.08018206752,34.635361510127396,26637021.610529687
138.023946185004,34.656444968237395,11312622.960495446
138.14409852190198,34.9498709877009,114850347.30734955
138.198389695575,34.9534158338475,63113599.687908225
138.13015218000902,35.0346951557691,69909660.0684847
138.18564823651502,35.1204424891782,59136458.32160376
138.26357209335,35.1202914549498,99709214.14747691
138.262367210517,35.038088967687294,97953256.28352459
138.92080243041,35.139344873750694,33823385.281693354
138.89006681427898,35.2084836181848,37957592.76070153
138.969957594402,35.1845071814016,64615436.12285773
138.939221978271,35.2536459258357,81366045.11524777
139.196136330933,35.353006864748096,53379869.138381205
139.175320816026,35.2997058893787,37330026.14089542
138.512929768422,36.6383433765756,119200753.87345773
138.43722159999598,36.4210652028993,101748515.89305015
138.36040393586399,36.516124077727795,364806349.0036642
138.398281511061,36.654620871329996,354051286.9030291
138.53677367045998,36.754562196531296,215049065.8057271
138.492083629911,36.918134620653,278553720.63145953
138.549598267872,37.0106009077662,163976923.80306867
138.674081131674,36.9727297695921,237573171.2637426
138.67400204958298,36.68445863925479,310443897.9342276
138.77325069039298,36.8453730032091,354217350.80201304
138.77893161224398,36.711358932956394,193835272.7853081
137.79185740287,35.390450815978504,241543376.0918403
137.912485578846,35.461242327786,248403278.8611246
137.932022954913,35.5976117008182,200598095.22181374
137.85741726289498,35.6714058639972,219661815.38218665
137.766163502517,36.0822693768702,206228594.22709772
137.834125458975,35.8783173234486,130070332.32634312
137.932646939175,36.192549867051596,66285173.76651387
137.995115211723,36.1833678200148,44267912.027903646
137.890298087817,35.9928308419515,160789452.52382743
137.866281779688,36.0944168470017,204063489.47684556
138.03216331320903,36.063176095722596,137300930.01928636
137.99371134879001,35.9707721377092,159195388.94274902
137.46379671222,34.9198315552779,77723004.11398502
137.371954727337,34.913855748585,66820419.70134265
137.290100366925,35.230233592969796,124985995.05481875
137.563457555139,35.3256333390411,125928396.78840803
137.47320293150398,35.2983803816094,128581851.49817626
138.39197344859699,35.807953986486005,151336524.6641717
138.39231697090798,35.6541849832575,172629869.8798848
138.481275164199,35.565646106364,151199176.5501543
138.48084176087698,35.8473395592015,165155570.1156747
138.56456213133598,35.666734602170095,146323107.96672946
138.564472250325,35.7946590517791,313178588.6771408
136.534832027979,35.579478411995105,95276938.61065832
136.57231148965798,35.7199159898328,166254586.15949616
136.585213635981,36.0136020242922,191892764.27656847
136.430782140675,35.8328423504007,281030187.8131502
136.328466166629,35.690331014626196,427523650.81083864
136.23135126909,35.7425354059983,167971645.1127686
136.22703400086002,35.8797069554715,131373866.30504912
136.25421521913302,35.997307579233,174701562.77775282
136.360848461409,36.00264736553431,242276302.075941
137.013183091422,35.1750211764303,48911644.710362285
136.976084901612,35.2438981463778,103292841.6139304
136.89451537937998,35.2275731820375,111181935.8671981
136.872107630379,35.1107958816021,138676081.00355455
137.34670987540798,36.8056821620235,152641215.22873494
137.269727461086,36.9956669559774,
137.116143497685,36.992517289975495,
139.682210975274,36.0082633808766,116471490.59081858
139.73509521965397,36.0969881585115,161256732.5282835
139.570339393551,35.979802396592994,141545913.33834267
139.89595017588297,36.202775565046196,137146976.27566314
139.89406972394698,36.0183977120088,146663014.8366721
139.833344197107,36.1061824879866,121195355.7602651
140.129838504711,36.3864919928994,136338980.07356188
140.302161317373,36.029290236314104,108618962.72468829
140.225940450222,36.1269006349647,172281517.9723921
140.41616400596402,36.0792740047707,152423941.43246773
140.44062346644003,36.2039149294317,192633039.64521477
140.287018541802,36.275055765636594,354282963.77553993
140.38769886942902,36.302086291647,199003311.57288322
139.890222088749,37.11807149596589,271908232.5164533
139.946158754523,36.982472595212094,309748912.76115483
140.124080070612,37.5320475042249,108052006.77714007
139.912571566911,37.4260253614995,251601711.8722401
140.012680285038,37.413765974560796,236043047.09865862
140.06581744412398,36.973381610401496,169683606.44969764
138.519251082894,37.3638506669241,4180510.3868389796
138.507022729185,37.5789972064518,
138.440887643355,37.5192410180016,
138.56127475344,37.3157116173105,67509682.02919362
138.652470589611,37.303304692793695,171232757.28279907
138.67658200489498,37.41119993085749,202614712.47994077
140.812536891378,37.88118158099219,194406582.78626195
140.890530517902,37.8831277486893,69253583.44376631
140.93704705244997,37.7519852989125,54062581.40204876
140.86818830901296,37.6620326644089,212162133.9770592
140.78289913544998,37.724829656081695,229699057.683558
140.88134923278898,41.2627052138103,218774061.33197254
140.717016914331,41.257844023644594,488876247.37421364
140.63548782805498,41.12049865388849,192425068.88481107
140.66449028418597,40.85720979874049,321292496.21410114
140.72030403891898,40.7240041249734,194045120.3727501
140.63355729446099,40.3506704787384,197527173.23379344
140.70888118798499,40.456833242733595,444736471.9839051
140.70130971854098,40.0565870020272,253052324.14904216
140.61946385727902,40.1499356725599,422157820.8965102
140.871491911953,40.1183654142348,190852221.88505855
141.174298451604,40.122133172088,303549463.9498081
141.098522559951,40.009454200778706,118285047.62854408
141.13798948952999,39.9242948359002,89555685.76667166
141.266731874004,39.889610538010196,177408496.1635313
140.32533066354,40.932863154981604,273756277.96896744
140.17848894584702,40.8730212747681,416601315.12028027
140.178978286908,40.69085899448459,255421485.21428767
140.38699183680598,40.7670864906393,255858429.0723467
140.33480738910598,40.6554327624621,180822940.91270676
140.63788853129398,39.901176526962296,270319163.6031437
140.388053350644,37.8486524678955,101730166.45150365
140.396022903609,37.7464554252885,105210279.01843974
140.497651773039,37.932146742632995,154813050.50014627
140.59267389321,37.8770415850332,215667105.7205625
140.53296088177498,37.7766858766077,205300960.52675846
140.48670218477397,37.56932990527859,124043555.53341898
140.648910805623,37.488617849291394,225369079.54009753
140.551903477326,37.450061883940194,205427753.24746567
140.67076208027697,37.654977755637,233313513.05095682
140.574574629984,37.6958923374363,190637874.40730765
140.71190257914898,39.0401273171613,140743358.73195395
140.81017929382799,39.204236176300796,274096982.34293056
140.831514903387,39.065159267049296,267713329.7107483
140.667297793407,39.2708952940557,199326218.65381545
141.03782034077997,38.716816107182396,95941250.2226948
141.085877271273,38.8199147099577,265566504.46125087
140.923353195306,38.954883268085396,235104759.50667253
141.02845629727798,38.9753589536454,238567126.24760976
141.350775915426,38.8083181760604,142535399.8477723
141.378434572617,38.8979381291688,174186699.78094986
141.23985212224798,38.7647013828426,134274213.8250864
141.183407017323,38.8487747126688,211619710.19628868
141.281905666473,39.0043043714808,160034990.70743454
141.19780190435702,38.9987577481986,99546081.21492298
141.246922678455,38.6340177728439,171800660.1348816
140.825099351673,38.2839859628589,146561574.57454902
140.795869021665,38.5067649900615,81105500.51472835
140.764048670685,38.4098093185983,167952970.65243155
141.09013831512598,38.6248710582735,93133420.83524056
141.127302788307,38.4175904110779,122535291.5413732
141.207550112772,38.487596268792,77520222.83861822
141.19015343927998,38.566112245742396,93881712.63218871
140.779137881613,38.6192595338154,113219588.67644706
140.861086995882,38.828873085363895,158585558.86991158
140.661509085669,38.6870889121992,261410697.4773858
140.871335064306,38.657362432144495,181374863.20927277
140.918133167361,38.7462501681486,122219447.87123069
140.62879803710098,38.8471026768891,442192016.04710156
140.740763942724,38.9077191569682,199185161.70904592
139.254817505562,37.6790601758208,430492039.936015
139.102729672533,37.7417577624351,57607860.2787098
139.11524115126,37.6711908011703,135058612.15469
139.079313631038,37.8198082572717,130049662.36058234
139.43045227366198,38.5094541841152,68174836.46433362
139.418322286782,38.3985823620729,375738750.7316744
139.581274779903,38.292187460293796,327461817.384679
139.62324124617,38.552330879683495,70237531.90107457
139.688664783162,38.413290525109495,
139.670138232669,38.6156475753807,171311419.10431182
139.57544347975798,38.8128029588706,
140.35519319698798,38.0990073802338,113359109.54345812
140.329699679928,38.212694198415,99238576.41288719
140.479086863049,38.11822022942339,227115189.33904055
140.453593345989,38.2319070476046,199455561.94433692
140.26504970223903,38.252204583981296,128234116.9671374
140.29638560166902,38.3684164293012,133949315.49032941
140.15769610867198,38.4467289316011,187676587.39013958
140.24786247446698,38.4675352307631,250922065.05458528
140.379709005162,38.665298773431,224117937.3354597
140.28746532045298,38.6240562730935,153572988.5550817
140.191338800733,37.7673726543564,253697538.8316997
140.109965745519,37.7117288179632,253529702.51090136
140.00122719379496,37.8132623115984,410139694.723954
140.213166554406,37.9447352039943,400063807.5989621
141.28297798923,39.5629066456668,184516713.7564245
141.159168554745,39.470464580797795,209518874.93538922
141.20569047875398,39.3500770090923,270671242.0607882
141.40387523163,39.4765488013149,282886085.8854911
141.36573092644198,39.341896866521694,254053780.9116458
141.776884536969,39.1411249390557,67656617.75329395
141.690339695652,39.1361955580431,214522434.82705978
141.62199916038898,39.24075085813409,228854917.55659953
141.655256331006,39.39174898947749,382415684.8203107
141.84867534717,39.28590451131719,108285732.99090506
141.79538767647003,39.431973261648,377257020.5197181
141.406166589138,38.7352465372884,81952608.8920198
141.462507374496,38.6826852289449,40433582.996866606
141.343132853142,38.641372358978394,152170264.94845
141.3994736385,38.5888110506349,99554850.55704722
141.474892765833,38.8982456247495,133638673.58107941
141.59185045889402,39.0067956513279,111151160.85493338
141.502210527117,39.0154309857081,199885191.46760064
141.577032717483,38.7909350742111,
141.51607491387298,38.6573891471394,104969324.47155893
141.503574894,38.7560643632976,74853597.02563447
136.269819305235,34.374951769705795,182000363.37663224
136.341593007147,34.3096435171842,56322764.92459993
136.39991099476498,34.4821514643309,128029480.76442803
136.385430399636,34.3803593145639,93127095.8869188
136.42885354022098,34.7356039128846,120432939.5409729
136.481313996984,34.6329963559998,114192728.81480125
136.549495041531,34.7364754210584,182321569.14940387
136.533863488176,34.9223615762505,234086109.99672812
136.452791146221,34.902729693968396,191960355.94123492
136.078303065441,34.67005027690381,104666138.08711967
136.12205002364098,34.5977996316909,159458397.2025558
136.079783814018,34.770804898434,111988797.38421392
136.18599568176901,35.0004479175021,86372229.45156969
136.114161769212,34.862708530485,134264627.95402053
136.19440128112498,34.8831754925841,174942542.18003702
136.066749160947,34.976979951533394,106951731.20895857
136.10121360082502,35.0521060541718,63546973.18929534
135.583980752616,35.2943888534688,116065492.94806218
135.60851993178596,35.360008668831,23374220.061333146
135.51119468528398,35.403388597404295,187482125.63443616
135.535733864454,35.4690084127665,11155601.53470749
134.515094818566,33.8399225043165,66754056.64620489
134.562221552088,33.8747569571895,91098576.87142366
134.47051242725098,33.9127624925892,37908274.85100744
134.495705754333,33.992064010311,49973340.40942266
134.55191497284898,33.969667815487796,77172215.51635887
134.28714876211802,33.864288802776294,106652560.59131022
134.26340568333,33.947242438249795,100287278.73186238
134.19551260998298,33.829506374700294,146466391.4073069
134.114429872401,33.858831650546094,97651911.1950941
134.150108730825,34.004759543964006,97609308.84001184
134.092769072031,33.951131184336305,139586459.1796246
134.07913499557498,33.3901235283792,55655975.6419458
134.12891025088499,33.3992930323371,87300877.88690487
134.15517330765002,33.3223053658737,44288611.221879885
133.826317386531,33.2422616437131,
133.785680847258,33.2760114113988,
137.450052860076,34.750941057016796,69539248.10212047
137.48734447720798,34.7937185611719,66581251.825559884
137.51767039098,34.6967136363012,29180684.62837235
137.554962008112,34.7394911404563,59370506.858409435
137.104498852266,35.0837759108694,143869227.1423424
137.141529635484,35.013526907139,143596194.31543973
137.096679120984,34.898911165526094,70601903.04302174
137.025383384604,34.839820610505896,199920522.63033062
136.941606493131,34.84931448502349,142849816.65675807
136.91636550748197,34.930753713286194,160947366.7506403
137.00858795431498,35.0936645442405,47001440.30352831
136.949082015504,35.0457642137526,178065864.05327898
138.93162064181396,36.865938277142696,157210741.62027177
138.880095894804,36.8191669690746,86860282.29168616
139.00690925219996,36.714553311486604,170163142.02319884
138.95538450518998,36.6677820034185,90716450.63969041
143.61711495219,43.473503475207295,314890419.8815971
143.897429464602,43.333702240395596,521796471.172191
143.72504765784,43.28391897455339,444110881.08291066
143.618826507684,43.805393900845495,258731072.26527223
143.96303118377398,43.909224330430796,337454628.2162883
143.69205189108,43.6599599603607,324872938.634611
143.79651960992996,44.03975922430261,564417595.389998
143.631330137196,43.988449050833104,372319372.039145
143.18121988272298,42.766419980295005,236280729.04263726
143.311778578881,42.802163070628495,304900888.08595735
143.40862798297198,42.673104812745,190969721.17994314
143.294306662914,42.5664163863213,216632980.75640267
143.175022789161,42.6156185099502,197491388.83932132
134.070648390987,35.320545396552895,153657465.1115435
134.134207711086,35.2569210659556,108254878.83374919
134.119219206753,35.438857608481804,127157394.60380512
134.212079686443,35.407090063554,157448444.0706965
134.22610992327898,35.3190999871083,72397087.65513301
133.93060186037397,35.254178755880694,283596114.0218535
133.84492086933,35.2837262848323,201563025.7413445
133.96096993659597,35.08397638148699,101767527.6717771
133.85596589805,35.0266735246791,135384217.25519264
133.799843017566,35.1203291761773,204981272.1482578
134.133693575838,34.3372454903775,238433626.54052767
134.160380676861,34.1114202148302,201209966.06663242
134.091432525699,34.1949150358464,260652957.7488765
134.23063056117002,34.398388609787396,155687585.5049672
134.303108332668,34.3114852519923,182113997.48011124
134.261301363783,34.1265819268407,131170688.37790146
134.315695763799,34.1863694534901,101291520.88128163
134.00850027975298,34.8576790598157,236438930.04366958
133.887308340159,34.703111756425194,143172322.62203074
133.861418502735,34.922137014708895,222442745.36522877
133.807949786808,34.8406567218864,190776364.43866763
134.09137004194798,34.5720565655883,179634383.31512535
134.009069532822,34.6763295952425,212464508.48146975
134.076792756489,34.749416605810495,189287435.83256915
134.205226488498,34.532756953942496,125907527.0824236
134.271932410572,34.6267109369379,275731603.4211762
134.22579918768898,34.739097559151695,156973131.02816647
134.068319567226,35.0559312282828,249463024.76128414
134.11039730569797,34.9341704165817,281768051.1650661
134.250501253902,35.1252820825038,104144276.42877477
134.16047873038798,35.1503614863126,231331012.67549512
134.305965706902,35.035868460093596,77389850.42715168
134.324787861165,34.922807357001304,206217805.93283758
134.248800094035,34.8601380322272,229622192.31276658
133.192481966412,34.4027285990784,182168605.18214303
133.24320701673298,34.5226352348823,139563954.44391477
133.18301866617,34.5966320031321,176549885.02637696
132.948279895728,34.21942657711379,174982804.0799306
133.04984168186704,34.2335506782291,286218843.2812997
133.099718750328,34.3788121519623,209252598.25477883
132.89151213307198,34.3044448094403,135108987.02596647
132.995182488333,34.5581462724234,278707648.77807236
133.072532942514,34.5188004134028,127056213.13939507
132.87138660582602,34.424843354714994,227838824.73943755
132.90068098276203,34.524432455142296,141507321.3957034
131.385978568152,32.219017935317396,244062909.60221112
131.46448426013097,32.2871252432388,213447511.88895237
131.27578230221397,32.2441563898872,221978798.61869687
131.469426982476,32.4159841433934,294258516.6993445
131.396658856683,32.4865435524135,119728815.07646556
131.20958115965698,32.3590615495554,190046964.02862373
131.269401760332,32.4530775290172,150246618.68168378
130.344777778644,32.6517000511119,70305940.93526627
130.33523194998898,32.5529431331247,157024586.45468557
130.19538525939,32.5517351392695,193949507.6949583
130.251722241795,32.4815284583064,186140633.71370253
130.313285598177,32.7221397924333,27809908.75084127
138.967058657658,34.9477316109933,45258268.79841784
138.94183676010002,34.8979905212664,24370358.80291619
138.86669169535799,34.91393204862089,34072894.35855597
138.817263135375,34.893573601335895,84465136.22734712
138.814398201897,34.8287494693974,58906775.627849445
138.761719233654,34.8091878250908,7269482.69752129
138.671600206458,34.8793210833969,71828683.65785572
138.898793628177,34.7578464347433,51467708.59445732
138.847710916959,34.7835674973798,80260557.38554002
138.870850519434,34.6726587396981,38954439.261090234
138.794561395776,34.725128527861195,46116318.34642628
138.812011063968,34.669775802020695,57606102.02514402
138.515281413234,35.1831653932605,157679666.9491388
138.082440321672,34.71417212194469,24634023.608084705
138.107685733545,34.6900581015879,19536538.129591145
138.052312311441,34.6837262741673,12369852.294584688
138.077557723314,34.6596122538105,11870529.536422921
138.17193226158298,34.6350183634455,16177342.939583395
138.154041364185,34.623402805784096,2354678.4191206438
138.143281420287,34.648266692813394,7557014.7726385305
139.12363863809398,35.3898202890375,71619993.21730864
139.062156303609,35.508946673541,73582350.51173237
139.121847227253,35.4811663341861,149507139.2430551
138.970306899468,35.4127328478858,88877994.75075826
138.978159964083,35.3239576939557,142104393.48970184
139.06507255528797,35.306291531081996,80428613.10364056
139.102823123187,35.3365193136681,48075979.68378747
138.678516038139,36.5142513290214,338792333.0201378
138.580132810779,36.486460329732594,77099562.90713967
138.72152835314398,36.2648108555634,137271854.967142
138.76982666282998,36.3951680572062,369487051.2096378
138.59949865733398,36.2733704818485,120590404.11205418
138.524492628687,36.333259087722304,72387140.58128919
138.54230221755,36.4076789496585,114665438.13604034
137.690162646696,35.5051340531745,272227909.491974
137.019510615273,36.4586708632905,316253155.81592906
137.51090125129502,34.9982262816879,125370584.43318006
137.60159345116801,35.0354932162884,98502290.64573064
137.605651865286,35.138590812497696,90472817.70854408
137.50911853625098,35.199476187018,136053514.06037283
137.45427839081398,35.106312650970004,238464452.14285424
137.31038058203399,35.1432136125048,113466958.89889348
137.366897963064,35.0861286639039,157573200.22928104
137.331678838662,34.97206648792889,71568187.95985977
137.24144000011498,34.95535489592189,89413029.3324974
137.22598287264898,35.028349711377,117778935.54728077
137.308608982545,35.3583462154263,183266102.19953117
137.380354020657,35.3904144166188,147062398.8093225
137.38674237842397,35.5221419728791,180515601.43340376
136.75834474780498,35.4696294616554,96971127.69867308
136.600996890831,35.5302070709553,106493698.67119071
136.641595913856,35.4181803787449,82030073.97204672
136.580448402552,35.443153094223604,77634802.86381005
136.486525472451,36.1229740663275,286678830.44728744
136.36820317586398,36.116418102656105,161158961.85951158
136.438332412239,36.327729503735995,180963823.63249126
136.51999243542,36.2513481289707,269018476.36412174
136.29422688423298,36.2814354456048,155423631.09830466
136.257564610827,36.1984981071681,79697387.97026809
137.04531027838198,36.80234568003839,137739491.41922897
137.121452643384,36.80952926760779,58821992.60514558
137.047131732885,36.7123726639065,74531489.29974419
137.335815354969,36.5924947655619,194998161.8412709
140.140628605593,36.1299598623447,123028860.17798918
139.98816242373601,36.170259541640405,147008931.69779286
140.09913438876302,36.241139594926196,119590547.45209335
140.03697427872902,36.253617215705994,119271594.7854435
140.196135081057,36.62474825322389,96700326.2318774
140.106572561538,36.829314391564196,157956756.77138862
140.026148524746,36.7115394465699,242880134.87651908
140.046247894608,36.498373324313995,253931569.32795832
140.07282739305901,36.6075433835496,184731946.77037534
139.885934520882,37.5535537060563,234993688.7615531
139.900561791342,37.706636492246695,414649168.8073274
139.58539899410698,37.5972599189979,315925999.7849207
139.656600853209,37.8214745502924,
139.79042901238802,37.8996925710414,
140.15536506179998,37.177625592960595,185018487.2143742
140.139369151551,37.06405880610839,192023246.9912313
140.33108538801,37.229168160521695,194930398.81383353
140.25168437557198,37.256658611535,107541624.84118406
141.310278338922,40.6945780602075,93464871.822364
141.41475196718102,40.6580115072285,92388814.08516887
141.52704988626598,40.5676208528646,
141.485189446062,40.7827920049308,
141.370141888635,40.97045544870959,42547340.664812386
141.28788932138102,40.5993414521541,129828379.64408264
141.39236294964,40.5627748991751,140045291.1975885
141.229786522242,40.4559086298708,244086125.88892946
141.19783628425202,40.5672054684072,78616441.06753564
141.428579014338,40.4276690541108,205342432.2657472
141.35605562406897,40.35293876855339,200084280.22633162
140.75828934667499,41.02464669237659,233305656.18939438
140.754474764838,40.92094344573839,99030608.50676128
140.93623397709902,40.55299726603619,237607500.57321355
140.83001689653602,40.4314950778035,293655871.99523365
141.365748404694,39.955389130493096,221244364.37902707
141.511439400804,39.952183252113,193027311.7244474
141.522192405396,40.0928454871494,219697948.37734964
141.3993709821,40.1995663793262,202991923.35645208
141.312781911873,40.1027523996924,326521179.3234758
140.013255747486,40.224768110900996,33536689.23040873
139.686062723394,39.6689643888318,
139.952401956807,39.9348805495563,242477778.01768804
140.343911358618,40.149760723056595,122959746.17770128
140.434635508629,40.0331834009547,114609649.36566815
140.37666353640597,39.85819827221759,289702382.47117174
140.719815761085,39.467339025384604,218234192.38199952
140.62764519906298,39.391529004811495,177279366.73714662
141.47227381775397,38.5061834408889,49080647.32629421
141.39674006188497,38.5109844787371,103702888.78221452
141.47687263782598,38.4114147373737,77761317.55280098
140.96218757148,38.26669235205959,69169245.97102174
140.891588805396,38.3038951120782,80902983.90373775
141.041066869428,38.3817383519757,134557258.7783344
140.871352025943,38.4219984248991,67430574.04719017
140.922182992338,38.513560335125696,241532307.92566353
141.021299069739,38.510503022220895,291151416.57732
139.41642110358598,37.886699821779594,209185897.18557248
139.334816374875,37.8087273214761,226366661.39600807
139.757759986284,38.7260572543086,216373878.3078129
139.663065233373,38.9232126377985,
140.168886352869,38.2077151653681,115465402.6560026
140.133425545971,38.0992682124813,216471082.19744575
140.110055886504,38.303120711526,133136292.55887894
139.987349801673,38.404795386375,314281287.6821623
139.86989932789498,38.308749955212,
139.885777483254,38.084289186867,402370635.73416257
140.002859240574,38.0234391564786,247789899.70630002
136.351683194694,34.558285054877096,111051120.34758346
136.371348431307,34.6988580465054,121800158.98936199
136.26542889765298,34.5218011576317,175642301.3838317
136.215165067872,34.6250358657951,190241698.5970381
136.325897540184,34.807980230195696,126568665.90149143
136.25596847379,34.7706419467308,193255496.98971298
143.927342366346,43.514640827394,287462943.4439864
143.829897498474,43.651314046705195,374648811.8160896
144.047796919686,43.6327947631521,186121999.07603848
143.95035205181398,43.769467982463304,280590395.1062538
130.26162488476498,32.7887176249842,75252204.08174609
130.268085645291,32.7187126565145,63118910.97740486
130.205119729179,32.7896132387472,65005531.21962905
130.16621496004498,32.711696996483994,46620745.850203514
130.207640397087,32.6666846485023,45714667.38553658
138.853918259496,35.0391044847921,37641267.71898569
138.86157222068996,34.9744773811488,81521720.97856958
138.92932196170497,34.9892293081419,57525251.6353667
138.94566853355101,35.0552399770815,41844179.41176842
138.91364919913798,35.086966295799,22969202.540742688
138.57003401076,35.1257349178824,35362211.47423199
138.63563832633898,35.1611255887947,46509198.70348535
138.536267057793,35.0535130767888,32608246.158330705
138.694855334046,35.0835946213335,135415330.94616908
138.620196444015,34.9827288722505,235486027.46910045
138.713180404689,34.97741974588289,121390928.88826632
138.518738237517,35.3202097107915,34450046.30476126
138.536587412421,35.2672500736182,88417180.33514896
138.572456085195,35.3796140530965,22712841.895733774
137.761550430537,35.690512201839,154930907.78036058
137.696783154579,35.651747339046295,173660891.11910757
137.751617883891,35.83166776820399,99826079.41963568
137.54383037472,35.434986756605696,204366035.1986342
137.59468654859398,35.5231323208344,170523029.8428666
137.459964108852,35.5394613554343,118530760.81253316
136.70462082406797,35.9742837001845,267603049.146499
136.80295199663396,36.018157383710694,324007936.24509454
136.97697173958596,36.32931922174829,163910701.699491
136.816647150315,36.1496531638176,331555970.8399214
136.79637695753698,36.3408374331453,217879337.8979245
136.700849324589,36.2619819841455,289830685.6968027
137.06428195102498,36.024712679448896,210558625.29844362
136.965492537621,36.141312144003,171738713.68198174
137.030289493944,36.2421227529339,211961239.68965325
136.971200700081,35.4429664835532,209267206.5540857
137.04126272984396,35.39007178821841,98859091.0206739
137.18892414222603,35.5344182307972,112728505.93157162
137.148698031906,35.378669719872605,84679915.78379728
137.214978773169,35.430583462312505,193988370.42294726
137.194010843505,35.771157449841,86487910.16377497
137.313683045088,35.6567013395967,202053350.88630214
137.23014867602703,35.6416685560254,161082179.07838923
137.24937498320398,36.7074849080643,95488022.03318626
137.25425726825998,36.6110365851945,162049658.5401729
137.177701714581,36.714481679650504,43787434.124911316
137.113482250503,36.676948117715405,97066118.36280619
137.11104812393998,36.5361489167103,245799032.45159945
137.180149873074,36.4772341557756,104082437.35224311
137.333649991527,36.442071330409796,252010673.48538712
137.452553909946,36.476790529476,229891227.0615472
137.23608481568698,36.361014475572595,170539104.1779445
140.13074362419,35.9992729436769,112128967.6195445
140.111311987548,36.0767540791218,1758503.3861446034
140.060843021616,35.968926720936004,156168276.56424746
139.989519194712,36.0493073850657,131567072.93464106
140.021005915725,36.1045761376377,1966924.5453845847
140.23519212162898,36.7036536762258,87068066.52071226
140.192308470423,36.8042237515458,175639640.95246688
140.348484427932,36.7205085759006,128515818.25822006
140.388430132962,36.7910098927305,103585653.10254231
139.45165097358,37.34884718175599,134316978.16687354
139.323976255662,37.1620659000855,180847506.6370949
139.40952230686798,37.2033528006492,178494201.1615344
139.48345281307797,37.1348431916286,191789339.99704123
139.277498413911,36.9843817792746,310453044.0424058
139.44049059639602,36.443343685161594,314767254.52425826
139.39202089718398,36.2756194659276,308243146.3178925
139.43664856730402,36.1102614517161,295961846.07884204
139.53382376547899,36.099021222184795,255615332.9489445
139.618459237752,36.979327306439096,291164917.9313803
139.48396691166298,36.9984431203332,180276026.38089013
139.393007241873,36.751695712875,337286476.84187055
139.363558563702,36.8892686085429,280958300.10905683
139.31663847617997,36.6617349248535,183779091.06163436
139.351795403469,36.545725201986,198471331.82230136
139.172033711436,36.633432751687195,198584455.24368232
139.27315197859798,36.426909485745895,109852799.69605742
139.181943643677,36.4661159183772,358331473.34338033
139.88577921974698,36.866374947138,204782923.45643124
139.92501387255598,36.7395090173331,189228475.50992954
139.975419874785,36.370427617164296,97253152.03957666
139.953989374716,36.4698313277991,133904664.10160966
139.88628796220098,36.3166864378197,178972754.51458773
140.91792002201097,41.0846748162972,211722243.67388174
140.876389222173,40.98396166461959,156136984.1645261
140.95244293604102,40.710822959221794,450632355.1463888
140.853957335586,40.795623536982596,157583225.81262326
140.872574640336,40.880258417981395,33245293.371146884
141.14462309277002,40.3833540103917,296245764.06957746
141.027268859367,40.43551098717239,205378916.1812274
141.12477151146,40.2256239309771,188988492.7299529
140.95600482648302,40.2003905698989,241210362.2939887
140.92105177880399,40.314008798939696,261920455.16218647
139.762216740564,39.9297183298299,35375264.5083924
139.862885599338,39.9822409783731,128954107.88665466
139.922422218414,40.131646696640395,247062505.77123633
139.788606268014,40.1585318141931,
139.89663040785302,40.290945495834,
140.046873415383,39.949852198908296,134405286.70398715
140.12310702792598,39.8027362303098,169164956.607906
140.242183225782,39.8630861937099,389435570.7548106
140.25199589441698,40.0673485271004,384301284.3851089
140.13423686816398,40.147480406777696,325495462.83199495
140.048190586986,40.0903340419857,122242872.71278353
140.70770354242802,39.584454968619,192805185.820258
140.627952101703,39.6493514106591,156069332.6640484
140.83049560866,39.648765920214,162790356.23431203
140.82602261267098,39.812256787825504,378205355.53543514
140.703548324658,39.8282797283712,241098537.66293952
141.45693499179004,38.306886731553,18043124.72439857
141.44475915616198,38.367669922626,29231742.284489416
141.361015091406,38.348174066073305,91876346.23264827
141.303252714888,38.4291718578174,118110283.31213303
141.379332639468,38.437215849004495,58196954.750055335
139.171737127764,37.8789663155409,168319943.93075395
139.292592950973,37.8899358981396,249571.49605203758
139.183902661089,38.093327806914594,
139.34149528358398,38.146559789183996,
139.374197679684,37.9679083984431,253637.4450372636
139.852033827957,38.7455729192136,200435413.66480657
139.94728608511198,38.592168316874705,307761981.3051275
140.076854653626,38.603625705687904,326590288.25590277
140.14798836620997,39.2830529794989,200589500.8770438
138.593868720384,35.349142693537196,33693594.33927272
138.64153966614597,35.2122878520567,37253347.9361763
138.597241349754,35.260981861502096,15946312.48868909
137.6750134551,35.9661589390752,164538027.46485513
137.679557127354,35.8658205015891,122130086.7960059
137.624469313353,35.7713723280177,96970483.35827117
136.67091898458898,35.749024716669,212460106.84082225
136.75483970167798,35.8270314482157,161259069.52181837
136.68076530652502,35.6113418613315,160358236.49333408
136.776965652195,35.5757369675103,233269377.42489058
136.98630703929598,35.5839598571391,279951754.9365288
137.077671435276,35.6126284149966,169391477.2364196
136.872962594874,35.6655475458876,208848454.6700965
136.86068296629298,35.7791591712555,123726646.97887352
137.102996175882,35.756925323862596,318265242.2582757
137.029209751929,35.897231957795995,328133710.8672658
136.91672518484398,35.8823356422432,142387721.25251397
137.596057108191,36.2550192161586,
137.48953220174698,36.3220055451891,
140.252978789451,37.0303555531041,148230847.5360746
140.26516299090898,36.9145877173788,227617766.34484595
140.34799234714498,36.8845189588887,108607027.83251947
140.348375712138,37.116431888943,145116488.08640265
140.436370318464,36.9879546676167,159756045.20434555
140.44893788491498,37.1040997619457,146808622.4355622
139.55897395687498,37.35665024903789,166991767.29931828
139.75716736221898,37.4733161819445,163041114.9942705
139.65487813883098,37.477373507837996,321851709.2172355
139.783804408248,37.3457878373877,170850405.6878445
139.57814895918298,37.2312586011234,183725683.29355368
139.773878844237,37.1852349682803,277487009.079103
139.67879858654698,37.1306328833682,306409026.4761448
139.82953336489498,36.633985840372794,171470679.90178
139.845614449959,36.5273994090819,114353558.5952033
141.13111281393302,40.68506159928209,116355659.95996928
141.06191777746199,40.78374743071199,194131382.3775913
141.28552238476502,40.8709405065324,207534309.88495213
141.22881835240202,40.7565597447525,276327024.58468056
141.223562451378,41.039683277234396,443755359.3633788
141.095525366367,41.1168157335507,430058121.82555103
141.02118409123798,40.990288660190096,182849948.49913287
140.28484546913097,39.4979287951017,240333533.56886703
140.51255514255297,39.598227528558596,241098997.93778375
140.500136021256,39.4575210659454,188220332.9807406
140.393358673392,39.3875031721017,326175658.92464054
140.37154508830199,39.7056847527615,347562291.1315572
140.49247741386,39.7359655923747,230955336.05238825
140.51070590749498,38.9489075483838,264119993.50914055
140.407098739248,38.85114959748989,258764527.43661347
140.28100884616498,39.168291613116594,243252422.77567238
139.88393958039597,38.8862034124245,163890861.17338452
140.09696112277797,39.666586279666504,261896054.19352815
140.173956419145,39.4906874466423,335962092.31404173
140.11197231484198,39.40415876104289,143112168.50326213
139.968546172224,39.7441875630954,274383849.2128051
138.67830798228,35.2648116548178,94499232.44292493
138.70220089275,35.438139868596295,132162402.87057398
138.64008760803299,35.3628358840812,114070049.14831984
137.360940528867,35.7541662451314,159061229.7471892
137.542684029366,35.7820162521855,168842638.7187329
137.454400298622,35.6790433175088,93643568.83046705
137.51952177249,35.680389530873995,144117733.48956653
137.591498804067,35.9757769828413,104451340.25823839
137.575690441728,36.0538695031416,96296063.60122664
137.514257192334,35.886082469523,89569476.49931893
139.72813686222597,36.656329655434504,222757657.97283116
139.629486044961,36.8355866446095,367222374.9677921
139.745789103492,36.8036311011501,263372059.79185945
139.524442397043,36.7171295628357,155809500.40116426
139.53676882427698,36.5247872579898,221804036.71240976
139.79918175702602,36.3503973350595,196558868.9682552
139.77993874485298,36.4617065956869,111740203.00600046
139.710594993255,36.227292132810895,220833123.77431703
139.621195120803,36.2577861807678,240918732.8968641
139.61537141989797,36.4506855965637,299096705.3757117
139.68552828017698,36.5315008092342,106811442.16219874
140.433378667659,39.2707824873375,166685271.98248294
140.39590183904997,39.179918058355796,188332549.00852653
140.51384702001897,39.0978723140841,127429619.30176978
140.60307778605,39.128475602782494,115998884.69299039
140.579808609867,39.2201666704254,141309633.93265736
140.302511235711,38.9131259205711,303568975.30432
140.250262677756,39.0483177627015,298708920.98872805
140.226909709953,38.7711523523478,169991710.2453118
140.106465408921,38.771528084104204,369730504.63746923
140.07699833592298,39.035517298875895,270219826.85703
140.008802592846,38.9007011885019,304504238.0805385
139.989314378529,39.373496221270194,81609007.0142857
139.754144457873,39.4236375826326,
139.922883532278,39.537626190298504,
139.740787427043,39.09149372634,528265444.03531355
139.867387932393,39.034968836061,120117098.11632527
140.025330429897,39.2523904397262,263051864.73430887
139.985086568019,39.124828609518296,227943969.31137896
138.72596853574797,35.276438666000395,45157113.59499509
138.837512220264,35.2421951266968,120568543.14651102
138.78414763392297,35.192862141488696,136616311.7649407
138.808241550957,35.3710401105765,103786014.19634493
138.75679753587298,35.3840943253578,60283174.28778012
137.406852880506,36.1750286376831,154291279.39092073
137.464129322289,36.070977614826,146117158.9987435
137.195984726097,36.0590240653005,302900322.063925
137.430811181103,35.9714038961937,216094182.3319561
137.178154715943,36.2003019251016,262147584.88624623
137.27230941286498,36.2487567671328,164718187.63842645
137.251927194624,35.94577546962599,135443269.20168352
137.335322510925,35.9137514813451,333443968.13591546
