lon,lat,area
143.76847110172798,23.153161739937897,
130.88113346771098,23.667593406959703,
144.0305451717,44.5283231733549,
143.025193313607,44.96716006327709,
146.108150240415,26.147908645296898,
146.097534235455,25.994993521671898,
142.169911646994,26.929515394138498,
141.588438293478,25.5390853197183,
141.87972010571698,26.1671446428381,
145.516060881939,24.6045634472517,
145.80734269417798,25.2326227703715,
141.06857384178898,28.0999328136912,
139.030932113007,25.877357906076597,
128.404064506047,23.077746903175797,
141.545443520052,45.39475982669099,
140.918061644514,31.7580894281112,
137.19257184075298,28.785454548995105,
123.49796357853899,24.3114735055104,
125.105641471338,27.1687801446039,
125.06656594594799,24.7384207731804,
131.14132941884696,34.7916764157402,
137.488229861994,33.430275039493196,
137.894292005052,41.2031326233318,
134.573261241342,38.7350622287211,
124.43498779007999,24.3820576760541,
124.733822196984,24.5754101318748,
123.907786772121,24.273119080336503,778472375.8678927
125.748733372383,25.3071026136423,
125.52163684763998,25.2699379398147,
126.67098305819098,27.871783929527997,
137.11027031172898,33.1498612453437,
137.159438414427,33.185846486459695,
140.90142485835898,44.3368052683941,
131.87560490728802,30.092469597085497,
132.798448263723,30.655465482199798,
132.85322523214498,24.067757841847502,
133.83656506499398,26.5458136774809,
124.07625030408299,24.431478205840197,
124.376354797299,24.503252127730196,
125.558340263598,27.1963348368591,
125.858444756814,27.2681087587491,
128.076517570683,25.5568829121144,
138.252999397392,33.7699876638333,
139.020902472738,33.7517559238563,
136.52144982966598,38.7282225977526,
138.279012835788,39.4061730542601,
141.389531759454,43.9640650408113,
141.164338677681,44.9424139688007,
141.782827239306,45.4370971035399,35833230.8376221
141.39871006153197,44.814591140028604,
145.06431205134,43.955018901849,219539846.39304933
144.89424479976597,43.9205246019573,426304959.0908562
143.93005668488698,44.235056240981095,
142.857016486305,44.208473479189806,344854774.3796414
143.064639681909,44.3148752712798,242632745.96573168
132.074819650488,32.6979266779869,
127.517295181848,28.5188066394528,
127.919224178262,28.717672700857797,
129.060288393762,30.019076786433903,
128.47345056008098,29.128885004514895,
130.83605572926902,26.716019379875096,
130.379770159056,27.4960242412548,
128.91084818261098,32.921937752305794,
129.36058043822098,31.3362943828341,
130.512816176457,34.568044413843594,
141.496717149843,33.7037836532298,
141.56949864763197,44.320150961991295,482061697.1734406
141.48752693895597,44.138855649002394,
141.84382476560998,44.754066658415404,295938735.24715704
141.612600287037,44.4838589415561,461299670.3232208
141.607629134202,44.6486792665419,
141.488092092435,45.078804483051904,
141.42644878738201,45.2966542385643,
141.25372070858398,45.20662731182399,306875826.76099986
141.663832506636,45.3389915154132,55080073.91369686
141.919771860141,44.8461038961045,214426604.56414133
142.044266802735,44.470896182295,704529735.1081986
141.79328698989298,44.4474010590423,137574489.58282053
141.887411763141,44.562486597337504,383043530.30620986
141.75018535048798,44.283693079477494,160666713.0851405
143.423642174736,44.157648918820804,290139056.1087074
143.387138638788,44.3003233132878,167390981.3463463
143.244043133103,44.148389926812605,316808642.17442673
143.207539597155,44.2910643212796,263615032.28859428
143.21912028563702,44.79660519113669,
143.570565904227,44.4959218998063,
142.70662154397,44.24267857867109,243514703.86124218
134.064325286694,35.8298089990995,
132.10204013816698,35.283260287436704,
131.193159745296,35.167518350121306,
131.88891876576898,35.67444890866229,
132.55363711728597,35.42378220084,
131.798422256325,32.0306474542494,
131.885178833133,32.314503744448196,
128.893897611171,26.0286653018238,
129.00298532130898,26.1261080195775,
128.09967311823002,26.8346830116585,301182394.62403643
126.473418723267,25.757336348432702,
126.782465642151,25.6727307925011,
128.483903531346,27.384713882070603,
130.727878261431,28.238354640124196,
129.496480506855,34.2187149312855,
129.00589207393799,33.38275084738769,
126.94527960912598,30.449097589053,
127.23281713916398,31.122789280146304,
129.311745182235,33.625369412438104,
129.514796085114,33.7876418052426,
129.495059955591,32.765712255084594,
129.519967071297,32.4087719963469,
128.81672590244702,32.7264889154775,218747724.95121795
129.073066699137,32.35421109798239,
129.208712966487,32.437987342186794,
130.369505888919,34.289863700030395,
137.791882470363,37.4319566526444,
137.473721316327,37.7003703885864,
136.113469601769,35.398332429738296,154551912.9572729
141.726298012794,45.1095994712451,411598923.4679559
141.867467551095,45.008375595645006,400820123.7205467
141.72931034819698,45.2797595768661,219775878.56943265
142.010232896466,45.1561491848082,458926559.8764286
141.988058090835,45.355478648535,322407682.88446754
141.848305080867,45.3778651649928,217495902.91432634
145.043913801369,43.664049942321604,123218407.54686272
145.110284296989,43.820629282821606,151358461.18160954
142.147043137407,45.0762900265227,449459887.9889387
142.350628916793,44.9026414074546,279574465.35318744
142.17527876356198,44.6078266218816,362280171.6665847
142.094370818499,44.7914542746132,171250357.05746472
142.178876750394,44.8738668158682,302112573.1288703
142.49250059487298,44.832537389557494,483314598.71837777
139.95588941135998,42.7155885496131,
139.987322884365,43.1590217431923,
140.298000290184,43.579046527846494,
140.02597335559798,42.4556684522223,
140.02336362992997,42.270857688147,437196610.81899315
139.78237097160599,42.4256275392807,
139.77976124593798,42.240816775205396,695581073.3468595
141.784994529222,44.168423029302,236441132.34018895
141.66440697585,44.0138874524052,323771063.99398154
141.734149280922,43.877930020174794,498741329.8890518
142.84607606378998,44.021532119862,829768588.4358798
131.077459289832,34.46356678165169,
131.235243633153,34.5119793062484,529263298.32597125
131.796015810327,34.884667615690205,
131.700748194708,34.806186221947804,
131.54690788027798,34.716287233745696,
131.76619230964198,34.66962507009539,151605941.4934268
131.378058310257,34.6071367422198,562726797.8453124
131.374510408416,34.0714068748977,240976888.47334316
131.299799120292,34.3203797214564,271985764.90602136
133.75492576974,35.7658731923196,
133.903639120251,35.7993646101762,
133.37559587985598,34.3210365914295,
132.13529566894798,33.165518504127895,707439379.4127473
132.354052647729,35.070048162781504,120086481.71679029
132.73169893598998,35.553703532407496,
132.347849708085,32.9015205705615,
132.28284062630996,33.0560281642569,447562584.0173086
127.02543990229499,26.4319019514594,
127.063310404866,26.297221169884498,
127.227455102088,26.3755620393474,328619558.3450466
127.67894350539899,26.738048941031998,
127.61738640839101,26.5274789494704,
127.98304699534201,26.779843902451198,334541283.83735126
127.40129063013,26.322364075009197,
127.539647329743,26.3670000569646,
127.546192851792,26.159417649614696,211669837.72516787
128.023897346565,26.5231289045184,117753982.90359202
127.99215810414,26.625940325681402,292696263.7026862
128.195761885059,26.942642241655797,375064344.4174332
128.329869406299,27.123255769830003,
129.42400753821002,26.7522019159263,
129.20501313650698,26.4139378573818,
128.26208107581002,26.8639120111329,53267740.782766126
128.177194195347,26.7062614807626,
128.80482119970299,27.676420950446396,
129.61648573179897,28.8309938636082,
129.688454194233,28.3905881499174,323522215.196813
129.796444877418,28.8216759918219,
129.86841333985197,28.3812702781311,208255470.4618335
129.886822395429,30.612071679014097,
129.43811766039002,33.2237081712459,
129.26791081944302,33.0648658503999,
129.466291456062,32.9261534833572,
130.02396500313003,33.6395562796095,
129.82491523009801,34.023689149480795,
130.154114376891,34.0860380389683,
130.485650186661,33.7777917656784,124432247.34295426
130.03014782478598,31.212199074605998,
139.550095804779,34.785561812595,147488820.07362255
140.11902030330597,33.7665580674939,
139.548181582887,33.2574045016092,
140.608932993804,35.5787400495054,
140.325765040098,34.6930454798202,
137.920295817744,38.0607020138202,
137.840297128413,37.8929042066124,
141.93995283184202,39.5848225181937,26722611.668201625
136.22521794581698,34.0624426140801,79973382.76579109
135.889359495021,34.305633499559406,114444162.0720822
135.757152297063,34.2339351451119,199265777.1044872
135.789879537345,34.3374212524662,113022282.58146842
135.846906397422,33.8270458944396,40359770.98316306
135.923171003532,33.80240541206759,72945063.6782452
135.783102535113,34.6696344101613,128058306.16388977
135.791987063238,33.9727005821808,119851872.71373191
135.80160814436698,33.883839871473896,130643309.78697152
135.50986045538698,34.0792987412988,210826820.42940095
135.668936986143,34.227223002726596,220663695.05505446
135.679270922646,34.087630776012,106624214.18044037
135.612874279641,34.0406302795317,255756097.21241313
135.68882971667102,33.840711887036996,168580118.4145247
135.612811992537,33.8825721012636,184755553.38999274
135.344601909561,34.140747755782805,116729424.51852675
135.276403700064,34.164807635220896,81351571.46070564
135.21300398733598,34.08789935315159,65064298.72259061
137.315083488363,34.5319243618767,
137.166585406323,34.524041280263695,
136.15850454782398,35.4777766578543,130121045.0790856
136.10553035244,35.538505247388,75019532.93081097
136.30352402775898,35.534393214632395,226799062.79561368
135.11634118458298,34.8504805614042,148619913.66163072
135.114964958886,34.7645542585605,137407847.18284607
144.187383826266,41.9036050960791,
148.418583170682,36.9470101884741,
142.33865394107698,45.1504834411059,71262366.22844316
142.257051768777,45.14651931522479,162698073.64632383
142.37949045368399,45.0353876065071,143015735.7435099
142.696596109947,44.3866811693052,355573551.7432603
142.503858898929,44.680586605488905,432536327.7596054
142.472847040425,44.397624455533794,385818525.7660731
142.35274517181298,44.5422525049491,491441566.1186196
139.84080715406998,42.000018215802896,
139.656949148376,42.1168462671627,169301818.02597094
139.471035608256,42.0934006202952,12245248.020393204
140.191466294649,42.470208818706894,
140.04682967642398,41.9764498258776,117793655.74885055
140.16924694347298,41.911124314415396,261399963.07169628
140.106574054722,42.123318790179,192482735.51421076
140.228991321771,42.0579932787168,334369496.5687175
141.04122264384898,41.6760787733202,341044759.7210188
141.50714265385497,42.284128554594304,
142.081921493556,44.2254329017446,599599306.3917351
141.947342016183,44.121102890455795,346531400.1358181
141.947900453667,43.9288475909085,400854231.34155834
144.802767028458,43.7475068391306,606454818.2455631
144.90646378441198,43.6254217985223,293305368.8155013
144.270124721349,43.3888710219657,418385934.9401531
131.661946058643,34.6193468897496,11518531.353770921
131.53070271762297,34.5578577479454,16102671.258311553
134.57033366746202,35.5276379925555,131684076.0059371
132.49585156975198,33.4987572212568,96908764.67503415
133.299972749592,33.86252405660189,175245573.17407134
131.902482215955,34.6507852525989,178433417.0360526
132.27739791730198,34.9170449492997,256851065.1192885
132.84268295647797,35.3945434563402,154502726.28338006
132.86990873362797,35.655678713202896,
131.40293985185403,31.676660696465397,76217427.17295507
131.368611305052,31.7650286747838,123925921.55415295
127.656974985804,26.1646783864884,8087869.859946554
127.68829996632599,26.2375800122634,16707406.96684785
127.710627816651,26.1497739190842,84370034.42614801
127.76338680689098,26.1782650543524,8727251.263165522
127.741449567501,26.2262959011207,103094175.3807492
127.86872410210799,26.2421813914128,11906171.408805253
127.81773355167299,26.482166452173296,50706188.70808337
127.88840175747899,26.538832866965098,178246905.57447007
127.7931440742,26.310403448524802,101075272.51826265
127.92014099990399,26.436021445802098,78581109.94143969
127.87090680381598,26.334944540503496,240659119.01050246
129.028039022355,27.9218443039899,
129.293959187679,28.5203290175331,
129.492122276055,28.7144601931407,
129.564090738489,28.274054479449898,
130.14362369939698,27.418182338223602,
129.720017437593,27.120631428956997,
128.946796974039,27.783392351236497,
131.168621309385,31.680760693424702,510098278.7715908
131.28439420760398,31.6595066730393,200120411.9387961
131.208275646888,29.3509193631918,
131.03960170263602,28.9581946729218,
129.640957417719,33.4536464931141,
129.626269839957,33.22715114591399,160020422.5035553
129.774984130374,32.715547080103796,164410253.46734065
130.245409569792,31.3737731095866,192604659.87174934
130.380340002066,31.360889523740695,211950587.91494736
130.41883626205498,33.6346919817546,224108580.83611843
130.589915162454,32.3931200536977,161194259.76564252
130.573989411855,32.2301671136214,209992827.1083592
130.672576432167,32.2100079534057,250602111.38232258
130.685929723371,32.48563377839999,159514383.00272906
131.259290708205,33.4690225680195,134694163.49551535
131.14405369639198,33.7204110063282,
131.25741154614,33.6669895260105,
131.125424636151,33.895156739673894,307636509.7019192
131.235263684481,34.0591691507925,200872676.07471895
131.19864073714197,34.1806148206776,328643921.34406126
130.89101515610997,33.3257065307232,137251958.94499642
130.80213457839,33.3244200237201,243446416.2626657
131.338608498966,32.860965787445394,237721122.79058832
139.610298760548,34.9435731728787,648009186.1635431
139.56762741477598,35.248022664884694,121886047.58751734
139.69344790813497,35.1870380669544,127732915.90350981
139.74680266545897,35.070948919030194,262773110.6305015
139.59267358324198,34.562990708597994,
137.84866037867098,34.9033393906593,41056860.95735609
137.978237759637,34.6450205141304,36664882.60631089
137.606000197116,34.5060407651619,
137.442060016107,34.5290914828596,
137.876924508642,34.695762176456704,49053200.75204833
138.642408279276,35.65867709133509,51041390.951759525
137.52996111845098,37.136338504749006,
136.88923597404,37.5424447420638,
139.425568272111,35.808644703407396,120982815.4399284
139.320737992854,35.7100916220345,92073870.56844157
139.394107845135,35.7056296452768,111164412.4244591
140.479301821551,35.550742760514304,
138.166674057456,37.0239223904847,157021018.17606354
138.068569225587,37.336887340193094,
140.90102651153097,37.5730489750011,123378628.05670005
140.84265973212598,37.4732283970572,269265072.8213036
140.92380714657298,37.374372806604896,255122968.360248
140.954007909528,41.5498579466652,280708345.3120124
140.83070925395998,41.655013572051004,279076271.3490429
140.23876225791298,41.77478805407159,431290779.29452914
135.95455074524398,34.413978325326596,235657512.9748278
136.061786907222,34.447832091611396,189286679.6226656
135.893629721289,34.507659621593405,212131069.2738027
135.89787680987098,34.6258713269073,204514168.15367648
135.971880058806,34.671415419375904,128093024.67505425
135.22591765583996,34.9077657253149,106901200.55751505
135.656535743058,34.69560535647359,43360711.04680656
135.738723696774,34.600391809447196,76385170.59226523
135.787178664126,34.498390462601996,87803046.94000295
135.748619730405,34.436496919242,112794408.59799397
135.671716721475,34.6160746723374,80410749.18436116
136.49845544933402,34.1523323225436,
136.33924415205598,34.137239781282,
135.926798670729,34.187600101413004,182383391.76245534
135.86816528132098,33.9955926350799,181657567.50893906
135.843664451649,34.117234971296405,195333130.8802961
135.831502727943,33.7576383105588,58688856.68441714
135.865392165327,33.5875584012507,50611810.10898617
136.038636419169,33.7735593126327,28918345.552140377
136.22368343595,33.8293359960732,
136.308514028709,33.944264264096994,
135.910872596829,33.6344618627688,37143943.69530664
135.93726715710898,33.730346869975804,69775823.37680769
135.894333927528,33.7061776881357,59084426.366104625
135.99214641863398,35.2484591005701,179522237.91701418
135.928146319284,35.187820229397,195614524.12986636
135.996301816386,35.3753007388044,109653164.70440228
135.713538782184,34.7825893412052,52998717.479792126
135.77309859893998,34.77230125778309,126843131.4841797
135.973360807383,34.7721700409061,145673311.4802435
135.613519145148,34.3415443431159,120838994.78389229
135.68003371302598,33.7299527993868,150341617.1966694
135.79475923932603,33.6053091160017,124854852.11432849
135.777408471243,33.7036731999429,146856283.50078806
135.50130860732398,34.202968020134094,118867150.92903449
135.42393035259,34.214403854436306,167909169.07802668
135.554916392676,34.3160602424475,62746534.03384594
135.518660791932,34.4178775197015,91451506.31501798
135.25294065327,34.2433372258098,118445788.50595777
135.12823916466598,34.1435846860614,91686391.04403621
135.18007320074398,34.10566275530039,16541152.086096618
135.145637164692,34.2439320053259,135403336.31990895
135.19747120077,34.206010074564894,25967057.879412696
135.157731028518,33.9268858164489,12049994.636577189
135.19920263760898,34.0066299072423,74163649.05633996
134.986984611534,33.8990181044988,
133.49538395985002,34.1935943739258,
137.33928666780298,34.7015153824119,105019764.55699842
137.587144199571,34.6814685446295,38914888.440242834
137.04180177926702,34.500329112717594,
136.943115092256,34.465416986945996,73704593.6980764
136.870809436878,34.4174715503025,128700290.00303975
136.15343493483599,35.6473261955382,108938345.92432803
136.10611882691998,35.7404868015459,155128214.4683211
134.91019179491698,34.8392050300701,116995466.36844529
135.01784533181998,34.98708956647079,180040277.95512396
135.026059596978,34.8918098390631,156237918.7975218
134.35005751728,35.882692707533096,
134.948053681683,35.6826420332679,76510884.09395744
135.09728086413898,36.6257162230839,
135.776765225574,36.0352826600118,
135.723738082152,35.932103320311,
145.02795342090002,43.1026680407928,95641196.96080998
144.022910455248,41.849444269036795,
145.009714281663,43.3790335898073,203060149.08021927
145.653045442113,43.29237797723519,43555929.95519792
142.80954251751,44.4824963368302,429287447.628163
142.73690717510402,44.63177372359859,382353263.2708863
143.027191147137,44.444895538286104,305719993.96975917
142.89428629895102,44.6682410688327,
142.725548871048,44.783724507667195,
140.477458932525,43.219048680564896,244928473.88031763
141.08512889278498,43.776941503369805,
140.7543928197,43.6757432642058,
140.561056741908,42.6118893742344,516646228.9079383
140.18570736059996,42.6511096838112,350067772.73160195
140.193732861303,42.926530327658995,
140.356181531478,43.0503487149153,
140.382934715892,42.690233059749,500647381.35092825
141.535842640236,41.902468013465395,
141.94327706605202,42.076753451178604,
141.213957042015,41.564127921525,
142.11233636843102,41.9989103426013,
141.895204623777,41.3484051672912,
142.25935682158197,42.459901158575995,292176870.39804775
142.428416123961,42.3820580499987,199082364.92433476
140.377141075314,42.2746514527326,432822149.8197238
140.382819977367,42.0881674473315,369664946.50920445
140.715195089865,41.85728397132149,22816255.85469026
140.786486863308,41.7785933881668,46422988.229796946
141.66048776447698,42.5579459437836,
139.25817818279398,35.799289489688995,111851142.58693074
142.258146532623,44.1747082170537,317487349.1097932
142.528324702104,44.1870774830034,165900200.88945013
142.41609674268898,44.2706286133881,277113901.77914137
142.345423714032,40.3959034846521,
144.4774014816,43.87136518472399,384612171.09953624
144.61930111021798,43.72375957409459,317853816.05660146
144.28389232111797,44.0969785234671,
143.96268140208898,44.096591701819804,
144.63724746206998,43.99564470119609,
144.403870062144,43.970232548998794,49853582.19611836
144.89618098612797,43.3877530137777,306597252.7937796
144.81229468892997,43.49698797518911,166000469.7418783
143.985941192544,42.8417402521812,
134.023828766751,35.4897223841622,92536943.27765211
134.42781453080102,35.59697184647669,14723500.14498356
134.48632982202002,35.5776203014914,117291274.88356794
134.452978897446,35.441060312855996,162684858.45100188
134.368975052004,35.4910426217919,183865847.23483008
134.26540259695201,35.491446257091,144001052.62131676
134.310459760785,35.510394166777196,16631243.923004191
134.48521335367798,35.356974665595,201178727.82798383
134.397604052151,35.244617449107,349723394.3603237
134.867751866001,35.6170914189849,199443358.91783214
133.524970847532,35.3749383493803,214516732.2864901
133.10740585487397,35.9770797778821,
133.277641116312,35.781674863994404,
133.00145361115798,35.7126463135398,
132.35906828278198,33.3485188549293,232727177.34186
132.4013532072,33.4849763204847,232648224.06679288
132.21599849119198,33.343051186750806,365004843.3913261
132.362353850859,33.6601456657983,411209905.69350374
132.70756376641498,34.3337829763302,233201335.18331274
132.565385642316,33.611487406444205,146714461.55197737
132.63409752710697,33.556549516116,179859791.9716035
131.88287386032,34.541588297053195,176375445.80215454
131.748492689781,34.5567306739974,189897761.23656365
131.723499376029,34.413720607767594,432458197.42974585
131.51675106626098,34.4432518573473,285916080.40272665
131.62300109352898,34.361730932921695,314955367.3497037
131.596486115292,34.175331445068,214272125.64857805
131.428662146034,34.3009312668297,243222111.50989097
131.466750486819,34.1734040901561,235562357.93427125
132.01973930574,34.8107198008779,115297139.83480072
132.002188897623,34.7019809951793,190651759.7451453
132.115006921359,34.8892011946203,109513952.51511338
132.18537318402898,34.8324024600618,217530642.1913704
132.626586134988,35.267021932767896,112790707.29438524
132.758363692581,35.3082748687284,159368318.54580095
132.611980002414,34.6724326013142,237052352.69577506
132.920112099456,35.176665320666096,128971428.13818167
132.76867094175302,32.8513066084599,118928936.99426289
132.67667078268897,32.77716183967829,117096449.5234063
132.382217860926,32.3616991601013,
132.245240246724,32.355990630677994,
132.917501157243,33.015435926886596,103858400.02203977
132.806393875749,33.285914785295695,145021773.1341905
132.773304068394,33.377612123978096,153204040.35941648
132.710067782655,33.1876101927381,128966857.20532566
133.34508506790897,33.569447025569396,150826126.02269736
132.72373114951503,32.906497943107794,75117187.93485267
132.631730990451,32.8323531743262,81872975.55558376
132.45105979604398,33.136430519883895,137997607.01087984
132.44658463027199,33.2513885279334,187364757.6271675
130.871796668151,32.189709027501294,201046372.12838888
131.12235186345902,31.8459684453306,305392246.21134126
130.96376945995198,32.098509937989,325175340.9946508
131.561076706587,32.173724599104,
131.509830338403,32.0876701947384,
131.40221053812598,31.880087211112798,202527449.378592
131.348212895097,31.5477174330813,92119110.0029668
131.28424801889102,31.511856928157098,152632985.03416613
131.21334365337,31.165862486394897,
131.08645390361397,30.8913421761714,
130.89220303064403,30.7937184661854,
129.734904595395,33.1308887044542,181164206.6677611
129.745133052447,32.988733362743396,201013730.40868327
129.893289561981,32.914737999686395,220243365.17018577
129.803640857748,32.8794163338729,253746914.9610762
129.875108530266,33.5705639591982,330771781.7867329
129.74537271847802,33.491599165134,
130.19597988658802,33.5707254357156,122072589.24152955
130.12942427281502,33.4403828382789,189558044.10495466
130.192567154562,33.364328325490796,229876385.81925943
129.840253419459,32.2223282865825,
129.86383679755198,32.5444409290968,286864370.89562595
130.51457367068997,32.472498548721,302542065.65412647
130.430438515047,32.742639328941294,228694776.54529557
130.528202994288,32.6839237277553,415638016.7812085
130.02744348858002,31.729432425431398,
129.9779599041,32.0328520637664,
130.106017810362,32.1756346670781,177516058.24015266
130.43599106307002,31.4406075054786,105276604.30208975
131.065963856157,31.5882718492341,214416529.49670765
131.127554553138,31.13387350128,
131.190479426688,31.3725333065793,146509699.54509252
131.08796816217298,31.427694207270896,308483192.9997617
130.97504162595598,31.413006662505595,258758741.2002907
130.48253046199798,29.665752364409702,
130.083407631606,29.404662739983298,
130.13983233523797,30.1013459020329,
130.379353484061,30.361462207134302,146088817.50121915
130.286174922849,30.5442112677339,416093382.10173374
130.22372103552897,31.1519296504845,
130.18997920338296,30.884222358224402,
130.46109490243498,30.759128310213598,
130.32198241840797,33.077655193337705,408249943.7188077
130.902963284511,32.7927219401793,233692520.171318
130.775426396142,33.1730447317632,317346203.70200384
130.859036214324,32.305818138429004,144147452.49670553
130.749079664412,32.3228562821109,133613681.60140303
130.746507205017,32.4355291670289,169986117.91602275
130.920537266937,32.4512996614884,318035356.51036644
130.856713299972,32.5460671307937,197320066.48484144
130.820354732859,32.7388898959221,167926525.85361215
130.830390055893,32.6504410743555,156384048.68177515
130.71655233080398,32.607527974761304,110395520.7834894
130.634167093485,32.7264394290933,289519114.40891874
130.673895983532,32.8249927121127,157393075.5696512
130.532635677642,31.9269402930027,195032455.0791894
130.938868583622,31.637600052920394,156456352.84852403
130.89122767818898,31.532608684440596,152245850.86105496
131.467504818045,33.5708583120933,138006285.58961472
131.447197928937,33.8986587121083,497897413.02944386
131.389142788365,33.7253037180081,518864585.6876399
131.030957200506,33.460670448315,218669274.48521698
131.047191826881,33.582764704335,126073382.12005736
130.917575126514,33.450413875741496,186696425.65159014
131.18079720834,33.3800810523939,170898077.61913908
131.072855916882,33.3625264180329,193915568.010236
131.048553840666,34.268728197791994,166379940.8980095
131.105179800837,34.17737582160989,129192125.77337806
131.01767782857598,34.062210329644195,168501139.357441
130.846647030033,34.070220575872796,282202858.18679637
130.961051868405,34.153562705826296,204094679.12921506
130.932189098304,33.6308363710209,125336120.05414298
130.869602350938,33.553529854779,152738202.1259698
131.80864863691798,32.686396030167,
131.01445469758798,32.7589089534828,110969281.09387563
139.87397500362,34.9550602490562,10153980.296417618
139.88019131526,35.030025337131,111462706.79255615
139.83020610761398,35.0020281577956,41318085.032811955
139.99354376221498,35.0826432598125,77975086.88940611
139.91498517219298,35.093258500182294,89037661.75989848
140.259295397727,35.593676620032305,128939062.7653713
140.346533226405,35.626409560410906,129211932.92198691
139.485660648939,34.297109741687095,
139.39146335961001,34.049476390832105,
139.497598928325,33.7308979565283,
139.790240651226,34.5984426453831,
139.652545628772,34.295463703974,
137.758723326609,34.6914078032709,34745905.238833636
137.88672544845,34.870846739916,34810409.08940888
137.874882029577,34.8219657934995,52679510.58301768
137.941619685144,34.733780634564,49904561.39429729
137.986697053623,34.704122430347695,65698679.54313929
138.025394596815,34.7190647509662,11453505.470083138
137.939856258171,34.7915872246602,44480762.006924465
137.828101824732,34.8049605115311,56970617.442548946
137.82838087682399,34.7365634845845,67383721.50429149
137.78152607943898,34.731578422807196,21384539.93308432
137.780201705223,35.0568569893641,171494296.83811435
138.667022720919,34.824400256362196,148105400.14274973
139.306274472684,35.6040486020637,93924010.45440364
139.00402168431899,35.0417777987673,41348432.3227883
138.92466544740302,35.5403813094297,122668713.17561373
137.623710709221,36.942463737164694,160357118.35714066
139.514970277683,35.6282625927558,140007342.75680158
139.428061169463,35.6125079050488,102568705.03419867
139.372837425723,35.5366056646986,88562911.8577812
139.573865044284,35.7071280177579,70808277.48581088
139.572944149716,35.870080647865194,168093073.4682711
139.51841636304,35.7943883881815,174793291.80745134
139.635555417963,35.658143535029396,27254586.718048926
139.696270649166,35.6969785441401,167492874.409575
139.853195035158,35.8685708245293,117755061.57373749
139.683500366322,35.8602366067011,131057580.89928415
139.73714534462098,35.8078230275832,99588056.6860532
140.081325793134,35.5461555739455,144038484.46502313
140.353939479039,35.527644171937496,82051112.57484864
140.376160150083,35.4320296546788,152248876.32369652
140.30978530156497,35.3140518536388,111028088.06355056
140.266701650361,35.494911231558895,70832388.59423788
140.243677949628,35.4143420859459,155480160.34313732
138.84653559783598,37.6743146307561,113002212.188273
138.63918886791598,37.751768375940294,
138.697017657792,37.8321463050102,
138.43771671714597,38.1316227257064,119070718.02429223
138.47278791634199,37.8008415104694,
138.294248455407,37.8809926532202,8868625.124854267
138.360446631594,37.96344355797179,86389487.84267762
138.330680458509,37.1279158800957,162172269.74799472
138.211635624183,37.145816060232,169166358.7776305
138.22179599471102,37.398863990241594,
138.28214536583698,37.6168309713636,
137.70106017350102,36.706307893110896,353388833.6249212
141.14188612649397,37.80844567797659,
141.146879250465,37.6843806123906,
141.257792114736,37.4277003066549,
141.09041577404398,37.081996147861496,
141.88948410255298,39.715149527522705,141523325.123593
140.699287104156,41.6452588682856,336535818.5703126
140.39334575801698,41.74422358682399,311474571.0130215
140.64426906317698,41.819038301937596,173772377.97438574
140.477659099173,41.910734015782495,326300838.2270166
140.59238142912602,41.9246772899823,283364270.9692145
140.62137305634,41.4464185863024,
140.43318658353598,41.4943232263593,
139.20698543924698,40.1033082434358,
139.67861367837298,40.8559972660059,
141.82933609128898,34.847504851005,
145.988219574681,30.177614459747698,
147.096737995086,35.544152059983595,
143.089353143649,40.59966190643879,
135.096792179679,35.043449244939296,169535527.74011987
135.224090961861,35.1836172410712,180196010.51885834
135.214582916094,35.005454681442295,120717561.03210352
135.27807257316,35.0784454799658,162876321.8805985
135.277019638464,35.259667897244995,156693135.93232578
135.594029347656,34.688796464430894,99223542.44085245
135.525999221349,34.6052952483876,87606022.2612854
136.67109185063399,34.2749458799616,41068114.18954127
136.607026814445,34.3342741205442,108947217.91858386
136.007522847504,34.166931149848196,146564891.19636065
136.077319833774,34.3188183142794,195857226.06308812
136.199141707035,34.1461740857622,165531195.04818863
136.190737614195,34.290564401286595,384637357.6581323
135.97425186826797,33.80951909429489,42922848.94836726
135.958532597019,33.90847299658169,89748134.2089914
135.944577722646,35.4471050793189,132770128.15980995
136.008771312645,35.530865359786496,118009036.53740774
136.00954363540498,35.6543711423064,250580634.6458318
135.970866250197,35.7685077111747,180974856.8737478
135.55475086256402,34.7611045259016,144609193.11829707
135.839357849019,35.2281248401995,118803887.04065244
135.735658746633,34.8673499123004,46640726.69870505
136.174112613528,35.3327238165891,138833629.282646
135.83980408439098,34.8527157325314,101342766.17136063
135.928122121704,34.848481451001895,160239560.37165397
135.80922199290598,34.9212659451579,46717971.03029471
135.925798734066,35.0506165438044,161012487.69867083
135.98713252007403,34.9613877295782,158195799.6224663
135.645487997943,34.5430064002287,77530417.14907415
135.562276893219,34.5390358683216,103441933.0981138
135.551652832398,34.4736279194373,50323048.718717955
135.673936039521,34.465429993978496,71504098.26969954
135.62592270800099,34.4272961224137,39985835.310619265
135.777003065121,33.4897799827371,4325425.125983923
135.75553824181802,33.543515938604095,65778946.104493864
135.441448490601,33.992589743399094,111796107.59476763
135.43245588328497,33.915597950015105,91444131.92506287
135.353568199509,34.0426029235809,87198798.0966915
135.27156864028498,33.9853933571097,158792025.58741814
135.414142814775,33.793145939440805,67251963.94555576
135.537224961996,33.821247301356905,73944124.91495258
135.473629028892,33.8568754015239,103272349.5975927
135.699774625404,33.5347568925963,74362640.24690004
135.721239448707,33.4810209367293,3254238.6139729726
135.10020333519603,33.434768327786095,
135.295141872726,29.058918998481897,
135.826781366793,29.128852998049197,
135.300490657794,34.3262510755956,108121775.31550227
135.444404801607,34.411759026612,157759987.18001533
135.403282147617,34.3213775836602,128999586.61257152
135.238605593586,34.4698533006036,284551056.392042
134.812415833491,34.3890329851101,108831602.73768112
134.917081592535,34.7503966287984,112744402.01038446
134.87166544127098,34.64654131136879,185192150.94249922
134.347612711785,33.5332170219321,
133.498800424836,33.9902359698,144784727.28697094
134.26355321857497,33.467447551870194,74648193.16989052
134.30466745673996,33.6418991746299,113276353.65650629
137.14125346977,34.680788329657794,187791894.38071033
137.231478676347,34.739674667101795,155941380.5743211
137.238844912983,34.8300274542528,147518084.99949303
136.801985393304,34.589455554182095,226210460.78633335
136.669603976103,34.4025772962102,87950784.97358176
136.872062838192,34.6727972745099,135818092.2604781
136.910094447984,34.579659413227496,147814582.82024142
136.982400103362,34.627604849871,100498399.20786808
137.02814538504302,34.7112488366358,156035265.31317028
136.583493048057,35.1243467580456,143078772.09606215
136.610319731787,35.3313827970378,137117169.68983468
137.179431101625,35.222607444660895,146446299.16060674
136.223305593738,36.289771406592,44809158.412287705
136.10998524024,36.194873282353505,29089809.175868116
134.823555326097,35.075896245248096,182825600.18396634
134.881486959021,35.0003857627182,145951621.96035525
134.833555249338,34.8991218464559,162984957.95582318
135.133370174847,35.65887851519069,161808883.05083805
135.232517119161,35.3883606623481,215140259.66641945
135.26061832542598,35.59126405931249,165581152.93496978
135.31644079928697,35.4516469824165,162204969.51244864
144.84857882682,43.01997547054349,76345186.96126054
144.93243062413498,43.0985072032515,148117300.24231884
144.848205754131,43.223835230195405,252042135.76869977
145.10525363343902,43.1691410101644,202753216.70774117
145.100367498768,43.2732798312408,204586117.13719115
145.288491351168,43.1614668646557,212695344.74887794
140.621725281114,43.1396870245242,321182354.67446095
140.75191762391097,42.91010800338899,303665432.1696924
140.89436895402,43.0351408315224,254342799.22475395
140.71820313569697,42.66252771156089,137286718.6593857
140.756772168408,42.764687352908396,254626527.80245173
140.81661900645898,42.5809407960684,55048024.96479636
140.913902073846,42.7197446432955,234510966.03095287
140.919052802055,42.6197691395124,107574707.41279855
140.41139660941798,42.93854256764819,141289469.92209777
140.44617529453498,42.853847556329704,311479101.6114966
140.60401565892,43.0372532769234,106298768.9774756
140.638794344037,42.9525582656049,247024377.78115854
142.23642631486197,42.5833335004407,298297989.78301895
142.13266206899098,42.7098241784412,
142.24656705401998,42.876219546573594,342059559.21369797
142.39577091880798,42.8618416168437,193099701.42048368
142.393755063747,42.7197714072855,260294398.16610974
141.98873534310297,42.7105582843566,
141.82797154775702,42.617820116100894,361569263.0593781
141.878895884814,42.8778660782373,377522661.2204982
141.44279977545298,42.6552395211195,223024257.0894617
141.267049278927,42.6593544065898,316072806.3224488
138.737944531362,37.168578432100496,263269270.20797113
138.280280519007,36.773745038055296,220187903.74880785
138.27865429831198,36.9042405591981,238831514.6641172
138.364874732073,36.9847926001884,318516105.64053625
138.8961193323,36.411610615452595,262197490.55369553
139.25857749619198,35.8926059417772,146566039.85019577
139.345665869817,36.0131287952865,144018638.19600663
139.35259773322798,35.906423132253295,160218250.08646268
138.969028337337,36.2927203773321,155148323.61654273
138.482226715701,35.999639855982,151050798.43030685
138.568475159994,36.0980745305301,231698644.13605908
142.679724837243,43.92702909610949,314147445.48259914
142.512368417892,44.05836935976959,188822123.22609615
142.486171197876,43.00776362684999,176144784.36274278
142.248818112225,44.0161119575991,190300112.3770396
142.390812038079,43.983324230699694,406387967.6297287
142.038411365004,43.82004250750499,326518454.3782289
142.159297318533,43.8695212448031,116684202.81808798
143.21258583248098,42.244500780768,265085495.38208622
143.154434274885,42.1392649440708,281596096.9783833
143.78221109759102,42.5854565734455,
144.141176717439,42.68620439532239,
144.339520517742,42.709336912172695,
143.418329349405,41.5346448731247,
142.79489351922302,41.1924086974983,
142.27350075371402,40.764192588725095,
143.02767816843,42.1410474881319,227517139.86727616
142.391087903823,41.5904583138891,
142.12758624995698,40.9419891862872,
142.60866706706398,41.4754901368566,
144.29055791449198,43.8421641131232,364683009.0516746
144.129192975933,43.96605680794799,251996795.73647937
144.21702649503598,43.94103147739799,29740419.804985676
144.705471042363,43.111413963113094,223021795.57968315
144.723862316385,43.253438750213995,311107498.02541023
144.442786973397,43.3449332618478,296468937.85232913
144.574111399641,43.4492537670873,269102811.60275763
144.682539909039,43.4161997398206,134497974.42165723
143.282830420653,43.8605016498528,233939770.27009252
143.18141885949,44.0210252442213,275517286.46981287
143.03787281553,43.9429643314266,431005874.2894885
142.867059701883,43.5795559902285,238205440.44536728
142.74410622846,43.7711975661543,247794443.10141727
142.603940096475,43.710618281688596,421527424.7516152
143.335096983474,43.2915725354541,189385655.2716724
143.362514864745,43.451076193493094,648690556.9107248
142.997926137264,43.4860865611062,
143.07461264117998,43.667834648479804,
143.233951515699,43.6474732931523,
143.354943865254,42.3287094463926,100199564.73595293
143.45864637396602,42.448265203287896,
143.295208989339,43.0621100406651,330740890.8248543
143.525431674768,43.1430159532647,118950450.00067295
143.425815074091,43.1789686566348,283421271.4902548
133.84855957209,33.92621243879339,138766465.93127924
133.614335666823,34.6424142437835,293306440.64287984
133.94057661613198,33.9866347869543,147371750.54052004
134.840620832709,35.1859562448141,172157179.63203064
134.712507498657,35.2501360958538,169392527.6432564
135.00449397375598,35.549872660533,170865479.3345149
135.10484987049597,35.5479469794537,229810295.3092723
135.148174340949,35.4170462035071,143537797.61834908
133.61179595081998,35.423221533579,215065932.39077732
133.589709176385,35.752721309639405,
133.464850653486,35.757298965828,
133.367956893831,35.1643076315586,193172569.16807634
133.506101824623,34.9874066320944,336297444.97698617
133.547920082379,35.2625247658629,175145340.95049077
133.453101211881,35.166003169987796,260582988.00215006
133.37246025345,34.533692511044094,170932611.38211495
133.41103896519297,35.425593098065505,106660695.35497189
133.310654531307,35.4982521804306,174130162.76037607
133.34884388199,35.3114839761189,150262693.54587346
133.02620951532,35.4928900197003,112368633.86244611
132.94781908181398,35.4082953573459,131055057.93905476
132.972293654112,35.3095395085851,147846274.5722874
132.625978785729,34.3356091220307,149866861.83557063
132.20531651283,34.6899570066984,131386287.70962627
132.145793382405,34.50216318895829,264884955.10145858
132.117399842043,34.6380169355583,266590593.26846546
132.254536493673,34.4441639817924,141773798.97386363
132.43526031948298,34.07662089244379,232275840.41331974
132.58641829884,34.1946537786414,196456534.1463298
132.507621092682,34.2200798604456,148261493.2058946
132.44582885585697,33.8602000640244,
132.554362284762,33.7977609038982,
132.942446535789,34.7024383894353,191604950.1554441
132.785576371041,34.2397688230191,131093542.75807232
132.86939632820702,33.6661172055846,153537384.8309365
132.712030976316,33.6006707912139,158731692.12953532
132.873064011402,33.530975393117394,134745192.3157594
132.79158241704297,33.49015962676889,261903495.5392597
131.35741074522,32.9922867130395,112155457.76918414
131.53971130667398,32.9093678594208,121084515.75035493
131.457986503305,32.984897484369604,162712605.91010973
132.14229368240998,34.2137738674413,165244394.90460864
132.237979942827,34.316092648873195,136034756.33486903
132.33110660922898,34.117266408152396,389515359.8112455
132.32493528975598,34.27962152701679,205638329.58216226
132.23993378742298,33.7382454200418,514101502.1086632
132.135863352174,33.5576084065497,
131.930526771219,34.4198455995405,196938754.5794302
132.040629119883,34.3967232013449,350039905.7323816
132.053685970734,34.2364052127471,264866978.01271877
131.837792308926,34.294594740879,230187991.95677578
132.619017308613,35.1427537478292,186537372.08919656
132.73914020845498,34.892550889284,145780672.11336547
132.81144449397001,34.9520336844096,201688928.50948098
132.750794866206,35.184006683789704,271526759.6565587
132.828482016714,35.1180578016708,252412046.60159007
132.54765394566297,34.8059251633896,232074671.36278665
132.43682756607598,35.033333766255,141749866.0672635
132.36017283564897,34.880330552773195,187567791.70710242
132.548462988084,35.029291424529596,358685643.4972972
132.60773638681798,34.9195663404687,194828228.5519838
132.95095627806302,33.633821030191804,121454490.59539635
132.954623961258,33.49867921772459,99161320.50821196
132.966670153185,33.4129905124521,90103844.75902009
133.35853091318998,33.4705968445761,95850984.62958673
133.45763783483997,33.4908444052842,106653237.31324494
133.237637230434,33.372933070930195,9200609.580732353
133.22459800448698,33.3077723286561,4645367.1754779825
133.29580263331198,33.3998617524594,96663971.00292501
133.28276340736497,33.3347010101853,49202712.26997802
132.924328014489,32.937300537206994,103234578.1785012
132.90645342546,32.79249455225369,92582720.64071308
132.861475970322,32.86093079161199,165509666.92291617
133.18631346998998,33.2684204212404,35553742.87287873
132.76317777112502,32.979661644006,81574913.41853549
132.845533434735,33.108581479399795,87266031.56671979
132.85845605901,33.03839641794119,73714398.4428875
132.73619561627697,33.10597331657549,103315994.95791177
132.697243705191,33.0246634380432,156509678.72341117
132.522090662247,32.9107022059728,87757950.86808416
132.584434447245,32.873448031096196,134408494.91923168
132.610500540375,32.992594593914994,91623131.30930161
132.51819807487797,33.057012935769905,73799201.3420312
132.56648232930297,33.0758853720042,91822128.9135686
132.644841792573,33.23343397790129,160651495.74055067
132.57820467695097,33.190948977826196,83621809.8865025
132.664763426877,33.3503145840051,106292900.80627547
132.605108326317,33.418740811698,122958113.5839401
132.532427271816,33.3979457774094,113791360.88171557
132.52544525675398,33.2870345496414,103300877.93086402
131.01257773197,31.8578662164345,93684460.34767996
130.96062238802398,31.960323935304597,141428959.5950974
130.93175190536098,31.741986668214896,162875923.60100532
131.615156831367,32.393526530379305,29448075.861730408
131.673087944343,32.5227750279036,61181754.43540532
131.56885318552798,32.436331026168304,97126595.3594415
131.420130489285,32.710321104087,301888397.6882671
131.52065753890798,32.766112404732304,311445696.8176514
131.62575174510297,32.7011590827141,271966181.1916669
131.626784298504,32.5655795236926,209221648.03348178
131.47749701539198,32.005303106271,35665511.294291705
131.462108431071,31.9557490551717,20280039.01797158
131.07028925357397,32.164549240731596,317971911.4402486
130.79160361492498,31.509793590511496,165439379.95620984
130.822193862261,30.4340437772514,181164525.11012644
130.762142198028,30.6698629909716,
130.685650171329,30.3358822600515,197369890.4439336
130.582213422705,30.624830629658096,
130.52604848976,30.334908940726496,172040054.84258497
129.81803971438498,33.1751938881594,186530021.24572548
129.81382025970598,33.30940900163909,329322526.03420246
129.91791687566996,33.0683602122621,131598950.4352799
130.308321411312,33.3824878590225,243748802.59208524
130.379704705602,33.2362395053205,233854977.4867951
130.408086447144,33.5066270575278,251188274.04878035
130.317716108415,33.5185471080702,191845339.4569689
130.140354789654,33.2184538637292,171733292.38566095
130.19838675920997,33.078029085278104,367580539.4837076
129.99498174507897,33.076722228310196,174706096.62160262
130.030822360659,33.19218283709459,155729421.80168918
129.96656481372298,32.525377381975495,333365840.62744695
130.23829834765198,31.5246870436839,298832728.9278005
130.23045977825402,32.0997065379837,168742775.9379901
130.475388606255,32.1484818079689,280434697.0402726
130.452999288744,32.01838899088499,218531407.38863078
130.535081156403,31.474593979157998,132896317.52007172
130.61272378803,31.472055264388196,85780562.29497167
130.931312982591,31.3057317300717,211534386.22205865
130.801949120271,31.3849300934433,176586253.68579537
130.85983523774698,31.0309883161608,
130.98131464525798,31.081759469537698,
130.53177429712198,33.027025010529,117084794.33858787
130.67744521190698,33.1295698060239,195580227.73407555
130.631698553697,32.9419486210188,177712203.3667696
130.69865697718498,32.9678773745508,107043179.99780136
130.34439395036398,32.917058832246596,154020261.19679332
130.39894633458,32.813079070262695,89313827.02361481
130.436515447293,32.9379931416063,240353594.21906585
130.832588216055,33.0626259197487,128610273.69703305
130.864804504104,32.8996357430631,168721613.12532732
130.782279114135,32.946479035932,107489440.03980269
130.56058998193203,31.704581711418,177785591.62294167
130.573176079863,31.613977647063898,72854006.17071277
130.511369267829,31.573872195010196,153434233.1055567
130.412279174496,31.539885721330798,113419066.2058253
130.425994499493,31.7901402677067,56528886.969708346
130.489852413063,31.7994861840216,182979895.6454131
130.37216297318398,31.7263262954088,107895888.75996135
130.349516891352,31.611081673690197,254917458.5039612
130.73493029282398,31.5652987121109,62989056.49161391
130.65286414692596,31.586227008071997,23892075.38282657
130.668699966519,31.543582841248497,33950741.78843075
130.63929703044,31.9091715113919,196392036.9744817
130.854334611198,31.923820586337897,206686856.33363232
130.844480313393,31.7803872474396,280488690.2148579
130.706966489484,32.0473619556321,370081257.6477142
130.796230175556,32.0441011734096,169482004.02222386
131.947873669689,33.1779353836491,548598034.4536074
131.193417832818,33.2572963374267,175791732.40562838
131.18231769627602,33.025870695638694,142686910.05254745
131.02046224677298,33.858259143135896,159154721.78722242
130.986164830191,33.957966657387296,139441631.48518783
130.924088578437,33.7315850764761,181350795.74394113
130.782122529795,33.8872056335307,189811074.2698279
130.636517198451,33.7986024843984,260299448.4782845
130.865014369782,33.86630409122729,183263410.41364726
130.835104384413,33.7476182999934,165959894.52861607
131.235492968217,32.84300261094269,294533607.9955873
131.173238544282,32.7535521978786,133429784.80301452
131.157437247903,32.931599670683994,117253329.40219003
131.060825310063,32.8855103377449,69368340.37254451
131.062784804094,32.815516647813894,78039935.21640573
140.36100737217896,35.8268124244536,78688360.66987859
140.376121600605,35.7174715809648,90501761.6621761
140.48666952470697,35.737419298326905,188286561.78244314
140.08719581607298,35.077836993153895,84487094.83299243
140.12985626293502,34.494075560801996,
139.931738640012,34.6686325186938,
139.87252887158098,34.041081603394794,
140.114221369914,35.438144340149094,124395593.84585895
140.180157352323,35.38501625915519,117959225.02118836
140.14449173257498,35.1879417149139,184415264.62470254
140.20111757609098,35.2467765695067,82028013.14352268
139.532315646306,34.002938767393196,55613231.13853188
139.559965960998,34.0089323069793,24768626.99792302
139.49598498640202,34.0819124272374,17986433.82883892
139.523635301094,34.0879059668235,12313921.956694696
137.66657710215298,34.7053527723012,28596531.93236637
137.71117970144698,34.71812490995969,33908125.95200393
138.342136282812,35.1944464777059,146498279.00725713
137.95149957038998,34.870720869170995,22578691.41440764
137.97506942983497,34.8320240519064,39146927.38034769
138.03598863397198,35.3949098640291,311313056.56766593
138.281171756541,35.2673113264923,147936406.90687737
138.89326705089,35.439809561610296,191760147.32345572
139.351009228761,35.3374892416656,77433390.48937266
139.303183641798,35.3894705783454,66496227.72699273
139.419385103823,35.4096517936887,98724063.0695803
139.37155951686,35.4616331303685,75141816.18784583
139.249456501716,35.4018128926572,89349858.7520817
138.216495514812,36.5213263604475,228300896.47965482
137.73302571995998,35.190973276060795,239923910.38353834
137.809696978734,35.2702491830106,204581359.27117035
138.39335840342102,35.960254283266494,140637872.8182852
138.31678901779202,36.0006603809193,263002813.4912955
138.166350796452,35.57450349253679,
138.14956917478202,36.141535912623894,143072360.2487921
138.206168747592,36.369112343371505,250833342.22913182
136.71243106629902,36.8235202970316,83130032.33415282
136.82871995291399,37.459458226212,
136.256792464716,36.916171808287196,
136.00001427177,36.384251249662796,
136.40521652082597,36.5982642655542,
136.53580856031599,36.692485551816596,
136.62279922038002,36.78212850729119,
136.700135425986,36.93659744085299,
137.060718807375,37.5725021710203,
136.937489634858,37.5590706519732,289431731.62794757
136.927456188303,37.403046331632304,13863828.404268758
137.284884335247,37.223595194874,
137.13380317820702,37.3913451252033,152413084.9851579
137.042485064265,37.2837322912296,182458640.92262685
137.039982257904,37.1128326948984,170344670.05431375
136.91804793922196,37.0107594019152,243018619.98744637
136.837916499834,36.9088770571686,236711252.8628749
136.58499382129799,36.5199297064602,131247370.72954452
136.49800316123398,36.4302867509856,172231024.908323
139.594685941986,35.5452347700351,107422518.19599192
139.52618866906502,35.531238292156196,122327038.42573641
139.6023840321,35.469504734129394,82605313.84472486
139.47133297851602,35.418911043671095,53976332.2264499
139.536991145376,35.334147889167596,109632137.23378447
139.599544926039,35.370745101747,113459776.7785026
139.703572642227,35.433652785682796,122280933.39550097
139.764000248862,35.2373113427907,140310965.7933308
139.70073353616598,35.3348931533004,139811130.22778863
140.201720842425,35.708175913624494,249801134.88077018
140.11271092097402,35.6880959321568,205936565.03993458
140.058780707868,35.768861898419104,88419038.3265102
140.040326693454,35.8632142879032,107044988.41537389
140.232410813121,36.4234673909898,287939210.6306349
140.272127891016,36.552553592078695,148742424.47582456
140.378215244553,36.6194833557663,219294018.89600036
140.484342870729,36.582607116759,264598481.2257544
138.99060390956402,37.7266755668055,86726954.82419097
138.939398317302,37.6725720150351,141444278.76544505
138.41931531747002,37.2278603629812,183305909.43153802
138.36061985427,37.463727524239495,
137.800981730346,36.58479414470099,140322836.572781
137.881985302512,36.5517886029186,120128886.4073084
137.892144419832,36.4237693357923,89293066.45552897
137.94218171560198,37.048572952182,116711169.42180628
138.05044691799898,36.9886559324832,403439753.9311722
137.759244551148,36.949767497048995,168380803.32327008
137.75873984829,36.8368770045606,405154508.0290781
141.12690675791399,37.90735163072549,
140.73521712412796,37.041012684951,176502130.41667536
140.74785276377096,36.9134310393915,126109990.07997063
140.64188953115396,37.0646262943539,178822880.93743065
140.56909392477598,36.917952760840805,269732795.4982282
140.79493530504598,37.1997763673283,183338574.9232716
140.80600063840197,37.093704092283296,94220919.99131086
140.88910952001598,37.2267283798575,196512852.5307029
140.898696644541,36.690001699893294,
140.81715806921397,36.53546804180459,
140.81863627804498,36.966122446723794,34074559.75415971
140.756172505047,36.408106758873295,
140.595619695267,36.6601787861496,204019163.5032349
140.621723594616,36.7910635013691,241420588.96759996
140.707154840637,36.8101553893227,51434730.9721704
140.476808104281,36.8944456014585,182168885.7667067
140.72783546236798,37.403828275763395,164101032.31936476
140.71480866184498,37.2780206727819,105492151.69872048
140.63254640222698,37.1955620071398,133324281.93437454
140.39911498103697,37.3353498366255,155529467.01655874
140.54421191989198,37.204718392743,188712534.3459392
140.511679340142,37.3232321958441,235946933.94485953
141.555613449624,40.3931528460768,246170215.04612517
141.64413040037698,40.3220839393449,151398700.1474949
141.237654372045,41.3864037707175,237421831.7745796
140.54484441663598,40.8824643023709,261434881.88203892
140.512027378668,41.04204991088069,212249551.98307467
140.128579570617,41.61864466730519,410228237.431471
139.644702473166,41.864366727641695,
139.853041733823,41.778549317574296,
139.790997225561,41.364034461872095,
139.97926167723298,40.920787398678,
140.064035279025,40.623751738881296,264670882.53556466
140.373094943301,37.472058559386,157821927.46116036
140.28697676264701,37.5290801179932,211104506.35747147
140.562998577705,38.0562157248273,219133257.16782057
140.28445441824002,37.6530919322382,94053050.2943842
141.682251611208,38.8223776503057,
141.58255133223298,39.8013719020896,380977469.4892411
141.69962679684897,39.801424664146204,244705212.12988734
141.79221666027,39.6685796969715,333889775.1252459
141.84268538955902,39.538252687642505,142394712.76589665
141.503878236996,39.6908532130638,254585644.70908463
141.531291085437,39.520354693620895,336352362.0794823
141.33374977487702,39.77588597060429,287029986.07913876
141.24026538091803,39.69174529551329,309928664.7791716
141.086403468648,39.7123181000271,248148472.65436804
141.04967661836702,39.5492570710941,290631916.2053147
135.045336432435,35.141135288357994,152065523.09694505
135.109145557551,35.2083124859664,139032783.27855814
135.077731455942,35.31304868329919,112145787.97681159
134.924216712285,35.210999358252295,170335604.63631517
134.910784045686,35.365949495688895,291525665.2225858
135.000489664227,35.4008216231274,187107503.46202308
136.534124092113,34.3755084556983,109917803.19572265
136.597843506201,35.019656230478695,147888501.7211251
136.730450440848,34.73891230367909,454877665.4111991
136.331347988418,35.0981353397829,409385612.4187359
136.05329282338198,34.046950121151,200297586.23851576
136.157570141274,33.9707154983757,24352501.27762537
136.131493902492,34.054446970057796,102608884.61836189
135.40560118569,35.0692120390689,204791670.56313458
135.450286370058,34.9606268263428,257032594.7178443
135.45307031496898,34.7432436874974,108211324.50471099
135.446526966036,34.6396910168001,114446660.49747057
135.39508725718798,34.5492153019431,179686356.28250858
135.29207953898998,34.6024360839993,333060062.28268325
135.845247013377,35.4538663684557,141485939.42861363
135.800973754479,35.344624052113204,209330103.19296545
135.87076321816798,35.6517632177916,
135.71386952243998,35.134808883061794,108725440.01890463
135.792727359201,35.1287620438062,75051233.36897714
135.836508860613,35.039755270707,112451223.86517581
135.803707587735,34.978295489299796,68184403.540176
135.34956414662096,33.8584735143633,57885382.79771376
135.27655719471298,33.87825574127609,182451741.0923507
135.34645326773997,33.7877851509066,40255937.756105416
135.20358062976598,33.8415659292909,50555654.401752286
135.416433082392,33.724069824409796,75482506.96935907
135.348743535357,33.7187090358756,33809709.175412804
135.27887784929098,33.752707587347096,44751391.1682492
135.01326713635203,33.4859133781029,
134.69223564937798,33.5427999985386,
134.770941148041,34.2991588307577,82743602.10790366
134.881191151938,34.278205285321796,176641555.5115624
134.97658711472099,34.170090273237605,438905394.4377427
134.843873384088,34.023031184617196,
134.936757458085,34.576578726327,101840322.02750888
134.97702803062498,34.395987983207405,270921697.2131093
134.90870081736298,34.4699328823113,127954338.02481301
135.08982199343401,34.3882202903877,251938377.71977505
135.125256532959,34.526714824215894,298669188.82129633
135.05102757993,34.686183694734,186651595.4715573
134.982173609349,34.6804340437566,54989212.06029711
134.678782914786,34.2398456856654,74773932.61557716
134.82987181438497,33.7124567455005,
134.794776280956,33.8156115096591,
135.040819917465,33.7546208796654,
133.873169987469,33.4685376708474,116034896.12789084
133.547006050458,33.489780730329,63813771.98023951
133.706298882915,33.4358638385574,
133.789456656306,33.5641180921827,137104823.24946743
133.405375354944,33.686087291043,121436644.44750226
133.37837595515398,33.8288874705969,144646024.01056963
133.43690140868998,33.9070051410486,129764622.69536489
133.608985058604,33.9777386056614,96174982.07905316
133.721224966824,34.0114280393811,148438294.23949373
133.763081650737,33.9454811863926,114732661.6164201
134.449748970471,33.7184831094705,106771380.63037196
134.52275356261498,33.7706932366023,41357450.14070301
137.391336752274,34.7735596299333,92561397.34220295
137.343836402784,34.853339840781004,80187619.55891657
136.75825664328298,34.304445672354,74065685.04373772
136.727464209501,34.3832918149512,93607750.22039352
136.810898225265,34.3606990794507,38811207.9103814
136.78010579148298,34.4395452220479,63662812.39422964
137.10909398937298,35.1651325430592,117338681.9328196
136.781599745406,35.0716296569496,164004967.22250935
136.84040591753399,34.9005543745221,27189673.23301381
136.508129845131,35.400292836678005,43666562.48899692
136.30992491427298,35.3463078263856,165299598.9651069
136.394301382449,35.468532996312895,291934313.5194402
136.487806937625,35.4884319135555,93207152.46785125
136.389587090592,35.241120072879596,317277621.34714115
136.508852239551,35.22727632006,136260977.6274503
136.524179446677,35.316249977471095,60233959.72201625
136.75696057623603,35.17710029783069,103502569.2576087
136.67850589582198,35.189698696531494,211726041.51658535
136.690005372426,35.3077610781126,124951999.51903987
136.792188433098,35.4071400068925,126558967.81012265
136.132511180754,35.86258336200209,122087690.98944958
136.12202783586002,36.0996539342406,169799805.82161906
136.198685915952,36.1116147200424,133639498.2221069
136.060963419579,36.0042741518394,153848930.82393235
136.06330802176197,35.9133191482494,113640827.71416995
145.183572230796,43.38587015474909,183870143.6375322
145.098409961208,43.5847133881038,113458201.33836903
145.092919013691,43.4916239133156,178689926.63253218
145.16478045682797,43.74129272860379,
145.38799013696098,43.6429793715894,
145.55301245641198,43.4126424462522,
140.88679471485298,43.152335762190596,104669371.14102493
140.74219486961698,43.19057553216449,169446678.21760467
141.07326443934897,43.33289565739529,
140.928664594113,43.3711354273692,
140.949280412325,42.0795160758885,
140.94492337140602,41.8683291923556,350248408.20669866
140.74219447298998,41.9443787649711,72332033.11947185
140.813486246433,41.8656881818164,204541800.6000342
141.180787362648,42.26388635634989,
141.041109991782,42.205363550549094,
141.158381976744,42.5418186310095,320055927.2690468
141.004169146236,42.5445289866135,201835591.5020727
140.95999057120198,42.446651619329096,125686814.89634478
140.83351352683798,42.5234836986861,49619532.00461136
140.8917687474,42.4644346748457,35583721.98122639
141.552501214212,43.372258095091205,252442358.13398308
141.458696188986,43.506722909598295,210249789.25511616
141.485092635744,43.6564849145667,328977793.3908716
141.65283012031801,43.695318090527394,515092824.2923949
141.51477122425499,42.7667719970898,189832833.092776
141.709851837576,42.86142070993859,236321539.51428553
141.667052384616,42.7521905843769,280888105.94906044
141.23502869130598,43.34323472405189,
141.368435265981,43.4188360264989,129047483.9184066
141.46224029120697,43.28437121199179,234178503.75095475
141.243335690523,42.799866235334996,355341568.105688
141.068769508887,42.828096509691896,449821382.53601515
141.05409093355797,42.9980720474382,514180342.5926905
141.410805935157,42.8720441498217,212181792.64708224
138.922200407265,37.3625640785958,168410921.6331552
139.029345714996,37.43889853572001,90224880.7593272
138.97858388835297,37.5694918674141,110645267.2410562
139.042300959342,37.5530284579197,86535846.00213276
138.74495666341198,37.4448554952978,64802187.50489762
138.741798339276,37.563579636362995,60308092.45418821
138.81290488124398,37.5815461255344,116063802.9346256
138.88539926108098,37.514951143365295,118975416.37943254
138.841971024339,37.4221532767467,199337325.9268212
138.927922671648,36.9952500223416,275644666.5082444
138.90077223363,37.2620133573402,170684667.13113305
138.83764213393798,37.153220730357596,195876845.0250005
139.11237005506499,37.335541459461304,319142588.8883127
139.227057815142,37.3298512778697,317484687.63242245
139.05313262939998,37.2107854399776,241180695.30251932
139.06666401612597,37.049963128817105,502796777.00300413
139.16371520336997,36.9178619919186,322476942.90463763
138.55304789954099,37.12906432057349,102899747.5987146
138.677530763343,37.0911931823994,156874784.71357176
138.959890141248,36.5050102075593,159695088.17532554
139.100262469278,36.711763919787,243696829.3335653
138.72086846913902,35.8800620909544,365836645.2031037
138.72348642398399,36.0311772729249,414851761.9704855
139.27579120464898,36.127179699055496,108568934.52878715
139.182957455619,36.1650824024061,249924100.43227297
139.29614292594,36.2664633262998,124907132.83687727
139.098760486158,36.295606426365,158860348.7715255
139.095459169656,36.397125769082095,196113448.31348065
142.475685976503,43.74115380416429,167248471.9759137
142.393715041083,43.8410214747318,244564362.34040242
142.24526174123102,43.780111810307396,196995331.2602611
142.345664663268,43.61222392110869,219272454.6240438
142.22895358220998,43.6575527564385,256530100.3382751
142.340911015347,43.478151154059596,308975248.4266919
142.440539434842,43.1562924881451,270808409.9794446
142.279744142646,43.0792082560059,
141.887878256487,43.0508389508868,461106581.6596471
141.743701942227,43.1465368001448,265976852.96711847
142.10941470062698,43.168497925146,
142.14374864022298,43.36441344830099,503069542.7815383
141.893006676927,39.81413593655849,94666852.28041886
141.880554062313,39.901126145334295,90818544.62231296
142.343846888397,40.532961550808096,
142.33139427378302,40.61995175958389,
141.73755372377698,39.9805166968185,182557194.39018142
141.826741334124,39.989144253643204,180070098.27749357
141.817739717709,40.1401161396114,104652070.20799069
141.669450181479,40.231508440800596,234368962.69846416
141.631231263753,40.1211261697983,316465868.50119984
144.340671252657,43.7186249376096,212707818.28911206
144.52278224973597,43.5529516435959,134614782.49259442
144.54191393637598,43.6245841746264,149599236.05762076
144.30966285713998,43.517257962321004,184861242.26535276
144.19842290891398,43.623986605056004,606830541.2004406
143.480159829072,44.040684851397295,311436236.01311076
143.401972348602,43.870902265020604,243914672.3284602
144.53473799737498,43.02743871981059,236493105.52922174
144.589974013221,43.142009729230494,235006666.26225775
144.458615087094,43.2254559181104,160136008.9190554
142.62571951498197,43.5517101707556,262706699.31836775
142.492711747089,43.448172926182195,245304109.5162693
142.520894005248,43.306650251865,265011081.92387813
142.659007535847,43.2497437520841,292167890.6373299
142.785520969905,43.3058633502297,290225350.5114279
142.78041520719898,43.466307094583996,361085434.6026248
143.039502892506,43.2860787885504,187686342.07113957
142.913742219831,43.219104473318396,161744058.85805815
143.151400514958,43.109673590834404,323605453.3201938
143.156894325522,43.2521961358212,195298330.03156123
142.904261068041,42.455610394362,
142.74265320710998,42.21440971517549,156886973.57831207
142.89816265461,42.2314979388489,195162832.10226005
142.562849682594,42.355504275975,304927238.23581064
142.55111912910002,42.569785291397096,
142.73702106704698,42.6528031861107,
143.06152864304397,42.8095412794005,194633331.24706548
143.01602001436197,42.5962743558924,
143.55646662762902,42.979989524538,227842918.99649772
143.727168102441,42.7874393271501,142053347.58161893
144.22900239732598,42.94015451477069,46789162.62200949
144.129736781547,42.945618285339,94947630.88874634
144.418833582309,43.025105160523196,54656926.09320835
144.383202312459,43.1149871060964,181864446.93557444
144.162642317331,43.259799832042205,308823973.29917103
144.25989179474402,43.1053932599103,254503384.19841522
144.196257448815,43.020975084905395,151423937.78476617
133.975257950985,35.3714101722333,250486427.58290306
133.618832623749,34.990605529172704,282076874.907511
133.64638692471,35.148344764004996,196097567.1048235
133.675191220659,34.5003308862069,231884054.1013317
134.769661969305,34.7113294469073,239183315.56493363
134.73844157498996,34.8751015807227,145550560.77792007
134.65750984897198,34.9775885616663,170549165.5520592
134.635000836765,35.176662071991004,176156831.31863993
134.694691890396,35.0771193099294,165533062.40711024
134.03568202463998,34.5013074192105,135246887.4304076
133.93649706412796,34.081727311417495,107935053.34089771
134.001639165933,33.9325656650739,107978206.86844079
134.76598317055502,35.542493608512004,188183043.10324532
134.81301965976903,35.4404027226216,192682288.34912094
134.649397416963,35.5028526573369,124196049.28431661
134.61967734593398,35.390244533942095,113748892.09666209
134.698338992316,35.349632436224695,184386884.0038351
132.992616744933,35.0545856518539,220569534.06950915
133.261686671916,35.0302923827571,261569300.78543773
133.013145578511,34.8056873445072,361048819.78494084
132.944672409846,34.9265951385186,270695064.6373618
133.06874892762,35.3098619576703,199731142.70218274
133.089271891785,35.146403325834896,323039418.8431401
133.193631034827,35.1360581507892,269323418.7316465
133.26652428810598,35.2998708452148,181220857.65461463
133.209648766227,35.43284428654079,220931584.9140348
133.116232548783,35.4324902239506,136370586.21821868
132.344132669826,34.5004288040808,163706871.33268538
132.32330622934498,34.61036808238679,151732512.27349278
132.38613781889097,34.716099139223694,328573007.8972608
132.47376439535697,34.700072988665696,142335053.64633358
132.53809045210798,34.5665804265903,151280217.60707608
132.54982240879497,34.4537711479797,162425395.74762663
132.48490315803596,34.37670623724149,167081176.86164337
132.406371065364,34.395602388104095,169728688.39376083
132.751572888396,34.462658360836194,207688117.18223733
132.847945030218,34.668724572154204,94091435.58734131
132.70655750371802,34.63659806512619,308341441.74853086
132.773635268604,34.7430751760169,209230736.51116475
132.772751033703,34.1146474517409,233195417.78249246
132.81735473955302,33.7961872012842,197259246.5947082
132.741470982021,33.771556553262,179675700.64904332
132.655177942188,34.0677062616627,237864404.17694154
132.65251417525798,33.913708775618105,358550234.622064
132.88135269578402,33.941860038543595,254522229.25646597
132.87226735440902,34.079703715797294,204682178.33761325
131.47247249789402,33.3694045264866,238184015.3084708
131.26879118139598,33.251887102737605,130551625.46971485
131.31873308003998,33.3883002810555,87492238.3902975
131.395215947655,33.4318218331317,241071967.68854055
131.325997410201,33.11065698949469,102193813.06716797
131.266926914508,33.126990956268,138276842.1659128
132.11222614946396,34.082027783034,124647684.39536595
132.21408372935397,34.02199144560149,319562083.65484583
132.18102714867598,33.9069152883681,163025755.19345868
131.828023282593,34.1626303593036,201320874.4338201
131.93381459573698,34.127563229367304,211929984.5192463
131.98419437392198,34.0329018384531,140421415.5459552
132.006600416427,33.9515288345673,172708889.11859775
131.687215371459,34.095356738338495,229005299.0092952
131.630167263507,33.9206812206372,599120140.527242
133.23457627656,33.74015373519119,298378718.1712965
133.252689195087,33.58987688371259,211861179.53653267
133.274552018586,33.2751201978624,82278877.42623292
133.54599099863998,33.306611609073,
133.44111715707302,33.055561806564,
133.183112233479,33.2110359169314,62323924.36368556
133.009054750968,33.055663716038694,79985617.88551474
133.13790294486,33.1473302894646,69466009.21871302
133.015881608214,32.9775283263591,59375027.90996571
133.004941762308,32.8990384931274,55621984.17054131
133.083832349127,32.9941145355723,
133.011628283589,33.2369104508859,96069888.45802249
132.89554600631098,33.152916493454995,81662657.08118053
133.00002222431098,33.1229592211485,67935277.74991974
133.055666522658,33.160128778821,105607823.09402457
132.882534280947,33.2486129231883,189162215.02625743
132.942972259878,33.2954373229467,32319081.861089982
131.361355294059,31.9887153172158,192124681.51896644
131.421253187004,32.0643771612747,37992105.16659374
131.436641771325,32.113931212374,80141758.09769806
131.17881033371398,32.6241114065856,322919332.7787133
131.09371941032398,32.3283967563414,210213573.67404476
131.027699406318,32.4714842754918,323674517.0003428
131.065331529396,32.6208875796672,182629395.73052078
130.61372442795602,31.3664001209592,181458028.19783944
130.533080693136,31.038923004279297,
130.730435152383,31.191605310855,157882772.5843014
130.72255069757398,31.3215748276035,310093183.2841754
130.480430735325,31.2892208539911,239970291.39032766
130.39190254569598,31.091713254059698,
129.948478512534,33.447084926669696,137202985.60293338
129.90208896528597,33.344759387246995,102886554.13032773
130.03077937162502,33.3857346496443,147623735.59431633
129.984389824377,33.2834091102216,135651875.09930688
129.925284892128,32.81305436240039,80187514.2507709
129.957115392093,32.6727173338401,139286205.37437785
130.02535101118198,32.8332468542826,186685521.80181637
130.07042055044397,32.9432925076167,221456801.11297697
130.16429313557998,32.91832833795,192917884.67594895
130.102604378406,32.2936775512758,171223005.60862425
130.07111856063602,32.402819843955,178265799.2760676
130.175273324118,31.775254755740097,
130.20460827033,31.676642631272095,
130.25023170753002,32.00274626498069,117417548.29133521
130.29534512907,31.8033395263155,144887543.15017775
130.349176655379,31.8671534986134,118313907.65082912
130.333398180051,31.9679481128106,200614079.10086453
130.47833699472002,33.213249540213596,139834662.0350294
130.53741403642502,33.1178088629025,107266909.79157676
130.616126527722,33.1944249048654,138638334.1561127
130.582861397901,33.3411576394578,234301049.49712053
130.497324039159,33.3475778433732,151687400.2480294
130.649322344475,31.7274726984237,120898764.20512342
130.685246128404,31.8046083894165,89959156.16503471
130.68563418292797,31.650073878079798,49876246.7414954
130.747019917074,31.647833369819697,98336117.45994373
130.76406255263998,31.7357201959248,75017767.54668137
131.64216197724897,33.269244158191796,136663483.76844618
131.50396700812797,33.094730031016496,251009354.00149256
131.491914503499,33.2741126356287,146930970.53446373
131.423786550309,33.1837827971826,205517278.795623
131.641995620553,32.9751281723985,135424691.73888534
131.62541590869,33.1005164623155,205535801.50563648
131.695482924621,33.184700751044694,159048851.10038164
131.10793093236296,33.063510119653195,128615957.67416199
131.11716680201698,33.1700396149716,108775256.2355614
131.037745441614,32.9778196772211,99060068.693361
130.96905753775798,33.211216702851004,125682189.0071364
131.037516224538,33.2377800175872,135775223.07538417
130.937338779951,33.0995113838334,163647084.50735694
130.964163577203,32.9929125934452,204136598.3398421
130.545077576661,33.60026150747971,200762878.86559233
130.62093403359,33.6819632328234,226833299.85969797
130.61986512049202,33.465776379337505,210476947.3411073
130.736629379565,33.651880590721795,103335064.77098505
130.72211902407898,33.454138364922,184389383.51456678
130.76302682622298,33.5585408509626,135116254.72063157
139.399580784453,34.1861399904387,88992880.37775561
139.384386594024,34.3897876699674,
139.306755367923,34.5226292288163,110913860.61354685
139.356117657867,35.1351530896377,
139.19838587262302,34.8639134969763,82708476.12727903
139.46247168140098,34.8987867333039,127522183.7840217
139.473155092953,35.0871470773857,
139.10351821367098,35.0014731329703,20731164.445500117
139.119913014027,34.9789601084979,22096767.076351993
139.25778221572799,35.039811418091695,
139.213941256929,34.9179592935228,160016595.17862114
139.232669660568,34.4047528313016,32882925.16080304
139.25750560672498,34.1991269979414,297764234.2418537
139.301953691472,34.256816937703796,114682895.9416777
139.114458572859,34.7130144333918,340013343.51458514
139.030861720047,34.8473689729275,97498134.87855856
139.143313553739,34.5312481958334,
139.03278941392497,34.5909990681486,
138.757141748115,34.754266998056096,13168667.029091356
139.05755498378699,34.913498159014196,25467638.027340297
139.086205925073,34.9486728108639,7104748.784142918
139.094566238958,34.9190206533762,19262776.68604515
139.06981112471698,34.9711858353363,7459614.423349513
139.03603010982297,34.9869800457573,24834908.630062766
139.015413655008,34.9589445269229,26276333.263675164
140.28667039328698,35.228985297145194,79652029.19541878
140.28676763689498,35.1759904681581,14308008.297709573
140.24152326511796,35.1910358398038,14992020.777322048
137.64956664003603,34.7596869746709,20720832.99004008
137.63392644754498,34.9472715263397,131605839.04084902
137.714734195962,34.9484945663568,167729355.4194121
137.757179567667,34.8811017019839,49963791.42219884
137.748464432601,34.8316037692722,57715020.73418916
137.73117058549198,34.786056009503696,36317143.06694371
137.69416923933,34.7724591123294,37549966.8925855
138.432525699633,35.1499271167539,160844635.7127908
138.45904866373797,35.0113081270392,56483733.17536836
138.41005990310398,35.0502916916262,87417570.782361
137.911026121473,35.1661876058757,125320164.347626
137.98199299074298,35.127669005121,150152929.88639224
137.90126544430498,34.9548090098493,91260073.05500431
137.875252142562,35.040933744181196,157043814.49839076
137.96758765808698,34.9332682294761,50353881.89389659
138.05552260704602,34.7495105987436,37719777.00078804
138.11974473085797,34.8468088866084,60764698.12082112
138.043318780884,34.8033267385914,54960245.25996146
138.237529027917,34.8879876586527,72290442.21414624
138.304705982883,34.93502013360149,68645562.5161786
138.31846560345002,35.012608565315695,75234323.12948924
138.033483141213,35.151797723341204,119903249.92468776
138.068179751205,35.2441854933069,285684435.5099172
138.177582663153,35.205467594484,106009364.41835527
138.087389996655,35.0273324911092,28824712.418830685
138.61298969476198,35.5656252861129,73100473.10788296
138.689894983464,35.534379604993504,177540659.26455432
139.178131131633,35.201188909062,143608455.740841
139.235390721768,35.6019973952049,165513106.64649487
139.214303950656,35.503594182177004,120904363.81397547
139.03905043776,35.578272460935594,98435986.09357329
139.188603081,35.7357864869577,138214066.79252845
138.54056298815698,36.2015862973182,172779708.4274961
138.09555662991002,36.2858452365816,203083686.2437555
138.116146017432,36.3934291251168,138185872.07092547
137.96384598562497,36.6207418719021,274337508.951839
138.02387142581398,36.53830572267479,109311461.42599772
138.076231242642,36.559472317137,70296323.05009535
138.049291993503,36.83728999792379,282605034.7903327
137.940522088248,36.784316525134194,272002829.1711177
138.167145353655,36.7420609347825,139774697.46099883
138.141237924657,36.628139050776895,132020576.22957875
137.90026977721496,35.805555285713396,158840962.1983475
138.018252497763,36.2960315761791,94996386.38119914
137.936615745588,36.3368657523531,81462271.27626836
137.98648206845698,36.3824488702521,97327944.76400615
137.74462652643,36.2870900260902,
137.90591790234598,36.2596305053169,51241189.854366295
137.80078654653298,36.425443891986596,169880269.58370394
137.86144657658997,36.346534088756094,51685061.24025594
137.639337226413,35.219819759124,127948564.9656115
138.19504522338897,35.916594932304896,176721464.6230362
137.99400357623097,35.8391798922498,141110044.2633563
138.02550366923998,35.7167085629409,137023023.3323388
138.136328455653,35.759932818416395,362915047.5876797
138.10931314412102,36.0315305279292,218512452.3223789
138.345076732071,35.3481701751321,202122812.77068567
138.301980472128,35.536990505544,
138.47094779703897,35.3615032400256,91756306.7395836
138.531286275921,35.496985888405796,102908620.23722672
138.524665644717,35.4209075823306,80809377.6455972
138.28785947103597,36.281582328915,104811954.27922216
138.428260372875,36.2218247679354,97851743.05923961
138.33333704949,36.13564985062229,210109297.59754273
138.25184928574797,36.1615897867026,135460589.80365333
138.37500390238802,36.338737471162496,95696744.2952976
138.433917040485,36.304919846263196,65926214.29478167
136.723662223071,36.687324450978295,157010885.7466166
136.673561183676,36.5382027939687,243715883.69227943
136.76375817974096,36.4510339127286,316456467.6617576
136.90593243422697,36.5441889476268,245536559.66153082
136.930271533407,37.343288240705704,115714527.63847236
136.965902066664,37.25689050501,152106398.02125555
136.825221326145,37.2514593941754,152764814.66416514
136.878831904551,37.1130585766413,166526412.91472062
136.78640482485,37.124253375716094,164597577.99170476
136.91238240916496,36.822186347439896,224527537.6050145
136.931119425276,36.657091547237705,112115566.3483289
136.839046210185,36.713058169349104,249275429.6240367
136.53682501865998,35.837241045487204,273767059.2191052
136.835528928615,35.2717073221821,85695052.80726929
136.85925730887297,35.383684649662804,141356532.4807964
137.13165897598196,35.29880632467749,104338702.448697
137.02422367391998,35.310208393023295,110616693.34606192
137.455616340339,36.8397356333358,98575606.83066368
137.439839534844,36.722996559744,187021792.12475482
137.60894825228098,36.663145536778195,175990973.50186273
137.515317279648,36.6696718147518,224707413.03543818
137.65270978902302,36.4032779224719,
139.78219985871897,35.669459353001095,170918252.54140937
139.786434095253,35.513304423389094,375567672.6464882
139.977741869229,35.7028072932069,92469049.63966636
139.986599080086,35.5899245472771,152988018.8264614
139.912414509285,35.4747684263742,361146106.33070654
139.888647042936,35.7950760970704,166362246.14921665
139.959287854815,35.797159682691,112360810.2292212
139.92974073648898,35.3345640612129,153327707.64272052
140.03682088407,35.3417089483194,149029168.14198875
139.908137243721,35.1772554919764,70112458.57590811
139.86049228536,35.233216365996,104116487.91408028
139.986695833743,35.166640251606594,59939338.02619533
140.046131022963,35.2297460127327,188317040.52062827
139.735292933214,35.94451716846869,83244853.35362108
139.848902704434,35.9454571701258,112539776.61390428
140.29282668759598,35.9028083031057,272839923.0864751
140.20701521293498,35.8705580977821,176513566.68585995
140.530178570034,36.351563587422596,176311236.46360862
140.477253973023,36.4497349496379,176701718.42397228
140.207975470233,37.4636795263731,198883282.70740288
140.00025637088697,37.2663649781346,309506318.8979466
138.52226583138898,37.218856494791396,180303513.62536874
138.480242160843,37.266995544405,11652975.68999743
140.891466220989,38.014324430708996,159525729.9446366
140.725062543021,37.9424215000545,172620751.44423777
140.696793336891,38.0694560253315,214523440.1011118
140.724613191294,36.1265173586295,
140.649491627535,36.3976812738594,
140.59113940000802,36.2219382422535,
140.70036953256897,35.8161196451718,173425520.66718554
140.52151556308797,36.0321178815213,281007989.22910905
140.556975586731,35.8417757213076,215875219.19701746
140.47569355907999,35.906138234412595,214016864.26373124
140.210338683888,37.3560531667521,98181630.8208742
140.114019370116,37.2770201481777,178592372.62895182
140.49308231669698,40.1392294866189,295046252.91379863
140.469458459319,40.4705740201851,264575121.03983286
141.334720227822,41.284671685276805,235721597.61502874
141.308181955248,41.139198219411604,166110086.97121
141.50132557895398,40.9861760984874,
140.97216695010897,41.369566085321104,259021643.28921038
141.08307901446,41.318062761168605,232431254.62739578
140.64284930183402,40.6204298617689,187040636.66601893
140.101052436939,41.102129767294194,
140.39791766744702,41.0682146738094,241255191.55150226
140.352696203379,41.2978084728,
140.202672690564,41.3915654464983,
140.49239587868098,40.742852400957304,158812156.994842
140.53458700914598,40.6140236341224,90699737.5006629
140.436520060155,40.5703305565338,109818158.28968038
140.371392476898,37.6755409207815,69091714.45812875
140.420458009854,37.579208939943,108669170.35224095
140.822485959705,38.1567464907453,145633739.9001773
140.73314625790198,38.1605604296466,146643831.14076367
140.964678379041,38.104361142804,
141.153602381418,38.1285307925973,
141.237347492736,38.3267140609551,275438940.5813726
140.694393433572,38.3412589136577,177628048.30427355
139.30397816900398,37.505930095226994,607451340.138539
139.443025276236,37.4836390985496,214112608.39518416
139.546671200607,37.9589563107414,
139.39427870804698,38.2469269367988,271358242.4555262
139.557231201168,38.140532035019696,217195756.08874723
139.435063719138,38.7342198289695,
139.240824011718,39.1450888506249,
139.090803791907,38.6528978259831,
138.96718786806898,37.8047260616421,126211475.36430591
138.90455614520098,38.2232447735853,
138.644024660955,38.089221320937604,
138.766464335763,37.9084541841258,389847912.54924005
140.516027221977,38.603042959635,399855042.4585825
140.44401764365497,38.340672240997506,222447653.5722084
140.56455309557097,38.4209242073316,611860589.3954453
140.329506489249,37.9535086009002,310858709.0004353
140.069559539877,40.493352036489,409993839.8032687
140.40235816668599,40.2558068087208,167010431.12494287
140.36464087212596,40.3864165361085,442024472.48128045
140.181397631616,40.3911996020874,348709393.71728617
140.099302028664,40.28191447569299,122928861.58474772
141.706848594597,39.0059973171693,3795493.9026075946
141.761959432962,39.0632175332421,10535253.96859359
141.63724801201798,38.829902322763196,
141.58088902848,38.601587692176295,
141.29139470747398,39.1154402907774,169001952.4485387
141.17600249451598,39.2320656514083,219010367.064176
141.647597160333,39.0470985023064,69831528.4925704
141.459889609632,39.23470462748429,227799579.68291506
141.415241374902,39.126259409423994,243197325.32345825
140.92337124350098,39.276165969268796,317716074.8058598
141.06827297854497,39.1959477508929,248226408.87362513
141.099561429387,39.0737757669798,123501922.59062478
140.87266030510202,39.4186351075968,273995846.2627041
140.937758088006,39.5352207372012,270643285.4304875
141.05114547813298,39.83114307300809,167284443.75556725
140.964482705277,40.0309198040037,168577788.5274546
140.93717030679,39.895714279574996,335267044.6631431
136.53751724942998,34.4628251271579,95126024.30365938
136.472036688141,34.5201168990744,98419970.3807072
136.622098720437,34.486048013636996,82003508.18412279
136.62479920369498,34.6468188506121,356597384.9052412
136.410325543206,34.2602922804681,72658663.48902023
136.454162935695,34.3310080778478,100627793.76478484
136.704527970021,34.95273076969409,133068764.87767363
136.779936548409,34.9762587833241,81720784.5467209
136.82580759084598,34.9274216158626,3193667.5920647266
136.827438364419,34.873747616132704,3376490.4543374297
136.762319346972,34.87688649388019,74324709.47322856
136.383891253566,34.959969177114296,166153233.0161979
136.21618441926,35.094790882928706,185664306.70604792
136.07381281117802,35.162958581143805,137092091.0106469
136.138611220689,35.22419160622889,171696749.4760965
136.011059963757,33.9078509371272,85781500.55899398
136.04959684301699,33.9453546770448,81401506.91106221
136.026779235006,33.8088970348404,21232343.164120458
136.07706763233,33.84499579527,40635812.13336913
136.120086140049,33.9088810897683,11618695.572399817
135.37604584152,34.8650771995944,153923182.10564575
135.394172268696,34.7809059485613,63092874.249379516
135.281032593795,34.85647478358871,117065812.48215455
135.22980172406102,34.7598839369727,84729061.12938271
135.284621201565,34.730574059920194,77779427.09161244
135.569195774595,35.1660241742205,75732093.69989488
135.48010265146502,35.168892091733404,191503181.11562136
135.421809771336,35.3603080152267,178533665.04499027
135.405502715538,35.2541761888041,171227127.39942575
135.663822850941,35.27466224166059,228442968.51038504
135.70429659316198,35.385114614318695,188087549.28940094
135.77594188458298,35.631208376147995,
135.390526476645,35.5655449074849,
135.58181841887097,35.7197929814682,
135.67741626479696,35.062123475996096,101810860.9745016
135.72347282867997,34.99461685533329,54755895.56215294
135.60782977080896,35.070271107818094,71155639.50475208
135.69419248700697,34.902859933276495,110512792.75331461
135.603727984362,34.8646492587261,190388651.9435793
135.563421832047,34.9645538126049,151011221.95711488
135.465132558624,33.6166404257574,66218458.91795617
135.469198885284,33.693658443852,85075872.29984857
135.530504550771,33.727106458716,48322211.08172552
135.552068757468,33.5654953754406,103123091.60912117
135.597295577667,33.6776721709725,86434513.56060775
135.622926111024,33.593079105791695,133626935.14837185
134.506080753396,34.1464231555194,131618326.55789664
134.45684422754098,34.087054681960495,139648056.10564488
134.38746206645098,34.0994144768574,87092073.38876146
134.66329188071097,33.990068383227,118250108.56510861
134.642371306311,34.1039133655902,170438646.382922
134.58357818621099,34.049330911048195,68389227.29875594
134.61480533985,33.8405750703867,49761332.667654514
133.86420330756,33.5907026141313,74770744.80918208
133.870517499411,33.82048030306439,132301893.32125102
133.82628201006898,33.74558497034669,162109044.75019738
133.876609646802,33.662953931276995,64149278.309921116
133.96553930628002,33.8229138616842,96887507.91854087
134.0243412255,33.78815449430189,106935041.86789533
133.50031500003,33.5635366976613,68937935.27387755
133.461498365415,33.659929402426805,127032990.19195898
133.692973292274,33.84945889291559,93009891.50717203
133.73421572428498,33.7552948125987,139889863.28558588
133.709796709764,33.646079251580396,133361790.3100289
133.63421720846998,33.604415722016704,133387856.01772101
133.577953128774,33.6321689707476,97024401.32365365
133.614692641122,33.87227213969609,135964942.15772867
133.54153893722398,33.83283723458099,151611487.13348094
133.53913649415898,33.728561675513106,177095972.7720557
134.34076480997697,33.7589443816053,109396037.24717502
134.401786830498,33.769758846384,132654440.25539804
134.430209031327,33.8948089617885,76167302.36779253
134.386020197319,33.9864702744072,98031813.36317089
134.310337583004,34.0013787974058,147117658.48289236
133.975591804263,33.4302952718031,12466013.406788716
134.040808208637,33.4274203706553,46253302.51399334
133.931565673983,33.5152578050334,70421749.0954526
134.160763758549,33.71925851592209,163763339.93172425
134.216302557447,33.6369957370227,242485764.00190267
134.040576398487,33.696920777919296,150217447.35573772
133.977226190808,33.6461669244789,95912610.96875347
134.05771142148,33.5062137851925,48039364.58540556
133.999311808692,33.5479384196451,175175648.55269697
134.208060361749,33.392920203683694,31148680.5832624
134.184327035319,33.505463385906594,148526316.93011156
134.12383764153,33.495247676912996,62493869.53636202
137.507528425278,34.866918981731104,84725686.54942976
137.60742535458598,34.778580251154295,74995983.51822335
137.58696596073,34.8570920181924,74348213.56029898
137.176724398989,34.8738317700498,91167458.84176064
145.415775418155,43.234479370341596,109402558.91321115
145.315742432454,43.3547438393586,378726695.1788916
145.55651501612098,43.26647554407089,73435406.92596401
145.45648203042,43.386740013087895,255402228.4090743
140.79085975264198,42.1758886873302,261255346.53116354
140.814467508297,42.3195192175074,201803598.9366918
140.636323921104,42.0619365813471,72194629.6126258
140.71521093828,42.043392386952,75484675.01916035
140.756212287735,42.3785682413478,248507809.7092905
140.58217137356698,42.38538700140359,782225719.6836753
140.515922689098,42.2344773125484,203168921.13218385
141.62677496609402,43.0896016295646,171332867.92508146
141.601907233116,42.9774584120079,150809928.3511549
141.498550266513,43.175351684701496,207964343.36013505
141.455142491058,42.9735004391781,236568282.55019802
141.377997496329,43.092187819919694,277429995.0771328
141.179270501016,43.181939591844895,102225716.57337564
141.160730458539,43.092231563878194,116742128.85725422
141.26573428377299,43.113121321360204,148302883.7601825
138.923078626101,36.6055602168861,125194700.65003754
139.01497817856,35.65894894614689,117635181.97899215
139.083753127044,35.745840098496004,297905037.5698259
138.844364148336,35.8066609231386,229295809.6817257
138.900593188203,35.621057794641,120625127.67525914
138.76581407746198,35.713200373128295,126130050.86863804
138.80544486732,35.629779998000096,267127050.29569778
139.161825762333,35.9546294328078,108654706.47594243
139.12331131083,36.0714917274096,240802912.17800805
139.056576494979,35.8713665922579,187327472.2459872
138.97120329648598,35.8866581932782,140042063.62519193
138.934267240461,36.208531120766395,111253214.48099549
138.81305992573797,36.19706415724409,108203020.59230755
138.833273304198,36.0873737130522,218554980.81006327
139.004353244493,36.1178264948028,195269279.0483425
138.95749449750298,36.0162558012213,163554545.2706798
141.690368626092,43.4135752922916,294087334.2336515
141.781747403967,43.3283155974471,307828074.556548
141.76430108544,43.5868732827594,214276596.99547425
141.960257657823,43.4285332713441,430059383.1070986
141.936131157381,43.6606801290033,247438017.6057329
142.04070895188897,43.5875998124325,312317579.1140607
143.492870451216,43.5524097184605,339066797.18192035
143.483449030119,43.7592074332875,203449742.89938155
142.983803892963,42.9143252559549,258243422.31365207
143.008493630409,43.0369764576081,268004102.99326187
142.888226768298,43.11252468736289,151223440.36616677
142.771055263287,42.8982511241955,368885522.9707443
142.73466613923,43.11043050113579,166585127.7653481
142.642184371665,43.0188081396216,400415276.6163801
143.30037538931398,42.4489719609384,286099183.08210444
143.158017356541,42.3647632953138,242578490.11870557
143.082109231446,42.490641870863996,156565683.49625608
143.52222658864198,42.874204208460895,161087681.27270466
143.360585551029,42.9203720212179,305211909.5902737
143.518399218084,42.6752161442574,190217057.4074754
143.58319085160602,42.7581065893839,87956995.25702365
143.973281515305,42.9876545449593,204097905.611784
144.039802182573,43.0630113445257,143765314.74258092
143.70403682913297,43.00434242767079,439444639.4280717
143.813774040981,42.92788984935989,266102424.72671476
144.02164156215,43.216056343495204,327122017.7886624
143.67300187627197,43.1673688563975,224382002.92585143
134.28066819357298,35.2387911071328,113460426.40895015
133.77388944984898,35.412171564353095,195721675.33434218
133.710899669457,35.342097154494894,118850364.67601947
133.72254140849998,35.179633968438296,152650907.27365273
133.829970077892,34.6323730406709,171864201.19955885
133.705145294952,34.70550147009659,179121885.4467089
133.69764127209598,34.8467587892853,248176023.3944963
133.909280776029,34.487987099709,149997561.54795235
133.828734411471,34.532546646642004,156501810.44397148
133.764765182367,34.4635917184911,22664219.361374278
133.73248387415398,34.1049920593767,183694237.9091108
133.616827500948,34.2746610297828,
133.66120880904,34.379758718962805,269090529.69285524
133.82513693125497,34.1370199126044,147644384.32040983
134.42376734555998,35.1233470410273,216718008.53509468
134.512531631577,35.121618135935094,173240379.69769275
134.38985637033002,34.6307622604317,238597748.91970542
134.468576237556,34.734897712178395,97913253.85296409
134.395628219754,34.4499049196412,
134.492558525754,34.3497269297754,
134.606467567044,34.3885670053794,
134.563084229145,34.7694599199453,51269755.42235358
134.691774658815,34.4957260107405,389485660.27485126
134.66660175969,34.6723054836939,463116363.78043205
134.571639566859,34.845247980714596,64404633.62198216
134.58349554780898,34.9484516539818,121278320.8532827
134.49820838404497,34.992938466188996,161950553.0174571
134.47713157527,34.8106857729477,100158782.24396516
134.428266252291,34.8816062681889,184185546.3450179
134.052601485858,34.4008646881548,145586711.61866423
133.985951121561,34.164781370181,135328380.26858664
133.884878099874,34.3998736636005,119613886.94076842
133.81221703670698,34.379190636110096,38131493.285247356
133.960414568805,34.3499979196737,94398501.70466805
133.936025254647,34.256245056230995,97478826.74593055
133.784997102306,34.30547310226739,119838108.77818471
133.83326885131498,34.232403266315096,166866439.88272783
133.271386311855,34.9013776228557,286806413.6233669
133.43065714651198,34.8567963337638,275477500.7475698
133.248828204558,34.6840129471638,195689890.1047314
133.175148696579,34.7944179228954,309869982.39065427
133.47455552956802,34.7086224459678,333759489.32766426
133.38896420288998,34.6427987593281,156259356.57729667
132.969897153786,33.9167344796841,161943785.82115632
133.07486199958498,33.957657290993694,190127572.87572622
133.12950631793996,33.8000823620625,274027500.3488077
132.987459147411,33.7387654670319,233987338.51803243
133.06839979586996,33.6756136401795,192424985.74148676
133.122090756237,34.0804306650951,371792051.3772192
133.26264568933797,34.222262517824696,
133.24213154762398,34.0452260575746,222491754.25358018
131.683678098555,33.722136359109,
131.679454264314,33.34694277088679,179566895.95965323
131.83199299891498,33.35298084301919,355212274.7144635
131.587158624801,33.4385654093733,126032268.8818732
131.57907079366498,33.5456684446653,149321879.9861316
131.939279859156,33.55512118329689,
131.86892356215597,33.7803717429882,
133.08244629774597,33.5198205457137,88611958.54465622
133.135569121599,33.3163365134853,126279368.64834063
133.18632317901898,33.4006511578443,125733289.83676115
133.161665738343,33.494012416118096,170508394.53071812
133.022296659978,33.421533634721094,102007677.43524498
133.050762043155,33.31141086076649,141181033.821323
131.289623081331,31.9820653472793,107709734.44745353
131.24926557081898,32.11663770936389,158809736.57667547
131.199991782024,31.9331229913377,157197328.24646574
131.159634271512,32.0676953534223,238410080.43913233
131.26726836036,32.55321267016829,190430931.6797926
131.394525456711,32.5866786935646,141493795.25069478
130.053241418529,32.639986203947096,161788940.7799289
130.08031882718402,32.7303664423527,169493571.65464735
130.12688241369298,32.5063672488456,112286840.85856438
130.274955608226,32.237369149345795,291239235.4661762
130.214705213868,32.327018275203294,127725457.90276812
130.407263362794,32.43245723191979,219544730.06200457
130.384004048958,32.27139343124399,289146349.7433068
131.740973328459,32.8236600947211,238143672.2012164
131.738163436143,32.954373729717,268025561.4969661
131.87756657443498,32.851701537962995,178694870.91342124
131.89130650697098,33.030156658999495,270441992.8594821
131.794437358188,33.0834312720054,139098990.2085778
139.23736944054298,34.708436202594,321870060.5466951
139.2741865218,34.7966891710812,71935098.69785812
139.34031012877796,34.6445463625503,105364261.50419836
139.39466669591098,34.725175112535595,28550360.78163181
139.377393936693,34.757716295091896,15156406.419641793
139.107236808441,35.0618554791318,59037653.59088365
139.04152129398298,35.0863659345078,92947320.94702682
139.03064534502,35.165912496389396,77622054.46089573
139.086822320094,35.2173850779498,52792777.5577729
139.1273832036,35.1490958802192,54231664.055773295
139.143773504406,34.253832299530806,9233158.507410506
139.08203715865798,34.4205375373398,
138.96349849370998,34.8430742511093,76318878.23363897
138.93657120670798,34.7684705838888,47312926.96100603
138.71220074933098,34.4671838065797,
138.591624948117,34.6310061067113,
139.019612188446,34.3461161202258,
138.957875842698,34.5128213580348,
138.79214062787696,35.0812158852309,161620229.95994338
138.08578718028602,34.8769337288229,12440120.345092796
138.062428559715,34.8546043189872,73359283.43043363
138.010267296363,34.9458489926073,57118174.62889672
138.067378787976,34.9726331652555,6334935.131301997
138.031851111099,35.00189924535481,53415729.54751691
138.42257578139098,34.70638703853089,
138.522709413693,34.8341551374432,465664403.20656395
138.39455781013498,34.9342353017592,108340042.21188317
138.33180942893398,34.895630434632,11204481.75944322
138.16593809772598,34.7783481646986,45229943.27398432
138.16801079710197,34.7211335220684,31501954.811397396
138.22943122111198,34.8159820905963,90192306.91075957
138.28091702535,34.811566607522096,20398646.45007321
138.19411866938697,34.669604216181,26113281.795377467
138.243531774249,34.722403375736995,67265472.05115499
138.135908047698,34.6893346739379,29993462.274090737
138.08018206752,34.635361510127396,26638159.865480646
138.023946185004,34.656444968237395,11311760.474394165
138.14409852190198,34.9498709877009,114850380.99395572
138.198389695575,34.9534158338475,63113623.00355675
138.13015218000902,35.0346951557691,69912136.38751538
138.18564823651502,35.1204424891782,59138563.90679013
138.26357209335,35.1202914549498,99708633.41508013
138.262367210517,35.038088967687294,97952113.09008293
138.92080243041,35.139344873750694,33823710.89790131
138.89006681427898,35.2084836181848,37959616.08713938
138.969957594402,35.1845071814016,64614366.335138656
138.939221978271,35.2536459258357,81365799.01060206
139.196136330933,35.353006864748096,53379892.14531792
139.175320816026,35.2997058893787,37330211.801365286
138.512929768422,36.6383433765756,119211565.03576545
138.43722159999598,36.4210652028993,101753257.50071576
138.36040393586399,36.516124077727795,364806062.9180142
138.398281511061,36.654620871329996,354051209.7337116
138.53677367045998,36.754562196531296,215059390.3516732
138.492083629911,36.918134620653,278563323.7320816
138.549598267872,37.0106009077662,163959200.01810536
138.674081131674,36.9727297695921,237568070.80738693
138.67400204958298,36.68445863925479,310444031.4528974
138.77325069039298,36.8453730032091,353273123.64186853
138.77893161224398,36.711358932956394,193849801.2969172
137.79185740287,35.390450815978504,241540983.74513596
137.912485578846,35.461242327786,248403011.1526558
137.932022954913,35.5976117008182,200596323.20254785
137.85741726289498,35.6714058639972,219661866.25228763
137.766163502517,36.0822693768702,206228469.81070703
137.834125458975,35.8783173234486,130067014.77539477
137.932646939175,36.192549867051596,66284294.95044025
137.995115211723,36.1833678200148,44268390.898433365
137.890298087817,35.9928308419515,160785080.65571114
137.866281779688,36.0944168470017,204056120.47946575
138.03216331320903,36.063176095722596,137308315.1075141
137.99371134879001,35.9707721377092,159199578.5331722
137.46379671222,34.9198315552779,77721257.30866201
137.371954727337,34.913855748585,66820035.116080426
137.290100366925,35.230233592969796,124983172.53944774
137.563457555139,35.3256333390411,125929998.23984419
137.47320293150398,35.2983803816094,128581939.85888165
138.39197344859699,35.807953986486005,151341436.76550782
138.39231697090798,35.6541849832575,172637204.33643198
138.481275164199,35.565646106364,151197001.6644837
138.48084176087698,35.8473395592015,165155589.4404994
138.56456213133598,35.666734602170095,146320180.08619043
138.564472250325,35.7946590517791,313171869.3716784
136.534832027979,35.579478411995105,95278497.72140813
136.57231148965798,35.7199159898328,166254854.85654825
136.585213635981,36.0136020242922,191898162.4049725
136.430782140675,35.8328423504007,281020996.89071566
136.328466166629,35.690331014626196,427518838.9478331
136.23135126909,35.7425354059983,167977660.1494888
136.22703400086002,35.8797069554715,131374740.99909852
136.25421521913302,35.997307579233,174700239.7047414
136.360848461409,36.00264736553431,242274160.70189756
137.013183091422,35.1750211764303,48909962.11024876
136.976084901612,35.2438981463778,103294699.3163958
136.89451537937998,35.2275731820375,111184733.16923073
136.872107630379,35.1107958816021,138679398.7503763
137.34670987540798,36.8056821620235,152642021.77754745
137.269727461086,36.9956669559774,
137.116143497685,36.992517289975495,
139.682210975274,36.0082633808766,115111796.38073294
139.73509521965397,36.0969881585115,160363242.25933
139.570339393551,35.979802396592994,141545522.33790928
139.89595017588297,36.202775565046196,137146933.48629946
139.89406972394698,36.0183977120088,148285924.46358573
139.833344197107,36.1061824879866,122100996.13887706
140.129838504711,36.3864919928994,136344390.72353262
140.302161317373,36.029290236314104,108612613.4503772
140.225940450222,36.1269006349647,172273709.9928999
140.41616400596402,36.0792740047707,152423127.80355677
140.44062346644003,36.2039149294317,192631899.85482535
140.287018541802,36.275055765636594,354290965.9890459
140.38769886942902,36.302086291647,198981427.42262027
139.890222088749,37.11807149596589,271924012.3885249
139.946158754523,36.982472595212094,309735454.5834145
140.124080070612,37.5320475042249,108074480.13441823
139.912571566911,37.4260253614995,251567028.07583973
140.012680285038,37.413765974560796,236077098.09626797
140.06581744412398,36.973381610401496,169695916.34387034
138.519251082894,37.3638506669241,4180375.165222484
138.507022729185,37.5789972064518,
138.440887643355,37.5192410180016,
138.56127475344,37.3157116173105,67502785.2422028
138.652470589611,37.303304692793695,171229303.5404628
138.67658200489498,37.41119993085749,202618166.07304803
140.812536891378,37.88118158099219,194363230.4962032
140.890530517902,37.8831277486893,69296161.38474226
140.93704705244997,37.7519852989125,54099959.01290059
140.86818830901296,37.6620326644089,212211450.54149672
140.78289913544998,37.724829656081695,229646013.5704224
140.88134923278898,41.2627052138103,218778600.41328862
140.717016914331,41.257844023644594,488882441.57644755
140.63548782805498,41.12049865388849,192417670.9094181
140.66449028418597,40.85720979874049,321301768.34905535
140.72030403891898,40.7240041249734,194045002.87936342
140.63355729446099,40.3506704787384,197526476.54934976
140.70888118798499,40.456833242733595,444739285.99349165
140.70130971854098,40.0565870020272,253073535.99241018
140.61946385727902,40.1499356725599,422156648.12194556
140.871491911953,40.1183654142348,190866621.27588332
141.174298451604,40.122133172088,303520862.44484776
141.098522559951,40.009454200778706,118273251.83772536
141.13798948952999,39.9242948359002,89539975.87981217
141.266731874004,39.889610538010196,177424134.4554489
140.32533066354,40.932863154981604,273759423.2367738
140.17848894584702,40.8730212747681,416578192.4864094
140.178978286908,40.69085899448459,255424123.63552862
140.38699183680598,40.7670864906393,255868426.15820584
140.33480738910598,40.6554327624621,180830349.57491168
140.63788853129398,39.901176526962296,270292227.03717446
140.388053350644,37.8486524678955,101748968.20066702
140.396022903609,37.7464554252885,105193132.46380068
140.497651773039,37.932146742632995,154841333.75255924
140.59267389321,37.8770415850332,215667089.97429818
140.53296088177498,37.7766858766077,205296971.83982432
140.48670218477397,37.56932990527859,124067495.71962015
140.648910805623,37.488617849291394,225327707.3794522
140.551903477326,37.450061883940194,205405001.41428643
140.67076208027697,37.654977755637,233270713.71759737
140.574574629984,37.6958923374363,190675765.67237696
140.71190257914898,39.0401273171613,140771014.3378789
140.81017929382799,39.204236176300796,274096895.39181125
140.831514903387,39.065159267049296,267713157.05453047
140.667297793407,39.2708952940557,199355671.9585277
141.03782034077997,38.716816107182396,95946212.06220785
141.085877271273,38.8199147099577,265629912.12052527
140.923353195306,38.954883268085396,235058124.66071045
141.02845629727798,38.9753589536454,238582352.33796528
141.350775915426,38.8083181760604,142535156.63096085
141.378434572617,38.8979381291688,174186438.45288897
141.23985212224798,38.7647013828426,134274228.29096627
141.183407017323,38.8487747126688,211619750.4862235
141.281905666473,39.0043043714808,160065021.24134746
141.19780190435702,38.9987577481986,99539169.6631559
141.246922678455,38.6340177728439,171800634.93470582
140.825099351673,38.2839859628589,146561436.1209985
140.795869021665,38.5067649900615,81104336.0537674
140.764048670685,38.4098093185983,167950397.54434183
141.09013831512598,38.6248710582735,93128333.17695948
141.127302788307,38.4175904110779,122578073.28820148
141.207550112772,38.487596268792,77548408.80857034
141.19015343927998,38.566112245742396,93909092.23525044
140.779137881613,38.6192595338154,113220887.8364441
140.861086995882,38.828873085363895,158560378.99084407
140.661509085669,38.6870889121992,261391241.86369973
140.871335064306,38.657362432144495,181409042.97979963
140.918133167361,38.7462501681486,122242802.86777796
140.62879803710098,38.8471026768891,442147457.1835782
140.740763942724,38.9077191569682,199226833.41118178
139.254817505562,37.6790601758208,430465673.9951582
139.102729672533,37.7417577624351,57600937.36144532
139.11524115126,37.6711908011703,135081462.3911424
139.079313631038,37.8198082572717,130057134.6362805
139.43045227366198,38.5094541841152,68180581.75244027
139.418322286782,38.3985823620729,375754670.8087485
139.581274779903,38.292187460293796,327462099.7812779
139.62324124617,38.552330879683495,70232146.67305967
139.688664783162,38.413290525109495,
139.670138232669,38.6156475753807,171292049.03745723
139.57544347975798,38.8128029588706,
140.35519319698798,38.0990073802338,113352831.72583464
140.329699679928,38.212694198415,99246432.45459437
140.479086863049,38.11822022942339,227072411.3353336
140.453593345989,38.2319070476046,199441286.21581393
140.26504970223903,38.252204583981296,128213983.2897909
140.29638560166902,38.3684164293012,133910109.19982597
140.15769610867198,38.4467289316011,187676516.1430779
140.24786247446698,38.4675352307631,250922056.26042423
140.379709005162,38.665298773431,224161404.43283823
140.28746532045298,38.6240562730935,153559631.62422976
140.191338800733,37.7673726543564,253714753.78439996
140.109965745519,37.7117288179632,253576921.38867748
140.00122719379496,37.8132623115984,410090095.407232
140.213166554406,37.9447352039943,400116564.9684911
141.28297798923,39.5629066456668,184548943.5034473
141.159168554745,39.470464580797795,209549418.97572646
141.20569047875398,39.3500770090923,270671322.50370157
141.40387523163,39.4765488013149,282886392.89289993
141.36573092644198,39.341896866521694,254054043.3823022
141.776884536969,39.1411249390557,67716666.41361018
141.690339695652,39.1361955580431,214459189.66149503
141.62199916038898,39.24075085813409,228815638.76599926
141.655256331006,39.39174898947749,382344020.749528
141.84867534717,39.28590451131719,108349439.72092062
141.79538767647003,39.431973261648,377207483.24547106
141.406166589138,38.7352465372884,81922610.40218464
141.462507374496,38.6826852289449,40492730.281780645
141.343132853142,38.641372358978394,152102243.88159287
141.3994736385,38.5888110506349,99592951.86436085
141.474892765833,38.8982456247495,133588765.72638811
141.59185045889402,39.0067956513279,111183401.9994474
141.502210527117,39.0154309857081,199832958.1005916
141.577032717483,38.7909350742111,
141.51607491387298,38.6573891471394,104949731.57198754
141.503574894,38.7560643632976,74798067.04134531
136.269819305235,34.374951769705795,181999268.44094703
136.341593007147,34.3096435171842,56323826.27115833
136.39991099476498,34.4821514643309,128030683.65421286
136.385430399636,34.3803593145639,93128779.59653884
136.42885354022098,34.7356039128846,120430484.25058852
136.481313996984,34.6329963559998,114191257.38389455
136.549495041531,34.7364754210584,182321977.74054915
136.533863488176,34.9223615762505,234083064.86280766
136.452791146221,34.902729693968396,191956764.2767033
136.078303065441,34.67005027690381,104662691.48226248
136.12205002364098,34.5977996316909,159461076.34595022
136.079783814018,34.770804898434,111987867.18713917
136.18599568176901,35.0004479175021,86374078.8690163
136.114161769212,34.862708530485,134264509.31854254
136.19440128112498,34.8831754925841,174946073.87146458
136.066749160947,34.976979951533394,106949066.46611263
136.10121360082502,35.0521060541718,63545087.60272297
135.583980752616,35.2943888534688,116063223.5953541
135.60851993178596,35.360008668831,23381272.78944865
135.51119468528398,35.403388597404295,187478129.85016114
135.535733864454,35.4690084127665,11154372.14430987
134.515094818566,33.8399225043165,66754045.24644159
134.562221552088,33.8747569571895,91098502.09587482
134.47051242725098,33.9127624925892,37908263.9165
134.495705754333,33.992064010311,49972793.26516349
134.55191497284898,33.969667815487796,77172409.87455057
134.28714876211802,33.864288802776294,106651698.19382344
134.26340568333,33.947242438249795,100286302.08241805
134.19551260998298,33.829506374700294,146466458.14295205
134.114429872401,33.858831650546094,97653105.26267286
134.150108730825,34.004759543964006,97609604.56399944
134.092769072031,33.951131184336305,139588796.8765931
134.07913499557498,33.3901235283792,55658092.41521864
134.12891025088499,33.3992930323371,87300030.30912684
134.15517330765002,33.3223053658737,44286563.16917486
133.826317386531,33.2422616437131,
133.785680847258,33.2760114113988,
137.450052860076,34.750941057016796,69538951.43117131
137.48734447720798,34.7937185611719,66581246.87525473
137.51767039098,34.6967136363012,29181874.918782033
137.554962008112,34.7394911404563,59371316.957610525
137.104498852266,35.0837759108694,143869357.68181077
137.141529635484,35.013526907139,143598861.5486175
137.096679120984,34.898911165526094,70603746.4353438
137.025383384604,34.839820610505896,199919389.22749624
136.941606493131,34.84931448502349,142852778.8003361
136.91636550748197,34.930753713286194,160944624.21953294
137.00858795431498,35.0936645442405,46999608.6825937
136.949082015504,35.0457642137526,178063185.90043363
138.93162064181396,36.865938277142696,157214180.19277218
138.880095894804,36.8191669690746,87049760.75640778
139.00690925219996,36.714553311486604,170163119.81771097
138.95538450518998,36.6677820034185,90962833.12852718
143.61711495219,43.473503475207295,314889107.93475896
143.897429464602,43.333702240395596,521796312.39688635
143.72504765784,43.28391897455339,444111165.2699745
143.618826507684,43.805393900845495,258730461.42865247
143.96303118377398,43.909224330430796,337457495.79528874
143.69205189108,43.6599599603607,324873771.1453453
143.79651960992996,44.03975922430261,564415302.4638087
143.631330137196,43.988449050833104,372317226.3401172
143.18121988272298,42.766419980295005,236284294.21599552
143.311778578881,42.802163070628495,304900887.7911064
143.40862798297198,42.673104812745,190961340.7590882
143.294306662914,42.5664163863213,216623506.37096924
143.175022789161,42.6156185099502,197500778.13538387
134.070648390987,35.320545396552895,153663106.30835435
134.134207711086,35.2569210659556,108249983.27699652
134.119219206753,35.438857608481804,127163149.81603746
134.212079686443,35.407090063554,157448473.37791777
134.22610992327898,35.3190999871083,72395349.1170004
133.93060186037397,35.254178755880694,283596009.2214753
133.84492086933,35.2837262848323,201572540.0000924
133.96096993659597,35.08397638148699,101764919.91581926
133.85596589805,35.0266735246791,135383246.5574276
133.799843017566,35.1203291761773,204988428.68681428
134.133693575838,34.3372454903775,238429869.02018413
134.160380676861,34.1114202148302,201210385.32048246
134.091432525699,34.1949150358464,260648908.2891425
134.23063056117002,34.398388609787396,155682733.09512818
134.303108332668,34.3114852519923,182118356.47317427
134.261301363783,34.1265819268407,131170932.43121494
134.315695763799,34.1863694534901,101293979.80537215
134.00850027975298,34.8576790598157,236443006.61111864
133.887308340159,34.703111756425194,143170468.77864406
133.861418502735,34.922137014708895,222442235.05716732
133.807949786808,34.8406567218864,190773018.90905187
134.09137004194798,34.5720565655883,179633216.55507386
134.009069532822,34.6763295952425,212463672.62276682
134.076792756489,34.749416605810495,189289092.47581655
134.205226488498,34.532756953942496,125904397.75037885
134.271932410572,34.6267109369379,275734744.047644
134.22579918768898,34.739097559151695,156973003.7165137
134.068319567226,35.0559312282828,249460218.69728518
134.11039730569797,34.9341704165817,281770801.99005693
134.250501253902,35.1252820825038,104144277.95827463
134.16047873038798,35.1503614863126,231325029.74580628
134.305965706902,35.035868460093596,77388969.14873013
134.324787861165,34.922807357001304,206218499.19733113
134.248800094035,34.8601380322272,229622428.079665
133.192481966412,34.4027285990784,182168666.34774357
133.24320701673298,34.5226352348823,139563967.65758985
133.18301866617,34.5966320031321,176553409.30799112
132.948279895728,34.21942657711379,174980222.6310186
133.04984168186704,34.2335506782291,286222674.8467894
133.099718750328,34.3788121519623,209257740.1853811
132.89151213307198,34.3044448094403,135106599.83765793
132.995182488333,34.5581462724234,278701014.61357284
133.072532942514,34.5188004134028,127063329.97558731
132.87138660582602,34.424843354714994,227835334.03908747
132.90068098276203,34.524432455142296,141512156.86623597
131.385978568152,32.219017935317396,244058131.3619563
131.46448426013097,32.2871252432388,213445418.51729625
131.27578230221397,32.2441563898872,221983289.337843
131.469426982476,32.4159841433934,294258487.39009917
131.396658856683,32.4865435524135,119728741.90737306
131.20958115965698,32.3590615495554,190049266.24285477
131.269401760332,32.4530775290172,150249534.92985025
130.344777778644,32.6517000511119,70305916.722522
130.33523194998898,32.5529431331247,157024616.36206177
130.19538525939,32.5517351392695,193958575.14308724
130.251722241795,32.4815284583064,186140693.64616477
130.313285598177,32.7221397924333,27809867.424094837
138.967058657658,34.9477316109933,45259084.00020227
138.94183676010002,34.8979905212664,24370430.54617148
138.86669169535799,34.91393204862089,34072514.12220958
138.817263135375,34.893573601335895,84465076.29787077
138.814398201897,34.8287494693974,58906217.0404731
138.761719233654,34.8091878250908,7269531.80540933
138.671600206458,34.8793210833969,71828923.77734831
138.898793628177,34.7578464347433,51468100.4085986
138.847710916959,34.7835674973798,80260977.85012722
138.870850519434,34.6726587396981,38954007.99695696
138.794561395776,34.725128527861195,46116741.87097901
138.812011063968,34.669775802020695,57605741.62304487
138.515281413234,35.1831653932605,157679578.56522772
138.082440321672,34.71417212194469,24634542.074214112
138.107685733545,34.6900581015879,19536271.30694875
138.052312311441,34.6837262741673,12370129.8281602
138.077557723314,34.6596122538105,11870269.960292256
138.17193226158298,34.6350183634455,16177327.621674694
138.154041364185,34.623402805784096,2354383.848925135
138.143281420287,34.648266692813394,7557107.419041203
139.12363863809398,35.3898202890375,71619968.19177052
139.062156303609,35.508946673541,73578964.26429598
139.121847227253,35.4811663341861,149507300.6191699
138.970306899468,35.4127328478858,88876400.01780565
138.978159964083,35.3239576939557,142104601.54906303
139.06507255528797,35.306291531081996,80428781.42670606
139.102823123187,35.3365193136681,48076260.257072486
138.678516038139,36.5142513290214,338792772.0715215
138.580132810779,36.486460329732594,77105462.50073121
138.72152835314398,36.2648108555634,137269436.67732266
138.76982666282998,36.3951680572062,369489353.6894009
138.59949865733398,36.2733704818485,120587944.36921674
138.524492628687,36.333259087722304,72384066.67689914
138.54230221755,36.4076789496585,114660570.42267787
137.690162646696,35.5051340531745,272223076.4401538
137.019510615273,36.4586708632905,316254212.4884657
137.51090125129502,34.9982262816879,125368602.73982395
137.60159345116801,35.0354932162884,98499938.44402872
137.605651865286,35.138590812497696,90471427.05527692
137.50911853625098,35.199476187018,136054405.68831846
137.45427839081398,35.106312650970004,238467215.8132952
137.31038058203399,35.1432136125048,113467081.65931907
137.366897963064,35.0861286639039,157576042.87847936
137.331678838662,34.97206648792889,71569492.34104952
137.24144000011498,34.95535489592189,89411704.135776
137.22598287264898,35.028349711377,117778428.20683229
137.308608982545,35.3583462154263,183262574.4503319
137.380354020657,35.3904144166188,147059820.100563
137.38674237842397,35.5221419728791,180511570.83806816
136.75834474780498,35.4696294616554,96973512.3455824
136.600996890831,35.5302070709553,106491755.26290622
136.641595913856,35.4181803787449,82033158.16760853
136.580448402552,35.443153094223604,77631574.00872666
136.486525472451,36.1229740663275,286672292.09213996
136.36820317586398,36.116418102656105,161162410.8718941
136.438332412239,36.327729503735995,180970467.52032775
136.51999243542,36.2513481289707,269012250.3327452
136.29422688423298,36.2814354456048,155430645.76827788
136.257564610827,36.1984981071681,79699425.16999136
137.04531027838198,36.80234568003839,137744880.94002187
137.121452643384,36.80952926760779,58821474.17747204
137.047131732885,36.7123726639065,74536559.67062733
137.335815354969,36.5924947655619,194987369.89084888
140.140628605593,36.1299598623447,123036993.87662178
139.98816242373601,36.170259541640405,146999168.51274127
140.09913438876302,36.241139594926196,119589975.90536667
140.03697427872902,36.253617215705994,119256838.0354633
140.196135081057,36.62474825322389,96688938.68083549
140.106572561538,36.829314391564196,157977090.0066608
140.026148524746,36.7115394465699,242898680.98465893
140.046247894608,36.498373324313995,253944214.7785904
140.07282739305901,36.6075433835496,184741047.71820688
139.885934520882,37.5535537060563,234987200.6943673
139.900561791342,37.706636492246695,414649581.24109316
139.58539899410698,37.5972599189979,315923970.5590591
139.656600853209,37.8214745502924,
139.79042901238802,37.8996925710414,
140.15536506179998,37.177625592960595,184998978.07371232
140.139369151551,37.06405880610839,192007197.74981394
140.33108538801,37.229168160521695,194944271.24754602
140.25168437557198,37.256658611535,107533161.41865803
141.310278338922,40.6945780602075,93470121.91210054
141.41475196718102,40.6580115072285,92383520.20238619
141.52704988626598,40.5676208528646,
141.485189446062,40.7827920049308,
141.370141888635,40.97045544870959,42554880.079964705
141.28788932138102,40.5993414521541,129836166.8805437
141.39236294964,40.5627748991751,140037134.0719704
141.229786522242,40.4559086298708,244078802.4263566
141.19783628425202,40.5672054684072,78622725.72885239
141.428579014338,40.4276690541108,205339645.16643685
141.35605562406897,40.35293876855339,200089979.7008432
140.75828934667499,41.02464669237659,233311284.16564962
140.754474764838,40.92094344573839,99033706.51250057
140.93623397709902,40.55299726603619,237607591.96420422
140.83001689653602,40.4314950778035,293662130.90697855
141.365748404694,39.955389130493096,221264687.6194306
141.511439400804,39.952183252113,193049339.44951755
141.522192405396,40.0928454871494,219711466.1046902
141.3993709821,40.1995663793262,202996105.2296635
141.312781911873,40.1027523996924,326518674.6798175
140.013255747486,40.224768110900996,28623332.54375932
139.686062723394,39.6689643888318,
139.952401956807,39.9348805495563,242477826.45616388
140.343911358618,40.149760723056595,122970740.34226413
140.434635508629,40.0331834009547,114623965.42846353
140.37666353640597,39.85819827221759,289737620.75993466
140.719815761085,39.467339025384604,218234155.77477452
140.62764519906298,39.391529004811495,177290016.7411056
141.47227381775397,38.5061834408889,49104468.47653656
141.39674006188497,38.5109844787371,103662812.01388171
141.47687263782598,38.4114147373737,77824145.22403242
140.96218757148,38.26669235205959,69202293.86758274
140.891588805396,38.3038951120782,80856956.32569861
141.041066869428,38.3817383519757,134621009.1771902
140.871352025943,38.4219984248991,67399860.77571052
140.922182992338,38.513560335125696,241494872.14453772
141.021299069739,38.510503022220895,291080485.5887353
139.41642110358598,37.886699821779594,209206279.0132889
139.334816374875,37.8087273214761,226346968.46561658
139.757759986284,38.7260572543086,216340780.70301017
139.663065233373,38.9232126377985,
140.168886352869,38.2077151653681,115482094.01352182
140.133425545971,38.0992682124813,216501918.555395
140.110055886504,38.303120711526,133152764.55866149
139.987349801673,38.404795386375,314324153.3241885
139.86989932789498,38.308749955212,
139.885777483254,38.084289186867,402378630.0225432
140.002859240574,38.0234391564786,247760396.6830515
136.351683194694,34.558285054877096,111050869.31677221
136.371348431307,34.6988580465054,121800322.3713276
136.26542889765298,34.5218011576317,175639780.43608138
136.215165067872,34.6250358657951,190245175.66102117
136.325897540184,34.807980230195696,126568579.20773593
136.25596847379,34.7706419467308,193259439.4676694
143.927342366346,43.514640827394,287462949.0962361
143.829897498474,43.651314046705195,374651818.9028465
144.047796919686,43.6327947631521,186121992.63380608
143.95035205181398,43.769467982463304,280592314.9754476
130.26162488476498,32.7887176249842,75255820.12649119
130.268085645291,32.7187126565145,63118851.17775629
130.205119729179,32.7896132387472,65004135.932973124
130.16621496004498,32.711696996483994,46622129.1312403
130.207640397087,32.6666846485023,45714846.28466613
138.853918259496,35.0391044847921,37642493.588590026
138.86157222068996,34.9744773811488,81520873.79093495
138.92932196170497,34.9892293081419,57524152.2747588
138.94566853355101,35.0552399770815,41843284.09901054
138.91364919913798,35.086966295799,22970068.020266008
138.57003401076,35.1257349178824,35364024.02130748
138.63563832633898,35.1611255887947,46509824.650047846
138.536267057793,35.0535130767888,32609068.62530345
138.694855334046,35.0835946213335,135415097.39845628
138.620196444015,34.9827288722505,235486741.52707922
138.713180404689,34.97741974588289,121390946.83570255
138.518738237517,35.3202097107915,34451512.69834486
138.536587412421,35.2672500736182,88417290.54938103
138.572456085195,35.3796140530965,22714869.125933416
137.761550430537,35.690512201839,154935373.10461932
137.696783154579,35.651747339046295,173656746.9935326
137.751617883891,35.83166776820399,99829152.49128832
137.54383037472,35.434986756605696,204368646.46741334
137.59468654859398,35.5231323208344,170522970.34724385
137.459964108852,35.5394613554343,118534915.23386544
136.70462082406797,35.9742837001845,267598040.34416255
136.80295199663396,36.018157383710694,324009087.47505015
136.97697173958596,36.32931922174829,163910242.94196603
136.816647150315,36.1496531638176,331558178.18553656
136.79637695753698,36.3408374331453,217877616.87676588
136.700849324589,36.2619819841455,289831342.76196384
137.06428195102498,36.024712679448896,210563126.67462915
136.965492537621,36.141312144003,171740235.5491427
137.030289493944,36.2421227529339,211958812.55450544
136.971200700081,35.4429664835532,209267443.59939677
137.04126272984396,35.39007178821841,98858995.3224461
137.18892414222603,35.5344182307972,112731208.55836147
137.148698031906,35.378669719872605,84681717.35031712
137.214978773169,35.430583462312505,193992402.14075726
137.194010843505,35.771157449841,86483575.99290545
137.313683045088,35.6567013395967,202052319.3242355
137.23014867602703,35.6416685560254,161086015.0930467
137.24937498320398,36.7074849080643,95488388.40115851
137.25425726825998,36.6110365851945,162060857.1314885
137.177701714581,36.714481679650504,43786405.17303942
137.113482250503,36.676948117715405,97061138.45107493
137.11104812393998,36.5361489167103,245787047.7654496
137.180149873074,36.4772341557756,104093162.79733038
137.333649991527,36.442071330409796,252004472.67801046
137.452553909946,36.476790529476,229903789.4359439
137.23608481568698,36.361014475572595,170543836.91345152
140.13074362419,35.9992729436769,112130522.052263
140.111311987548,36.0767540791218,1755865.8914488305
140.060843021616,35.968926720936004,156170326.11715463
139.989519194712,36.0493073850657,131566461.73566625
140.021005915725,36.1045761376377,1967661.8574218892
140.23519212162898,36.7036536762258,87059375.86634643
140.192308470423,36.8042237515458,175639630.59171122
140.348484427932,36.7205085759006,128515673.01600735
140.388430132962,36.7910098927305,103586117.40901192
139.45165097358,37.34884718175599,134316533.59774616
139.323976255662,37.1620659000855,180839855.87152505
139.40952230686798,37.2033528006492,178492538.10536158
139.48345281307797,37.1348431916286,191795503.80385143
139.277498413911,36.9843817792746,310458900.31400543
139.44049059639602,36.443343685161594,314771865.15234476
139.39202089718398,36.2756194659276,308242180.80890197
139.43664856730402,36.1102614517161,295961142.30067176
139.53382376547899,36.099021222184795,255614347.4775187
139.618459237752,36.979327306439096,291164607.7099444
139.48396691166298,36.9984431203332,180275766.28757712
139.393007241873,36.751695712875,337300195.72572476
139.363558563702,36.8892686085429,280966342.9501306
139.31663847617997,36.6617349248535,183781124.16278374
139.351795403469,36.545725201986,198469522.55007088
139.172033711436,36.633432751687195,198588777.08884084
139.27315197859798,36.426909485745895,109837751.76548453
139.181943643677,36.4661159183772,358331598.0065136
139.88577921974698,36.866374947138,204767473.0762397
139.92501387255598,36.7395090173331,189208974.22520453
139.975419874785,36.370427617164296,97244546.8327134
139.953989374716,36.4698313277991,133891482.2651368
139.88628796220098,36.3166864378197,178972704.37561047
140.91792002201097,41.0846748162972,211722243.17625803
140.876389222173,40.98396166461959,156137062.92985585
140.95244293604102,40.710822959221794,450632363.79478323
140.853957335586,40.795623536982596,157583217.63418224
140.872574640336,40.880258417981395,33245892.05675509
141.14462309277002,40.3833540103917,296235587.20996577
141.027268859367,40.43551098717239,205362800.70499235
141.12477151146,40.2256239309771,188999860.82375154
140.95600482648302,40.2003905698989,241230055.97230133
140.92105177880399,40.314008798939696,261902584.69179982
139.762216740564,39.9297183298299,35376698.51289255
139.862885599338,39.9822409783731,128973257.84445882
139.922422218414,40.131646696640395,247079500.4152977
139.788606268014,40.1585318141931,
139.89663040785302,40.290945495834,
140.046873415383,39.949852198908296,134386066.628243
140.12310702792598,39.8027362303098,169145273.0812397
140.242183225782,39.8630861937099,389433535.78650165
140.25199589441698,40.0673485271004,384299165.0573815
140.13423686816398,40.147480406777696,321778068.00111294
140.048190586986,40.0903340419857,103799990.49249183
140.70770354242802,39.584454968619,192805166.99754032
140.627952101703,39.6493514106591,156096021.3531852
140.83049560866,39.648765920214,162780669.90718514
140.82602261267098,39.812256787825504,378161091.493521
140.703548324658,39.8282797283712,241137750.02427384
141.45693499179004,38.306886731553,18043199.512090012
141.44475915616198,38.367669922626,29218371.281543255
141.361015091406,38.348174066073305,91876242.44739749
141.303252714888,38.4291718578174,118110112.3574085
141.379332639468,38.437215849004495,58163606.39703602
139.171737127764,37.8789663155409,168329955.84671065
139.292592950973,37.8899358981396,238757.54192719166
139.183902661089,38.093327806914594,
139.34149528358398,38.146559789183996,
139.374197679684,37.9679083984431,241531.21469954515
139.852033827957,38.7455729192136,200433336.38629755
139.94728608511198,38.592168316874705,307785738.89421076
140.076854653626,38.603625705687904,326618098.0171031
140.14798836620997,39.2830529794989,200608369.08484593
138.593868720384,35.349142693537196,33693607.169330314
138.64153966614597,35.2122878520567,37253246.016924314
138.597241349754,35.260981861502096,15946646.754389595
137.6750134551,35.9661589390752,164538033.87993428
137.679557127354,35.8658205015891,122128105.90736495
137.624469313353,35.7713723280177,96966515.49929912
136.67091898458898,35.749024716669,212462614.28866664
136.75483970167798,35.8270314482157,161255987.2461377
136.68076530652502,35.6113418613315,160360773.9170039
136.776965652195,35.5757369675103,233267291.854281
136.98630703929598,35.5839598571391,279951506.0117065
137.077671435276,35.6126284149966,169391516.11670598
136.872962594874,35.6655475458876,208843343.8437124
136.86068296629298,35.7791591712555,123725455.09736311
137.102996175882,35.756925323862596,318266667.6806348
137.029209751929,35.897231957795995,328139646.7674563
136.91672518484398,35.8823356422432,142388122.49987492
137.596057108191,36.2550192161586,
137.48953220174698,36.3220055451891,
140.252978789451,37.0303555531041,148240895.55225307
140.26516299090898,36.9145877173788,227617725.2665073
140.34799234714498,36.8845189588887,108583254.11859547
140.348375712138,37.116431888943,145136723.02561682
140.436370318464,36.9879546676167,159728213.99590033
140.44893788491498,37.1040997619457,146785016.33654737
139.55897395687498,37.35665024903789,167008146.0687458
139.75716736221898,37.4733161819445,163056453.8340145
139.65487813883098,37.477373507837996,321867447.34328204
139.783804408248,37.3457878373877,170836037.7359074
139.57814895918298,37.2312586011234,183744500.9403988
139.773878844237,37.1852349682803,277455534.54201543
139.67879858654698,37.1306328833682,306408977.88081026
139.82953336489498,36.633985840372794,171455020.84348822
139.845614449959,36.5273994090819,114349689.44272172
141.13111281393302,40.68506159928209,116344549.99250472
141.06191777746199,40.78374743071199,194131412.91530237
141.28552238476502,40.8709405065324,207539882.21004674
141.22881835240202,40.7565597447525,276319240.7261851
141.223562451378,41.039683277234396,443751164.21104115
141.095525366367,41.1168157335507,430054857.77632314
141.02118409123798,40.990288660190096,182849962.24898884
140.28484546913097,39.4979287951017,240326387.27423275
140.51255514255297,39.598227528558596,241130995.13249815
140.500136021256,39.4575210659454,188235140.79680365
140.393358673392,39.3875031721017,326154797.2699265
140.37154508830199,39.7056847527615,347562267.476708
140.49247741386,39.7359655923747,230925621.51168892
140.51070590749498,38.9489075483838,264072997.27518132
140.407098739248,38.85114959748989,258807120.60862514
140.28100884616498,39.168291613116594,243273641.76158568
139.88393958039597,38.8862034124245,163898975.94526634
140.09696112277797,39.666586279666504,261867895.89753094
140.173956419145,39.4906874466423,335948075.8288353
140.11197231484198,39.40415876104289,143125665.91610157
139.968546172224,39.7441875630954,274383925.2927613
138.67830798228,35.2648116548178,94497802.57817218
138.70220089275,35.438139868596295,132160970.67120247
138.64008760803299,35.3628358840812,114070031.74124177
137.360940528867,35.7541662451314,159062852.53540733
137.542684029366,35.7820162521855,168842668.3023773
137.454400298622,35.6790433175088,93647338.15613237
137.51952177249,35.680389530873995,144117727.12004587
137.591498804067,35.9757769828413,104456372.34296271
137.575690441728,36.0538695031416,96295749.10795598
137.514257192334,35.886082469523,89571874.12128589
139.72813686222597,36.656329655434504,222772220.52114934
139.629486044961,36.8355866446095,367214913.96063966
139.745789103492,36.8036311011501,263383683.2604418
139.524442397043,36.7171295628357,155795193.4396107
139.53676882427698,36.5247872579898,221782628.7159122
139.79918175702602,36.3503973350595,196572679.5428242
139.77993874485298,36.4617065956869,111743295.18219273
139.710594993255,36.227292132810895,220848440.3953324
139.621195120803,36.2577861807678,240917989.48427477
139.61537141989797,36.4506855965637,299095436.39988405
139.68552828017698,36.5315008092342,106825201.2858216
140.433378667659,39.2707824873375,166686438.89824477
140.39590183904997,39.179918058355796,188333836.8487947
140.51384702001897,39.0978723140841,127402086.29943198
140.60307778605,39.128475602782494,115994947.18411022
140.579808609867,39.2201666704254,141314424.08659855
140.302511235711,38.9131259205711,303540589.18673784
140.250262677756,39.0483177627015,298734411.85606134
140.226909709953,38.7711523523478,169947435.375304
140.106465408921,38.771528084104204,369766395.5856521
140.07699833592298,39.035517298875895,270221904.6771664
140.008802592846,38.9007011885019,304504659.5350216
139.989314378529,39.373496221270194,81583792.80181897
139.754144457873,39.4236375826326,
139.922883532278,39.537626190298504,
139.740787427043,39.09149372634,528262237.8553415
139.867387932393,39.034968836061,120154240.30467574
140.025330429897,39.2523904397262,263049451.77628323
139.985086568019,39.124828609518296,227946558.30406433
138.72596853574797,35.276438666000395,45154920.049774446
138.837512220264,35.2421951266968,120568378.06504051
138.78414763392297,35.192862141488696,136616118.96472064
138.808241550957,35.3710401105765,103785699.30368249
138.75679753587298,35.3840943253578,60280531.839593336
137.406852880506,36.1750286376831,154294069.77064312
137.464129322289,36.070977614826,146119779.22958577
137.195984726097,36.0590240653005,302895731.0005116
137.430811181103,35.9714038961937,216092305.63550416
137.178154715943,36.2003019251016,262144231.70888034
137.27230941286498,36.2487567671328,164722479.89922217
137.251927194624,35.94577546962599,135435463.86477748
137.335322510925,35.9137514813451,333451097.5268581
