lon,lat,area
143.76847110172798,23.153161739937897,
130.88113346771098,23.667593406959703,
144.0305451717,44.5283231733549,
143.025193313607,44.96716006327709,
146.108150240415,26.147908645296898,
146.097534235455,25.994993521671898,
142.169911646994,26.929515394138498,
141.588438293478,25.5390853197183,
141.87972010571698,26.1671446428381,
145.516060881939,24.6045634472517,
145.80734269417798,25.2326227703715,
141.06857384178898,28.0999328136912,
139.030932113007,25.877357906076597,
128.404064506047,23.077746903175797,
141.545443520052,45.39475982669099,
140.918061644514,31.7580894281112,
137.19257184075298,28.785454548995105,
123.49796357853899,24.3114735055104,
125.105641471338,27.1687801446039,
125.06656594594799,24.7384207731804,
131.14132941884696,34.7916764157402,
137.488229861994,33.430275039493196,
137.894292005052,41.2031326233318,
134.573261241342,38.7350622287211,
124.43498779007999,24.3820576760541,
124.733822196984,24.5754101318748,
123.907786772121,24.273119080336503,778438313.1271707
125.748733372383,25.3071026136423,
125.52163684763998,25.2699379398147,
126.67098305819098,27.871783929527997,
137.11027031172898,33.1498612453437,
137.159438414427,33.185846486459695,
140.90142485835898,44.3368052683941,
131.87560490728802,30.092469597085497,
132.798448263723,30.655465482199798,
132.85322523214498,24.067757841847502,
133.83656506499398,26.5458136774809,
124.07625030408299,24.431478205840197,
124.376354797299,24.503252127730196,
125.558340263598,27.1963348368591,
125.858444756814,27.2681087587491,
128.076517570683,25.5568829121144,
138.252999397392,33.7699876638333,
139.020902472738,33.7517559238563,
136.52144982966598,38.7282225977526,
138.279012835788,39.4061730542601,
141.389531759454,43.9640650408113,
141.164338677681,44.9424139688007,
141.782827239306,45.4370971035399,35837887.41964996
141.39871006153197,44.814591140028604,
145.06431205134,43.955018901849,219539439.61247593
144.89424479976597,43.9205246019573,426305923.35811883
143.93005668488698,44.235056240981095,
142.857016486305,44.208473479189806,344854746.4570964
143.064639681909,44.3148752712798,242632515.83128998
132.074819650488,32.6979266779869,
127.517295181848,28.5188066394528,
127.919224178262,28.717672700857797,
129.060288393762,30.019076786433903,
128.47345056008098,29.128885004514895,
130.83605572926902,26.716019379875096,
130.379770159056,27.4960242412548,
128.91084818261098,32.921937752305794,
129.36058043822098,31.3362943828341,
130.512816176457,34.568044413843594,
141.496717149843,33.7037836532298,
141.56949864763197,44.320150961991295,482055841.6282986
141.48752693895597,44.138855649002394,
141.84382476560998,44.754066658415404,295934369.9594996
141.612600287037,44.4838589415561,461303823.8255898
141.607629134202,44.6486792665419,
141.488092092435,45.078804483051904,
141.42644878738201,45.2966542385643,
141.25372070858398,45.20662731182399,306869318.6371264
141.663832506636,45.3389915154132,55084145.95002969
141.919771860141,44.8461038961045,214423846.59156588
142.044266802735,44.470896182295,704529551.4253069
141.79328698989298,44.4474010590423,137570361.89232346
141.887411763141,44.562486597337504,383043457.3030436
141.75018535048798,44.283693079477494,160661359.71920514
143.423642174736,44.157648918820804,290141685.89078933
143.387138638788,44.3003233132878,167388654.8712932
143.244043133103,44.148389926812605,316812329.6189384
143.207539597155,44.2910643212796,263611170.99218434
143.21912028563702,44.79660519113669,
143.570565904227,44.4959218998063,
142.70662154397,44.24267857867109,243508112.86302423
134.064325286694,35.8298089990995,
132.10204013816698,35.283260287436704,
131.193159745296,35.167518350121306,
131.88891876576898,35.67444890866229,
132.55363711728597,35.42378220084,
131.798422256325,32.0306474542494,
131.885178833133,32.314503744448196,
128.893897611171,26.0286653018238,
129.00298532130898,26.1261080195775,
128.09967311823002,26.8346830116585,301182487.60138416
126.473418723267,25.757336348432702,
126.782465642151,25.6727307925011,
128.483903531346,27.384713882070603,
130.727878261431,28.238354640124196,
129.496480506855,34.2187149312855,
129.00589207393799,33.38275084738769,
126.94527960912598,30.449097589053,
127.23281713916398,31.122789280146304,
129.311745182235,33.625369412438104,
129.514796085114,33.7876418052426,
129.495059955591,32.765712255084594,
129.519967071297,32.4087719963469,
128.81672590244702,32.7264889154775,218760172.81630796
129.073066699137,32.35421109798239,
129.208712966487,32.437987342186794,
130.369505888919,34.289863700030395,
137.791882470363,37.4319566526444,
137.473721316327,37.7003703885864,
136.113469601769,35.398332429738296,154548881.4995427
141.726298012794,45.1095994712451,411601926.4569788
141.867467551095,45.008375595645006,400816291.47674096
141.72931034819698,45.2797595768661,219772666.8029426
142.010232896466,45.1561491848082,458929558.81602454
141.988058090835,45.355478648535,322412620.8722189
141.848305080867,45.3778651649928,217490549.52486846
145.043913801369,43.664049942321604,123217067.54296103
145.110284296989,43.820629282821606,151356028.02268475
142.147043137407,45.0762900265227,449455811.83699083
142.350628916793,44.9026414074546,279580782.06413007
142.17527876356198,44.6078266218816,362282295.9253729
142.094370818499,44.7914542746132,171252251.40436956
142.178876750394,44.8738668158682,302116369.4554642
142.49250059487298,44.832537389557494,483308323.0253665
139.95588941135998,42.7155885496131,
139.987322884365,43.1590217431923,
140.298000290184,43.579046527846494,
140.02597335559798,42.4556684522223,
140.02336362992997,42.270857688147,437197246.7509457
139.78237097160599,42.4256275392807,
139.77976124593798,42.240816775205396,695581717.4212068
141.784994529222,44.168423029302,236441078.90378654
141.66440697585,44.0138874524052,323772229.5031397
141.734149280922,43.877930020174794,498736063.11001956
142.84607606378998,44.021532119862,829768450.9031783
131.077459289832,34.46356678165169,
131.235243633153,34.5119793062484,529273667.2225206
131.796015810327,34.884667615690205,
131.700748194708,34.806186221947804,
131.54690788027798,34.716287233745696,
131.76619230964198,34.66962507009539,151604370.97253326
131.378058310257,34.6071367422198,562726230.8672839
131.374510408416,34.0714068748977,240976827.15054193
131.299799120292,34.3203797214564,271992537.5282239
133.75492576974,35.7658731923196,
133.903639120251,35.7993646101762,
133.37559587985598,34.3210365914295,
132.13529566894798,33.165518504127895,707439261.305859
132.354052647729,35.070048162781504,120079132.64673081
132.73169893598998,35.553703532407496,
132.347849708085,32.9015205705615,
132.28284062630996,33.0560281642569,447562458.36509305
127.02543990229499,26.4319019514594,
127.063310404866,26.297221169884498,
127.227455102088,26.3755620393474,328619479.15453076
127.67894350539899,26.738048941031998,
127.61738640839101,26.5274789494704,
127.98304699534201,26.779843902451198,334540523.79395384
127.40129063013,26.322364075009197,
127.539647329743,26.3670000569646,
127.546192851792,26.159417649614696,211669798.240782
128.023897346565,26.5231289045184,117753946.2012369
127.99215810414,26.625940325681402,292682948.2259521
128.195761885059,26.942642241655797,375057715.77715033
128.329869406299,27.123255769830003,
129.42400753821002,26.7522019159263,
129.20501313650698,26.4139378573818,
128.26208107581002,26.8639120111329,53276011.6496533
128.177194195347,26.7062614807626,
128.80482119970299,27.676420950446396,
129.61648573179897,28.8309938636082,
129.688454194233,28.3905881499174,323523393.0658938
129.796444877418,28.8216759918219,
129.86841333985197,28.3812702781311,208255439.2489583
129.886822395429,30.612071679014097,
129.43811766039002,33.2237081712459,
129.26791081944302,33.0648658503999,
129.466291456062,32.9261534833572,
130.02396500313003,33.6395562796095,
129.82491523009801,34.023689149480795,
130.154114376891,34.0860380389683,
130.485650186661,33.7777917656784,124441666.0441586
130.03014782478598,31.212199074605998,
139.550095804779,34.785561812595,147485219.45175424
140.11902030330597,33.7665580674939,
139.548181582887,33.2574045016092,
140.608932993804,35.5787400495054,
140.325765040098,34.6930454798202,
137.920295817744,38.0607020138202,
137.840297128413,37.8929042066124,
141.93995283184202,39.5848225181937,26709590.658879537
136.22521794581698,34.0624426140801,79971316.54005884
135.889359495021,34.305633499559406,114442484.5158839
135.757152297063,34.2339351451119,199262933.44438168
135.789879537345,34.3374212524662,113020610.896918
135.846906397422,33.8270458944396,40359576.28168851
135.923171003532,33.80240541206759,72945243.58270295
135.783102535113,34.6696344101613,128059012.8568428
135.791987063238,33.9727005821808,119851797.59131524
135.80160814436698,33.883839871473896,130644583.86732535
135.50986045538698,34.0792987412988,210827777.0729986
135.668936986143,34.227223002726596,220660689.8905506
135.679270922646,34.087630776012,106622646.59696646
135.612874279641,34.0406302795317,255754529.62048578
135.68882971667102,33.840711887036996,168580638.13085544
135.612811992537,33.8825721012636,184755509.36654723
135.344601909561,34.140747755782805,116728936.223881
135.276403700064,34.164807635220896,81350059.66463175
135.21300398733598,34.08789935315159,65062966.70212028
137.315083488363,34.5319243618767,
137.166585406323,34.524041280263695,
136.15850454782398,35.4777766578543,130117871.0693261
136.10553035244,35.538505247388,75019514.51279561
136.30352402775898,35.534393214632395,226795251.6539205
135.11634118458298,34.8504805614042,148620454.7761081
135.114964958886,34.7645542585605,137407842.64718035
144.187383826266,41.9036050960791,
148.418583170682,36.9470101884741,
142.33865394107698,45.1504834411059,71262853.24639376
142.257051768777,45.14651931522479,162695406.1370277
142.37949045368399,45.0353876065071,143018009.13201565
142.696596109947,44.3866811693052,355575543.1877973
142.503858898929,44.680586605488905,432531776.4676034
142.472847040425,44.397624455533794,385824265.3799456
142.35274517181298,44.5422525049491,491435807.3935249
139.84080715406998,42.000018215802896,
139.656949148376,42.1168462671627,169294132.04873082
139.471035608256,42.0934006202952,12244215.444449034
140.191466294649,42.470208818706894,
140.04682967642398,41.9764498258776,117794375.25583573
140.16924694347298,41.911124314415396,261392094.40867117
140.106574054722,42.123318790179,192483094.3433742
140.228991321771,42.0579932787168,334362833.0808507
141.04122264384898,41.6760787733202,341044815.92174494
141.50714265385497,42.284128554594304,
142.081921493556,44.2254329017446,599605150.8199948
141.947342016183,44.121102890455795,346535176.4139989
141.947900453667,43.9288475909085,400858270.24515533
144.802767028458,43.7475068391306,606454996.9077132
144.90646378441198,43.6254217985223,293302879.57534206
144.270124721349,43.3888710219657,418384982.2480345
131.661946058643,34.6193468897496,11520010.723248525
131.53070271762297,34.5578577479454,16108688.212096803
134.57033366746202,35.5276379925555,131687887.22596408
132.49585156975198,33.4987572212568,96908792.5809238
133.299972749592,33.86252405660189,175245477.65660793
131.902482215955,34.6507852525989,178433074.85554147
132.27739791730198,34.9170449492997,256843757.26390246
132.84268295647797,35.3945434563402,154497221.40594423
132.86990873362797,35.655678713202896,
131.40293985185403,31.676660696465397,76210371.29501009
131.368611305052,31.7650286747838,123927019.55354036
127.656974985804,26.1646783864884,8087855.87238634
127.68829996632599,26.2375800122634,16707404.126143822
127.710627816651,26.1497739190842,84370033.98573253
127.76338680689098,26.1782650543524,8727289.678400777
127.741449567501,26.2262959011207,103094197.0068239
127.86872410210799,26.2421813914128,11906231.669501571
127.81773355167299,26.482166452173296,50699117.80761538
127.88840175747899,26.538832866965098,178241009.73984054
127.7931440742,26.310403448524802,101075216.74405663
127.92014099990399,26.436021445802098,78581147.56286088
127.87090680381598,26.334944540503496,240659248.7734891
129.028039022355,27.9218443039899,
129.293959187679,28.5203290175331,
129.492122276055,28.7144601931407,
129.564090738489,28.274054479449898,
130.14362369939698,27.418182338223602,
129.720017437593,27.120631428956997,
128.946796974039,27.783392351236497,
131.168621309385,31.680760693424702,510093586.23639274
131.28439420760398,31.6595066730393,200128662.33228022
131.208275646888,29.3509193631918,
131.03960170263602,28.9581946729218,
129.640957417719,33.4536464931141,
129.626269839957,33.22715114591399,160013577.12231863
129.774984130374,32.715547080103796,164410189.03944263
130.245409569792,31.3737731095866,192609699.08100638
130.380340002066,31.360889523740695,211952143.9106934
130.41883626205498,33.6346919817546,224112424.86710548
130.589915162454,32.3931200536977,161186438.09730938
130.573989411855,32.2301671136214,209988777.17791164
130.672576432167,32.2100079534057,250609788.50958493
130.685929723371,32.48563377839999,159506546.65609553
131.259290708205,33.4690225680195,134690294.99650925
131.14405369639198,33.7204110063282,
131.25741154614,33.6669895260105,
131.125424636151,33.895156739673894,307643978.4903789
131.235263684481,34.0591691507925,200877583.92428234
131.19864073714197,34.1806148206776,328651890.5488652
130.89101515610997,33.3257065307232,137252368.71571174
130.80213457839,33.3244200237201,243446939.1907709
131.338608498966,32.860965787445394,237717221.3791236
139.610298760548,34.9435731728787,648008915.6277555
139.56762741477598,35.248022664884694,121887681.86133225
139.69344790813497,35.1870380669544,127734746.33236808
139.74680266545897,35.070948919030194,262776168.72652763
139.59267358324198,34.562990708597994,
137.84866037867098,34.9033393906593,41056033.21349327
137.978237759637,34.6450205141304,36664285.35801825
137.606000197116,34.5060407651619,
137.442060016107,34.5290914828596,
137.876924508642,34.695762176456704,49053076.82209928
138.642408279276,35.65867709133509,51038593.38179424
137.52996111845098,37.136338504749006,
136.88923597404,37.5424447420638,
139.425568272111,35.808644703407396,121080357.63976078
139.320737992854,35.7100916220345,92069324.87062478
139.394107845135,35.7056296452768,111417598.21278167
140.479301821551,35.550742760514304,
138.166674057456,37.0239223904847,157006265.3473924
138.068569225587,37.336887340193094,
140.90102651153097,37.5730489750011,123383915.28487079
140.84265973212598,37.4732283970572,269266678.4315045
140.92380714657298,37.374372806604896,255129613.79162222
140.954007909528,41.5498579466652,280706216.306042
140.83070925395998,41.655013572051004,279079890.3901304
140.23876225791298,41.77478805407159,431298383.59856766
135.95455074524398,34.413978325326596,235654479.7809968
136.061786907222,34.447832091611396,189283249.89939696
135.893629721289,34.507659621593405,212134578.32836065
135.89787680987098,34.6258713269073,204514691.24006632
135.971880058806,34.671415419375904,128091978.49761108
135.22591765583996,34.9077657253149,106901521.09411396
135.656535743058,34.69560535647359,43358973.701780595
135.738723696774,34.600391809447196,76384727.46314591
135.787178664126,34.498390462601996,87802439.8912001
135.748619730405,34.436496919242,112793895.11141463
135.671716721475,34.6160746723374,80412236.7148246
136.49845544933402,34.1523323225436,
136.33924415205598,34.137239781282,
135.926798670729,34.187600101413004,182384361.29708424
135.86816528132098,33.9955926350799,181658025.67196366
135.843664451649,34.117234971296405,195334642.69595426
135.831502727943,33.7576383105588,58689115.86687647
135.865392165327,33.5875584012507,50611218.16995072
136.038636419169,33.7735593126327,28917568.956453618
136.22368343595,33.8293359960732,
136.308514028709,33.944264264096994,
135.910872596829,33.6344618627688,37144191.142073475
135.93726715710898,33.730346869975804,69775384.89832865
135.894333927528,33.7061776881357,59084332.42627134
135.99214641863398,35.2484591005701,179521227.9398409
135.928146319284,35.187820229397,195610203.4667902
135.996301816386,35.3753007388044,109653075.50699629
135.713538782184,34.7825893412052,52995364.30187629
135.77309859893998,34.77230125778309,126846117.90064706
135.973360807383,34.7721700409061,145670234.7682317
135.613519145148,34.3415443431159,120839140.10075662
135.68003371302598,33.7299527993868,150340695.5591333
135.79475923932603,33.6053091160017,124854808.30952835
135.777408471243,33.7036731999429,146855143.61998868
135.50130860732398,34.202968020134094,118870788.521056
135.42393035259,34.214403854436306,167906237.29534027
135.554916392676,34.3160602424475,62749111.91176371
135.518660791932,34.4178775197015,91451856.09458075
135.25294065327,34.2433372258098,118447823.4452509
135.12823916466598,34.1435846860614,91684545.60097767
135.18007320074398,34.10566275530039,16542331.258151038
135.145637164692,34.2439320053259,135400417.9447549
135.19747120077,34.206010074564894,25968839.56929344
135.157731028518,33.9268858164489,12050935.082672218
135.19920263760898,34.0066299072423,74164420.65221596
134.986984611534,33.8990181044988,
133.49538395985002,34.1935943739258,
137.33928666780298,34.7015153824119,105019717.32112537
137.587144199571,34.6814685446295,38914909.55660134
137.04180177926702,34.500329112717594,
136.943115092256,34.465416986945996,73707798.11116505
136.870809436878,34.4174715503025,128698922.36718942
136.15343493483599,35.6473261955382,108938318.36149538
136.10611882691998,35.7404868015459,155133781.6833024
134.91019179491698,34.8392050300701,116996456.93037607
135.01784533181998,34.98708956647079,180042044.7726749
135.026059596978,34.8918098390631,156241918.0409543
134.35005751728,35.882692707533096,
134.948053681683,35.6826420332679,76506553.06047347
135.09728086413898,36.6257162230839,
135.776765225574,36.0352826600118,
135.723738082152,35.932103320311,
145.02795342090002,43.1026680407928,95640037.29812272
144.022910455248,41.849444269036795,
145.009714281663,43.3790335898073,203058185.1488203
145.653045442113,43.29237797723519,43552512.76510003
142.80954251751,44.4824963368302,429287378.1004589
142.73690717510402,44.63177372359859,382353228.1091732
143.027191147137,44.444895538286104,305722525.8716183
142.89428629895102,44.6682410688327,
142.725548871048,44.783724507667195,
140.477458932525,43.219048680564896,244934338.25428903
141.08512889278498,43.776941503369805,
140.7543928197,43.6757432642058,
140.561056741908,42.6118893742344,516638486.28637725
140.18570736059996,42.6511096838112,350070930.3768006
140.193732861303,42.926530327658995,
140.356181531478,43.0503487149153,
140.382934715892,42.690233059749,500647583.82550305
141.535842640236,41.902468013465395,
141.94327706605202,42.076753451178604,
141.213957042015,41.564127921525,
142.11233636843102,41.9989103426013,
141.895204623777,41.3484051672912,
142.25935682158197,42.459901158575995,292179020.17497575
142.428416123961,42.3820580499987,199084370.03950945
140.377141075314,42.2746514527326,435250561.0883124
140.382819977367,42.0881674473315,371187937.4681576
140.715195089865,41.85728397132149,22819872.00480086
140.786486863308,41.7785933881668,46420051.59915393
141.66048776447698,42.5579459437836,
139.25817818279398,35.799289489688995,111849092.67398512
142.258146532623,44.1747082170537,317486404.71235913
142.528324702104,44.1870774830034,165898316.47289872
142.41609674268898,44.2706286133881,277114466.38581944
142.345423714032,40.3959034846521,
144.4774014816,43.87136518472399,384610699.2079064
144.61930111021798,43.72375957409459,317852676.9809131
144.28389232111797,44.0969785234671,
143.96268140208898,44.096591701819804,
144.63724746206998,43.99564470119609,
144.403870062144,43.970232548998794,49853460.32334528
144.89618098612797,43.3877530137777,306598250.3707274
144.81229468892997,43.49698797518911,165998906.03984264
143.985941192544,42.8417402521812,
134.023828766751,35.4897223841622,92540798.12948391
134.42781453080102,35.59697184647669,14723492.031095844
134.48632982202002,35.5776203014914,117291432.13346367
134.452978897446,35.441060312855996,162691034.68778822
134.368975052004,35.4910426217919,183865907.5182222
134.26540259695201,35.491446257091,144000911.90276545
134.310459760785,35.510394166777196,16631215.939274207
134.48521335367798,35.356974665595,201178818.23088363
134.397604052151,35.244617449107,349721806.97727036
134.867751866001,35.6170914189849,199448051.58190858
133.524970847532,35.3749383493803,214511220.2506842
133.10740585487397,35.9770797778821,
133.277641116312,35.781674863994404,
133.00145361115798,35.7126463135398,
132.35906828278198,33.3485188549293,232724639.3901204
132.4013532072,33.4849763204847,232645899.22023103
132.21599849119198,33.343051186750806,365004494.35401934
132.362353850859,33.6601456657983,411207842.6651066
132.70756376641498,34.3337829763302,233201313.40964532
132.565385642316,33.611487406444205,146715294.51399943
132.63409752710697,33.556549516116,179860684.42470285
131.88287386032,34.541588297053195,176375434.23868057
131.748492689781,34.5567306739974,189893392.31333804
131.723499376029,34.413720607767594,432450924.91580415
131.51675106626098,34.4432518573473,285915446.8854289
131.62300109352898,34.361730932921695,314947094.09017074
131.596486115292,34.175331445068,214267068.47231036
131.428662146034,34.3009312668297,243221924.07577905
131.466750486819,34.1734040901561,235562718.45722973
132.01973930574,34.8107198008779,115294610.52164382
132.002188897623,34.7019809951793,190645898.66170406
132.115006921359,34.8892011946203,109516882.80126141
132.18537318402898,34.8324024600618,217536997.8903838
132.626586134988,35.267021932767896,112782808.01543361
132.758363692581,35.3082748687284,159364410.77200115
132.611980002414,34.6724326013142,237044218.73493633
132.920112099456,35.176665320666096,128978878.87167737
132.76867094175302,32.8513066084599,118929532.44721082
132.67667078268897,32.77716183967829,117097239.63575909
132.382217860926,32.3616991601013,
132.245240246724,32.355990630677994,
132.917501157243,33.015435926886596,103857106.22655928
132.806393875749,33.285914785295695,145021435.65698698
132.773304068394,33.377612123978096,153203104.01759973
132.710067782655,33.1876101927381,128966701.90740822
133.34508506790897,33.569447025569396,150825971.4437374
132.72373114951503,32.906497943107794,75116632.80491109
132.631730990451,32.8323531743262,81872086.4951992
132.45105979604398,33.136430519883895,137997561.48148888
132.44658463027199,33.2513885279334,187364737.31149873
130.871796668151,32.189709027501294,201038345.19270086
131.12235186345902,31.8459684453306,305386015.75067896
130.96376945995198,32.098509937989,325182084.97649
131.561076706587,32.173724599104,
131.509830338403,32.0876701947384,
131.40221053812598,31.880087211112798,202526508.8940916
131.348212895097,31.5477174330813,92112205.8963526
131.28424801889102,31.511856928157098,152623989.2838171
131.21334365337,31.165862486394897,
131.08645390361397,30.8913421761714,
130.89220303064403,30.7937184661854,
129.734904595395,33.1308887044542,181160946.76970384
129.745133052447,32.988733362743396,201006036.4447609
129.893289561981,32.914737999686395,220243615.96489942
129.803640857748,32.8794163338729,253746974.99414435
129.875108530266,33.5705639591982,330765592.5130803
129.74537271847802,33.491599165134,
130.19597988658802,33.5707254357156,122080384.13853686
130.12942427281502,33.4403828382789,189563507.8695749
130.192567154562,33.364328325490796,229882382.919898
129.840253419459,32.2223282865825,
129.86383679755198,32.5444409290968,286869580.77092093
130.51457367068997,32.472498548721,302549709.17844903
130.430438515047,32.742639328941294,228697148.6218027
130.528202994288,32.6839237277553,415646399.52940804
130.02744348858002,31.729432425431398,
129.9779599041,32.0328520637664,
130.106017810362,32.1756346670781,177511091.09837016
130.43599106307002,31.4406075054786,105273471.69222973
131.065963856157,31.5882718492341,214420974.63066342
131.127554553138,31.13387350128,
131.190479426688,31.3725333065793,146500992.0527376
131.08796816217298,31.427694207270896,308492014.4176937
130.97504162595598,31.413006662505595,258757404.62610486
130.48253046199798,29.665752364409702,
130.083407631606,29.404662739983298,
130.13983233523797,30.1013459020329,
130.379353484061,30.361462207134302,146088800.71921313
130.286174922849,30.5442112677339,416093324.308563
130.22372103552897,31.1519296504845,
130.18997920338296,30.884222358224402,
130.46109490243498,30.759128310213598,
130.32198241840797,33.077655193337705,408240003.6532969
130.902963284511,32.7927219401793,233670275.1131193
130.775426396142,33.1730447317632,317344867.5216215
130.859036214324,32.305818138429004,144147200.18880728
130.749079664412,32.3228562821109,133617377.89362767
130.746507205017,32.4355291670289,169984382.4898716
130.920537266937,32.4512996614884,318033249.0978596
130.856713299972,32.5460671307937,197317675.4728792
130.820354732859,32.7388898959221,167924544.39560428
130.830390055893,32.6504410743555,156387510.72113538
130.71655233080398,32.607527974761304,110396212.08755696
130.634167093485,32.7264394290933,289521147.09339094
130.673895983532,32.8249927121127,157399343.86728868
130.532635677642,31.9269402930027,195031197.56821728
130.938868583622,31.637600052920394,156448188.84734294
130.89122767818898,31.532608684440596,152239927.41280892
131.467504818045,33.5708583120933,138005661.93335122
131.447197928937,33.8986587121083,497896760.5480554
131.389142788365,33.7253037180081,518867630.7697361
131.030957200506,33.460670448315,218673939.43770647
131.047191826881,33.582764704335,126076167.2115618
130.917575126514,33.450413875741496,186693933.15051866
131.18079720834,33.3800810523939,170893910.35261056
131.072855916882,33.3625264180329,193910160.51613688
131.048553840666,34.268728197791994,166375111.31785643
131.105179800837,34.17737582160989,129192027.26037723
131.01767782857598,34.062210329644195,168497619.54495132
130.846647030033,34.070220575872796,282210287.97262114
130.961051868405,34.153562705826296,204087265.40421307
130.932189098304,33.6308363710209,125336059.5624692
130.869602350938,33.553529854779,152737876.55598694
131.80864863691798,32.686396030167,
131.01445469758798,32.7589089534828,110972614.9629519
139.87397500362,34.9550602490562,10155192.884793265
139.88019131526,35.030025337131,111462083.60253347
139.83020610761398,35.0020281577956,41318597.13549658
139.99354376221498,35.0826432598125,77974726.41612191
139.91498517219298,35.093258500182294,89035308.00323701
140.259295397727,35.593676620032305,123874119.85830909
140.346533226405,35.626409560410906,124168765.33299614
139.485660648939,34.297109741687095,
139.39146335961001,34.049476390832105,
139.497598928325,33.7308979565283,
139.790240651226,34.5984426453831,
139.652545628772,34.295463703974,
137.758723326609,34.6914078032709,34746549.269657075
137.88672544845,34.870846739916,34811400.51032574
137.874882029577,34.8219657934995,52680284.59945249
137.941619685144,34.733780634564,49904363.03074509
137.986697053623,34.704122430347695,65697855.4951831
138.025394596815,34.7190647509662,11453684.007990006
137.939856258171,34.7915872246602,44480529.798524834
137.828101824732,34.8049605115311,56970924.85570377
137.82838087682399,34.7365634845845,67383778.01537733
137.78152607943898,34.731578422807196,21385200.48942367
137.780201705223,35.0568569893641,171492949.73273274
138.667022720919,34.824400256362196,148104616.5818459
139.306274472684,35.6040486020637,93918956.62183443
139.00402168431899,35.0417777987673,41349261.474670686
138.92466544740302,35.5403813094297,122666172.06084797
137.623710709221,36.942463737164694,160349184.86757055
139.514970277683,35.6282625927558,139940837.31826797
139.428061169463,35.6125079050488,102773633.19377835
139.372837425723,35.5366056646986,88563840.39358085
139.573865044284,35.7071280177579,70691578.09414229
139.572944149716,35.870080647865194,168092142.3996507
139.51841636304,35.7943883881815,174427645.62191552
139.635555417963,35.658143535029396,27252125.390504085
139.696270649166,35.6969785441401,167500061.31735212
139.853195035158,35.8685708245293,117755343.75434712
139.683500366322,35.8602366067011,131058718.10826978
139.73714534462098,35.8078230275832,99591914.93393561
140.081325793134,35.5461555739455,144038813.58203816
140.353939479039,35.527644171937496,82050460.3539849
140.376160150083,35.4320296546788,152249952.2983102
140.30978530156497,35.3140518536388,111031061.12884378
140.266701650361,35.494911231558895,70832759.42347932
140.243677949628,35.4143420859459,155481019.39720592
138.84653559783598,37.6743146307561,112989268.14907582
138.63918886791598,37.751768375940294,
138.697017657792,37.8321463050102,
138.43771671714597,38.1316227257064,119088860.86389808
138.47278791634199,37.8008415104694,
138.294248455407,37.8809926532202,8853984.497272762
138.360446631594,37.96344355797179,86405113.12703045
138.330680458509,37.1279158800957,162167799.57721075
138.211635624183,37.145816060232,169161213.1604772
138.22179599471102,37.398863990241594,
138.28214536583698,37.6168309713636,
137.70106017350102,36.706307893110896,353403432.19690585
141.14188612649397,37.80844567797659,
141.146879250465,37.6843806123906,
141.257792114736,37.4277003066549,
141.09041577404398,37.081996147861496,
141.88948410255298,39.715149527522705,141498863.79755807
140.699287104156,41.6452588682856,336541196.873732
140.39334575801698,41.74422358682399,311472951.01415557
140.64426906317698,41.819038301937596,173772308.97964656
140.477659099173,41.910734015782495,326946003.4676373
140.59238142912602,41.9246772899823,280366905.3889112
140.62137305634,41.4464185863024,
140.43318658353598,41.4943232263593,
139.20698543924698,40.1033082434358,
139.67861367837298,40.8559972660059,
141.82933609128898,34.847504851005,
145.988219574681,30.177614459747698,
147.096737995086,35.544152059983595,
143.089353143649,40.59966190643879,
135.096792179679,35.043449244939296,169535060.18802443
135.224090961861,35.1836172410712,180195918.67201456
135.214582916094,35.005454681442295,120717039.37138602
135.27807257316,35.0784454799658,162875937.2987747
135.277019638464,35.259667897244995,156691375.831558
135.594029347656,34.688796464430894,99221098.86254703
135.525999221349,34.6052952483876,87603592.7458601
136.67109185063399,34.2749458799616,41068968.541015856
136.607026814445,34.3342741205442,108947170.26010679
136.007522847504,34.166931149848196,146564497.6412056
136.077319833774,34.3188183142794,195857147.0292001
136.199141707035,34.1461740857622,165532681.31855524
136.190737614195,34.290564401286595,384637134.11129594
135.97425186826797,33.80951909429489,42923272.963960536
135.958532597019,33.90847299658169,89748085.45819296
135.944577722646,35.4471050793189,132769943.18127376
136.008771312645,35.530865359786496,118008916.74823251
136.00954363540498,35.6543711423064,250583483.28557166
135.970866250197,35.7685077111747,180962029.85156015
135.55475086256402,34.7611045259016,144608927.7565318
135.839357849019,35.2281248401995,118808401.2996709
135.735658746633,34.8673499123004,46639779.93513411
136.174112613528,35.3327238165891,138833538.1967558
135.83980408439098,34.8527157325314,101345771.87494619
135.928122121704,34.848481451001895,160239829.53969774
135.80922199290598,34.9212659451579,46718871.063061506
135.925798734066,35.0506165438044,161009155.40755042
135.98713252007403,34.9613877295782,158196056.21355876
135.645487997943,34.5430064002287,77531414.48850659
135.562276893219,34.5390358683216,103441984.93245928
135.551652832398,34.4736279194373,50322969.607282
135.673936039521,34.465429993978496,71503879.74736573
135.62592270800099,34.4272961224137,39985933.6533269
135.777003065121,33.4897799827371,4325636.742965279
135.75553824181802,33.543515938604095,65780178.04041504
135.441448490601,33.992589743399094,111795840.37677851
135.43245588328497,33.915597950015105,91443049.7704826
135.353568199509,34.0426029235809,87199322.55968177
135.27156864028498,33.9853933571097,158792944.31738254
135.414142814775,33.793145939440805,67252204.32620934
135.537224961996,33.821247301356905,73943740.92327347
135.473629028892,33.8568754015239,103272866.11557429
135.699774625404,33.5347568925963,74361483.62842175
135.721239448707,33.4810209367293,3253823.6957182703
135.10020333519603,33.434768327786095,
135.295141872726,29.058918998481897,
135.826781366793,29.128852998049197,
135.300490657794,34.3262510755956,108123457.87221193
135.444404801607,34.411759026612,157757403.3854984
135.403282147617,34.3213775836602,128997495.69657934
135.238605593586,34.4698533006036,284553327.84106785
134.812415833491,34.3890329851101,108831601.28747214
134.917081592535,34.7503966287984,112744151.86691011
134.87166544127098,34.64654131136879,185191549.9940894
134.347612711785,33.5332170219321,
133.498800424836,33.9902359698,144787600.61721647
134.26355321857497,33.467447551870194,74650001.0062057
134.30466745673996,33.6418991746299,113276598.85442604
137.14125346977,34.680788329657794,187791606.5979996
137.231478676347,34.739674667101795,155941004.81690273
137.238844912983,34.8300274542528,147515729.84273
136.801985393304,34.589455554182095,226212314.06571126
136.669603976103,34.4025772962102,87950737.48750387
136.872062838192,34.6727972745099,135814648.87224337
136.910094447984,34.579659413227496,147813873.33305568
136.982400103362,34.627604849871,100499473.8909603
137.02814538504302,34.7112488366358,156036962.0099094
136.583493048057,35.1243467580456,143077912.5116482
136.610319731787,35.3313827970378,137114759.91370887
137.179431101625,35.222607444660895,146448210.14256406
136.223305593738,36.289771406592,44816399.2853205
136.10998524024,36.194873282353505,29095458.230456237
134.823555326097,35.075896245248096,182829084.7421573
134.881486959021,35.0003857627182,145947931.74532023
134.833555249338,34.8991218464559,162980895.21718398
135.133370174847,35.65887851519069,161813972.50598568
135.232517119161,35.3883606623481,215133517.95583612
135.26061832542598,35.59126405931249,165576506.48390618
135.31644079928697,35.4516469824165,162200646.8529776
144.84857882682,43.01997547054349,76347272.21264978
144.93243062413498,43.0985072032515,148117698.24800286
144.848205754131,43.223835230195405,252042976.99485752
145.10525363343902,43.1691410101644,202750767.56016508
145.100367498768,43.2732798312408,204587628.94739634
145.288491351168,43.1614668646557,212693485.15606895
140.621725281114,43.1396870245242,321176765.29496884
140.75191762391097,42.91010800338899,303670617.3379416
140.89436895402,43.0351408315224,254350157.83463567
140.71820313569697,42.66252771156089,137286548.89609185
140.756772168408,42.764687352908396,254627969.91292697
140.81661900645898,42.5809407960684,55045872.23091293
140.913902073846,42.7197446432955,234511526.39662835
140.919052802055,42.6197691395124,107570426.23188284
140.41139660941798,42.93854256764819,141289437.4499992
140.44617529453498,42.853847556329704,311478282.8081981
140.60401565892,43.0372532769234,106298072.77666874
140.638794344037,42.9525582656049,247021319.67434883
142.23642631486197,42.5833335004407,298286719.48379195
142.13266206899098,42.7098241784412,
142.24656705401998,42.876219546573594,342066589.63450086
142.39577091880798,42.8618416168437,193092365.19825408
142.393755063747,42.7197714072855,260283962.9524626
141.98873534310297,42.7105582843566,
141.82797154775702,42.617820116100894,361569582.21354276
141.878895884814,42.8778660782373,377520305.9704993
141.44279977545298,42.6552395211195,223029963.17131892
141.267049278927,42.6593544065898,316075275.92079693
138.737944531362,37.168578432100496,263286041.8853381
138.280280519007,36.773745038055296,220187286.60553738
138.27865429831198,36.9042405591981,238828490.5183433
138.364874732073,36.9847926001884,318519156.46942663
138.8961193323,36.411610615452595,262191562.5072766
139.25857749619198,35.8926059417772,146565997.62654206
139.345665869817,36.0131287952865,144025024.5287515
139.35259773322798,35.906423132253295,160224679.90494195
138.969028337337,36.2927203773321,155143324.36903197
138.482226715701,35.999639855982,151048703.38120285
138.568475159994,36.0980745305301,231692191.05947852
142.679724837243,43.92702909610949,314147332.55919945
142.512368417892,44.05836935976959,188822079.31441936
142.486171197876,43.00776362684999,176138786.13850522
142.248818112225,44.0161119575991,190293939.75664666
142.390812038079,43.983324230699694,406387883.0472312
142.038411365004,43.82004250750499,326514983.45534986
142.159297318533,43.8695212448031,116680442.666119
143.21258583248098,42.244500780768,265084564.7321253
143.154434274885,42.1392649440708,281594408.69631034
143.78221109759102,42.5854565734455,
144.141176717439,42.68620439532239,
144.339520517742,42.709336912172695,
143.418329349405,41.5346448731247,
142.79489351922302,41.1924086974983,
142.27350075371402,40.764192588725095,
143.02767816843,42.1410474881319,227517267.88320333
142.391087903823,41.5904583138891,
142.12758624995698,40.9419891862872,
142.60866706706398,41.4754901368566,
144.29055791449198,43.8421641131232,364682775.7266653
144.129192975933,43.96605680794799,251995158.05476132
144.21702649503598,43.94103147739799,29740336.13415273
144.705471042363,43.111413963113094,223021055.3094456
144.723862316385,43.253438750213995,311104528.081142
144.442786973397,43.3449332618478,296469081.2171519
144.574111399641,43.4492537670873,269103877.2225378
144.682539909039,43.4161997398206,134496003.68257985
143.282830420653,43.8605016498528,233938564.49636456
143.18141885949,44.0210252442213,275518365.0384306
143.03787281553,43.9429643314266,431005746.41082656
142.867059701883,43.5795559902285,238205276.53892103
142.74410622846,43.7711975661543,247795218.57252926
142.603940096475,43.710618281688596,421528340.63544345
143.335096983474,43.2915725354541,189384846.60748047
143.362514864745,43.451076193493094,648695500.292974
142.997926137264,43.4860865611062,
143.07461264117998,43.667834648479804,
143.233951515699,43.6474732931523,
143.354943865254,42.3287094463926,100183668.0603897
143.45864637396602,42.448265203287896,
143.295208989339,43.0621100406651,330746851.04273814
143.525431674768,43.1430159532647,118946397.64764734
143.425815074091,43.1789686566348,283426214.2709244
133.84855957209,33.92621243879339,138766356.81445983
133.614335666823,34.6424142437835,293299758.85041076
133.94057661613198,33.9866347869543,147373115.2817065
134.840620832709,35.1859562448141,172161050.050296
134.712507498657,35.2501360958538,169394190.81467387
135.00449397375598,35.549872660533,170858752.05440453
135.10484987049597,35.5479469794537,229816696.40976775
135.148174340949,35.4170462035071,143544502.42125246
133.61179595081998,35.423221533579,215066298.35718623
133.589709176385,35.752721309639405,
133.464850653486,35.757298965828,
133.367956893831,35.1643076315586,193168226.37910306
133.506101824623,34.9874066320944,336302814.7665872
133.547920082379,35.2625247658629,175142263.2181628
133.453101211881,35.166003169987796,260578504.10636976
133.37246025345,34.533692511044094,170936601.7759209
133.41103896519297,35.425593098065505,106662571.19119948
133.310654531307,35.4982521804306,174130236.4974787
133.34884388199,35.3114839761189,150268833.9092131
133.02620951532,35.4928900197003,112372660.28442638
132.94781908181398,35.4082953573459,131060772.03118934
132.972293654112,35.3095395085851,147853241.54016283
132.625978785729,34.3356091220307,149860263.6878009
132.20531651283,34.6899570066984,131390412.87687987
132.145793382405,34.50216318895829,264884882.6893561
132.117399842043,34.6380169355583,266590549.1069767
132.254536493673,34.4441639817924,141773721.75301543
132.43526031948298,34.07662089244379,232275925.60478526
132.58641829884,34.1946537786414,196453137.34774292
132.507621092682,34.2200798604456,148265330.74516496
132.44582885585697,33.8602000640244,
132.554362284762,33.7977609038982,
132.942446535789,34.7024383894353,191608820.597271
132.785576371041,34.2397688230191,131093458.05075224
132.86939632820702,33.6661172055846,153538633.9833722
132.712030976316,33.6006707912139,158730133.08324477
132.873064011402,33.530975393117394,134746490.98001254
132.79158241704297,33.49015962676889,261903837.845063
131.35741074522,32.9922867130395,112154128.96541966
131.53971130667398,32.9093678594208,121083661.35928103
131.457986503305,32.984897484369604,162714238.08853903
132.14229368240998,34.2137738674413,165244321.9560336
132.237979942827,34.316092648873195,136034709.44582108
132.33110660922898,34.117266408152396,389515239.6152778
132.32493528975598,34.27962152701679,205638339.44929528
132.23993378742298,33.7382454200418,514103041.72844684
132.135863352174,33.5576084065497,
131.930526771219,34.4198455995405,196942412.0557017
132.040629119883,34.3967232013449,350036538.4242641
132.053685970734,34.2364052127471,264859996.31626162
131.837792308926,34.294594740879,230193987.89078417
132.619017308613,35.1427537478292,186534191.71199936
132.73914020845498,34.892550889284,145780362.61113185
132.81144449397001,34.9520336844096,201682664.80044183
132.750794866206,35.184006683789704,271531011.9993857
132.828482016714,35.1180578016708,252404903.34926924
132.54765394566297,34.8059251633896,232075521.20669538
132.43682756607598,35.033333766255,141753526.71901104
132.36017283564897,34.880330552773195,187564842.9439083
132.548462988084,35.029291424529596,358687924.4506725
132.60773638681798,34.9195663404687,194827106.27073026
132.95095627806302,33.633821030191804,121453975.82489425
132.954623961258,33.49867921772459,99161042.52083658
132.966670153185,33.4129905124521,90103966.91974567
133.35853091318998,33.4705968445761,95850076.39594202
133.45763783483997,33.4908444052842,106652029.38754126
133.237637230434,33.372933070930195,9200696.902981108
133.22459800448698,33.3077723286561,4645277.794178947
133.29580263331198,33.3998617524594,96663948.90286267
133.28276340736497,33.3347010101853,49201448.412937455
132.924328014489,32.937300537206994,103234830.55553946
132.90645342546,32.79249455225369,92580796.45361255
132.861475970322,32.86093079161199,165509609.23184773
133.18631346998998,33.2684204212404,35552818.2923615
132.76317777112502,32.979661644006,81574900.361773
132.845533434735,33.108581479399795,87266154.97868685
132.85845605901,33.03839641794119,73714379.53144589
132.73619561627697,33.10597331657549,103316216.76927401
132.697243705191,33.0246634380432,156509583.97580004
132.522090662247,32.9107022059728,87758580.54669636
132.584434447245,32.873448031096196,134408219.7897769
132.610500540375,32.992594593914994,91622668.61627641
132.51819807487797,33.057012935769905,73799362.68582311
132.56648232930297,33.0758853720042,91821711.27939765
132.644841792573,33.23343397790129,160651408.99807313
132.57820467695097,33.190948977826196,83621744.44641742
132.664763426877,33.3503145840051,106292181.53121941
132.605108326317,33.418740811698,122957949.02652426
132.532427271816,33.3979457774094,113791353.19419602
132.52544525675398,33.2870345496414,103300890.60589196
131.01257773197,31.8578662164345,93691127.18215434
130.96062238802398,31.960323935304597,141430923.4592052
130.93175190536098,31.741986668214896,162882231.76852727
131.615156831367,32.393526530379305,29445957.600129727
131.673087944343,32.5227750279036,61177703.611091964
131.56885318552798,32.436331026168304,97128916.47604895
131.420130489285,32.710321104087,301885185.20339835
131.52065753890798,32.766112404732304,311446256.5667265
131.62575174510297,32.7011590827141,271969241.5268486
131.626784298504,32.5655795236926,209226035.7117027
131.47749701539198,32.005303106271,35670794.29042219
131.462108431071,31.9557490551717,20273332.038457893
131.07028925357397,32.164549240731596,317977523.93313783
130.79160361492498,31.509793590511496,165444942.88680005
130.822193862261,30.4340437772514,181152599.67755353
130.762142198028,30.6698629909716,
130.685650171329,30.3358822600515,197357513.10776573
130.582213422705,30.624830629658096,
130.52604848976,30.334908940726496,172042121.94691253
129.81803971438498,33.1751938881594,186530011.55913827
129.81382025970598,33.30940900163909,329321829.7673435
129.91791687566996,33.0683602122621,131598979.8662947
130.308321411312,33.3824878590225,243741620.53704622
130.379704705602,33.2362395053205,233848596.9040948
130.408086447144,33.5066270575278,251194974.00905326
130.317716108415,33.5185471080702,191838081.22419682
130.140354789654,33.2184538637292,171739813.77489826
130.19838675920997,33.078029085278104,367580514.9169255
129.99498174507897,33.076722228310196,174712332.72556224
130.030822360659,33.19218283709459,155733926.3707414
129.96656481372298,32.525377381975495,333364124.60246736
130.23829834765198,31.5246870436839,298827853.557055
130.23045977825402,32.0997065379837,168742953.12481517
130.475388606255,32.1484818079689,280439009.3442687
130.452999288744,32.01838899088499,218534257.77687532
130.535081156403,31.474593979157998,132889077.58294147
130.61272378803,31.472055264388196,85780532.1784317
130.931312982591,31.3057317300717,211535364.41991282
130.801949120271,31.3849300934433,176591146.99033985
130.85983523774698,31.0309883161608,
130.98131464525798,31.081759469537698,
130.53177429712198,33.027025010529,117085652.6974283
130.67744521190698,33.1295698060239,195579497.19572705
130.631698553697,32.9419486210188,177714985.9893191
130.69865697718498,32.9678773745508,107040863.16419029
130.34439395036398,32.917058832246596,154011116.73662993
130.39894633458,32.813079070262695,89315512.58097342
130.436515447293,32.9379931416063,240362802.30236727
130.832588216055,33.0626259197487,128607601.66051462
130.864804504104,32.8996357430631,168716134.86534318
130.782279114135,32.946479035932,107488841.59323879
130.56058998193203,31.704581711418,177785372.37794626
130.573176079863,31.613977647063898,72854088.91831519
130.511369267829,31.573872195010196,153435179.08327168
130.412279174496,31.539885721330798,113428337.5608609
130.425994499493,31.7901402677067,56528882.48363951
130.489852413063,31.7994861840216,182979811.22785306
130.37216297318398,31.7263262954088,107893349.94433549
130.349516891352,31.611081673690197,254908139.9004213
130.73493029282398,31.5652987121109,62992469.39109623
130.65286414692596,31.586227008071997,23892345.99051143
130.668699966519,31.543582841248497,33950830.45055912
130.63929703044,31.9091715113919,196394659.85402355
130.854334611198,31.923820586337897,206683856.0211745
130.844480313393,31.7803872474396,280484874.7886207
130.706966489484,32.0473619556321,370081426.4257092
130.796230175556,32.0441011734096,169471168.67034423
131.947873669689,33.1779353836491,548593468.0708079
131.193417832818,33.2572963374267,175791327.66459754
131.18231769627602,33.025870695638694,142691703.65445602
131.02046224677298,33.858259143135896,159154629.3743928
130.986164830191,33.957966657387296,139436589.758509
130.924088578437,33.7315850764761,181350744.7367767
130.782122529795,33.8872056335307,189815160.24196437
130.636517198451,33.7986024843984,260295630.67824513
130.865014369782,33.86630409122729,183258487.00936672
130.835104384413,33.7476182999934,165959798.71942472
131.235492968217,32.84300261094269,294540486.4592313
131.173238544282,32.7535521978786,133431970.68726332
131.157437247903,32.931599670683994,117255277.70771983
131.060825310063,32.8855103377449,69373294.91675927
131.062784804094,32.815516647813894,78043564.75663607
140.36100737217896,35.8268124244536,78790703.41084896
140.376121600605,35.7174715809648,92038801.61798343
140.48666952470697,35.737419298326905,188287274.0392232
140.08719581607298,35.077836993153895,84485461.32319778
140.12985626293502,34.494075560801996,
139.931738640012,34.6686325186938,
139.87252887158098,34.041081603394794,
140.114221369914,35.438144340149094,124395593.39413694
140.180157352323,35.38501625915519,117955206.16168271
140.14449173257498,35.1879417149139,184412789.17676616
140.20111757609098,35.2467765695067,82025073.18383424
139.532315646306,34.002938767393196,55610135.99428529
139.559965960998,34.0089323069793,24776680.149422776
139.49598498640202,34.0819124272374,17984392.633027222
139.523635301094,34.0879059668235,12312473.46789848
137.66657710215298,34.7053527723012,28596515.770825647
137.71117970144698,34.71812490995969,33908140.55999214
138.342136282812,35.1944464777059,146498676.1473576
137.95149957038998,34.870720869170995,22578936.10714474
137.97506942983497,34.8320240519064,39146779.72497426
138.03598863397198,35.3949098640291,311309395.0281708
138.281171756541,35.2673113264923,147938244.65486184
138.89326705089,35.439809561610296,191757815.83910838
139.351009228761,35.3374892416656,77432610.01575734
139.303183641798,35.3894705783454,66493767.78314248
139.419385103823,35.4096517936887,98726119.15758558
139.37155951686,35.4616331303685,75141554.31219013
139.249456501716,35.4018128926572,89349103.06786375
138.216495514812,36.5213263604475,228310237.3257667
137.73302571995998,35.190973276060795,239922644.20637062
137.809696978734,35.2702491830106,204582987.69070843
138.39335840342102,35.960254283266494,140631384.75282422
138.31678901779202,36.0006603809193,263010177.1206156
138.166350796452,35.57450349253679,
138.14956917478202,36.141535912623894,143076366.85416642
138.206168747592,36.369112343371505,250840148.94436535
136.71243106629902,36.8235202970316,83123071.5056907
136.82871995291399,37.459458226212,
136.256792464716,36.916171808287196,
136.00001427177,36.384251249662796,
136.40521652082597,36.5982642655542,
136.53580856031599,36.692485551816596,
136.62279922038002,36.78212850729119,
136.700135425986,36.93659744085299,
137.060718807375,37.5725021710203,
136.937489634858,37.5590706519732,289428936.4523046
136.927456188303,37.403046331632304,13865989.203230878
137.284884335247,37.223595194874,
137.13380317820702,37.3913451252033,152418170.86793548
137.042485064265,37.2837322912296,182458603.7115849
137.039982257904,37.1128326948984,170344603.33173838
136.91804793922196,37.0107594019152,243018685.12549654
136.837916499834,36.9088770571686,236711248.55180213
136.58499382129799,36.5199297064602,131253008.08747502
136.49800316123398,36.4302867509856,172225625.6522826
139.594685941986,35.5452347700351,107425058.19752085
139.52618866906502,35.531238292156196,122324850.81945422
139.6023840321,35.469504734129394,82607274.4448127
139.47133297851602,35.418911043671095,53973215.17304918
139.536991145376,35.334147889167596,109630345.17636147
139.599544926039,35.370745101747,113461947.15381281
139.703572642227,35.433652785682796,122280803.56759383
139.764000248862,35.2373113427907,140310297.50038096
139.70073353616598,35.3348931533004,139810275.06393334
140.201720842425,35.708175913624494,248367218.6074321
140.11271092097402,35.6880959321568,205936759.05957347
140.058780707868,35.768861898419104,88418123.16468996
140.040326693454,35.8632142879032,107044222.27387674
140.232410813121,36.4234673909898,287937250.72921985
140.272127891016,36.552553592078695,148744524.89702892
140.378215244553,36.6194833557663,219271334.70623523
140.484342870729,36.582607116759,264624562.42758238
138.99060390956402,37.7266755668055,86727167.89724335
138.939398317302,37.6725720150351,141458109.97708714
138.41931531747002,37.2278603629812,183291322.13699493
138.36061985427,37.463727524239495,
137.800981730346,36.58479414470099,140330120.40864536
137.881985302512,36.5517886029186,120121816.8605683
137.892144419832,36.4237693357923,89287244.45373431
137.94218171560198,37.048572952182,116704902.63253641
138.05044691799898,36.9886559324832,403453249.4219283
137.759244551148,36.949767497048995,168374490.88790587
137.75873984829,36.8368770045606,405163630.7028677
141.12690675791399,37.90735163072549,
140.73521712412796,37.041012684951,176501992.60645625
140.74785276377096,36.9134310393915,126123579.78370729
140.64188953115396,37.0646262943539,178792606.83494982
140.56909392477598,36.917952760840805,269706823.8881447
140.79493530504598,37.1997763673283,183363944.68587136
140.80600063840197,37.093704092283296,94241372.90909484
140.88910952001598,37.2267283798575,196507595.65186343
140.898696644541,36.690001699893294,
140.81715806921397,36.53546804180459,
140.81863627804498,36.966122446723794,34118821.88889188
140.756172505047,36.408106758873295,
140.595619695267,36.6601787861496,204021573.71294773
140.621723594616,36.7910635013691,241421166.04201612
140.707154840637,36.8101553893227,51458705.01323122
140.476808104281,36.8944456014585,182148447.4867272
140.72783546236798,37.403828275763395,164065004.64109576
140.71480866184498,37.2780206727819,105468544.73339115
140.63254640222698,37.1955620071398,133291975.4105013
140.39911498103697,37.3353498366255,155529515.33149305
140.54421191989198,37.204718392743,188744816.29566407
140.511679340142,37.3232321958441,235979815.72935438
141.555613449624,40.3931528460768,246167314.91703853
141.64413040037698,40.3220839393449,151385272.1502839
141.237654372045,41.3864037707175,237428590.75532794
140.54484441663598,40.8824643023709,261437341.4837084
140.512027378668,41.04204991088069,212258542.1038638
140.128579570617,41.61864466730519,410235148.3083115
139.644702473166,41.864366727641695,
139.853041733823,41.778549317574296,
139.790997225561,41.364034461872095,
139.97926167723298,40.920787398678,
140.064035279025,40.623751738881296,264672481.30784023
140.373094943301,37.472058559386,157821853.28934735
140.28697676264701,37.5290801179932,211104456.23089057
140.562998577705,38.0562157248273,219091738.9655502
140.28445441824002,37.6530919322382,94053012.7363014
141.682251611208,38.8223776503057,
141.58255133223298,39.8013719020896,380977436.1226064
141.69962679684897,39.801424664146204,244746078.4874659
141.79221666027,39.6685796969715,333925860.2541015
141.84268538955902,39.538252687642505,142413199.3977387
141.503878236996,39.6908532130638,254585642.06534728
141.531291085437,39.520354693620895,336352424.5173631
141.33374977487702,39.77588597060429,287007333.0782944
141.24026538091803,39.69174529551329,309899561.34137017
141.086403468648,39.7123181000271,248151420.7327785
141.04967661836702,39.5492570710941,290635407.68981063
135.045336432435,35.141135288357994,152067280.95867828
135.109145557551,35.2083124859664,139037119.44959968
135.077731455942,35.31304868329919,112150491.17958163
134.924216712285,35.210999358252295,170330915.11506805
134.910784045686,35.365949495688895,291518644.3885654
135.000489664227,35.4008216231274,187102055.49286535
136.534124092113,34.3755084556983,109917832.18670884
136.597843506201,35.019656230478695,147889117.8817639
136.730450440848,34.73891230367909,454876781.68615663
136.331347988418,35.0981353397829,409380850.9584847
136.05329282338198,34.046950121151,200296001.83721268
136.157570141274,33.9707154983757,24352307.57451492
136.131493902492,34.054446970057796,102609294.63059357
135.40560118569,35.0692120390689,204791117.2496425
135.450286370058,34.9606268263428,257032504.16468397
135.45307031496898,34.7432436874974,108211017.2941878
135.446526966036,34.6396910168001,114446260.27623369
135.39508725718798,34.5492153019431,179686022.24254647
135.29207953898998,34.6024360839993,333059079.0746465
135.845247013377,35.4538663684557,141490318.76366678
135.800973754479,35.344624052113204,209336178.48971957
135.87076321816798,35.6517632177916,
135.71386952243998,35.134808883061794,108725471.11063913
135.792727359201,35.1287620438062,75054103.87106037
135.836508860613,35.039755270707,112454191.50208676
135.803707587735,34.978295489299796,68185842.21720247
135.34956414662096,33.8584735143633,57884558.60413508
135.27655719471298,33.87825574127609,182450590.43151104
135.34645326773997,33.7877851509066,40255987.19155242
135.20358062976598,33.8415659292909,50555588.02469515
135.416433082392,33.724069824409796,75482549.74492098
135.348743535357,33.7187090358756,33809736.03114952
135.27887784929098,33.752707587347096,44751437.857114755
135.01326713635203,33.4859133781029,
134.69223564937798,33.5427999985386,
134.770941148041,34.2991588307577,82743429.79619482
134.881191151938,34.278205285321796,176640748.2004492
134.97658711472099,34.170090273237605,438903349.6928583
134.843873384088,34.023031184617196,
134.936757458085,34.576578726327,101840251.98846391
134.97702803062498,34.395987983207405,270920585.7432426
134.90870081736298,34.4699328823113,127954025.03741921
135.08982199343401,34.3882202903877,251933000.4533675
135.125256532959,34.526714824215894,298665650.42672616
135.05102757993,34.686183694734,186651409.83617103
134.982173609349,34.6804340437566,54989181.09174217
134.678782914786,34.2398456856654,74775311.20994493
134.82987181438497,33.7124567455005,
134.794776280956,33.8156115096591,
135.040819917465,33.7546208796654,
133.873169987469,33.4685376708474,116035328.42483927
133.547006050458,33.489780730329,63814447.966838226
133.706298882915,33.4358638385574,
133.789456656306,33.5641180921827,137104434.78156948
133.405375354944,33.686087291043,121436585.17473248
133.37837595515398,33.8288874705969,144646042.7069812
133.43690140868998,33.9070051410486,129765813.88278018
133.608985058604,33.9777386056614,96174870.16940205
133.721224966824,34.0114280393811,148436465.88008106
133.763081650737,33.9454811863926,114730867.44150576
134.449748970471,33.7184831094705,106771799.02133636
134.52275356261498,33.7706932366023,41357405.7685705
137.391336752274,34.7735596299333,92561535.98157795
137.343836402784,34.853339840781004,80187166.86756265
136.75825664328298,34.304445672354,74066455.18891582
136.727464209501,34.3832918149512,93607639.0496126
136.810898225265,34.3606990794507,38812124.28358866
136.78010579148298,34.4395452220479,63662816.79656711
137.10909398937298,35.1651325430592,117340092.22877117
136.781599745406,35.0716296569496,164004735.5278937
136.84040591753399,34.9005543745221,27190706.549099978
136.508129845131,35.400292836678005,43669287.635134704
136.30992491427298,35.3463078263856,165299880.49457192
136.394301382449,35.468532996312895,291934210.4911361
136.487806937625,35.4884319135555,93203594.04087132
136.389587090592,35.241120072879596,317272943.12647134
136.508852239551,35.22727632006,136264340.3373362
136.524179446677,35.316249977471095,60236063.22951387
136.75696057623603,35.17710029783069,103506748.27881546
136.67850589582198,35.189698696531494,211721556.8352314
136.690005372426,35.3077610781126,124950941.61832914
136.792188433098,35.4071400068925,126560243.365946
136.132511180754,35.86258336200209,122091940.006886
136.12202783586002,36.0996539342406,169803387.29973578
136.198685915952,36.1116147200424,133640642.69971506
136.060963419579,36.0042741518394,153845702.70785052
136.06330802176197,35.9133191482494,113635631.53490816
145.183572230796,43.38587015474909,183872994.81704012
145.098409961208,43.5847133881038,113459256.71661733
145.092919013691,43.4916239133156,178690032.31554127
145.16478045682797,43.74129272860379,
145.38799013696098,43.6429793715894,
145.55301245641198,43.4126424462522,
140.88679471485298,43.152335762190596,104672323.71339853
140.74219486961698,43.19057553216449,169443702.97358793
141.07326443934897,43.33289565739529,
140.928664594113,43.3711354273692,
140.949280412325,42.0795160758885,
140.94492337140602,41.8683291923556,350243303.53652406
140.74219447298998,41.9443787649711,72337352.3100653
140.813486246433,41.8656881818164,204537173.3962744
141.180787362648,42.26388635634989,
141.041109991782,42.205363550549094,
141.158381976744,42.5418186310095,320053785.2968629
141.004169146236,42.5445289866135,201835092.44514093
140.95999057120198,42.446651619329096,125687098.90774351
140.83351352683798,42.5234836986861,49619541.53949056
140.8917687474,42.4644346748457,35585551.259684205
141.552501214212,43.372258095091205,252437735.71921968
141.458696188986,43.506722909598295,210251440.0261209
141.485092635744,43.6564849145667,328976125.3210152
141.65283012031801,43.695318090527394,515084912.6663605
141.51477122425499,42.7667719970898,189837452.4823936
141.709851837576,42.86142070993859,236323928.09084222
141.667052384616,42.7521905843769,280893411.51356155
141.23502869130598,43.34323472405189,
141.368435265981,43.4188360264989,129054750.1005022
141.46224029120697,43.28437121199179,234173950.383077
141.243335690523,42.799866235334996,355333075.833983
141.068769508887,42.828096509691896,449822673.35833865
141.05409093355797,42.9980720474382,514180985.38589114
141.410805935157,42.8720441498217,212177011.38978738
138.922200407265,37.3625640785958,168400778.1513319
139.029345714996,37.43889853572001,90208814.28288516
138.97858388835297,37.5694918674141,110659594.98912409
139.042300959342,37.5530284579197,86520680.02724347
138.74495666341198,37.4448554952978,64800465.1418477
138.741798339276,37.563579636362995,60309910.747834265
138.81290488124398,37.5815461255344,116055679.05540796
138.88539926108098,37.514951143365295,118982584.84581918
138.841971024339,37.4221532767467,199349981.64584374
138.927922671648,36.9952500223416,275635889.56072205
138.90077223363,37.2620133573402,170676365.4768527
138.83764213393798,37.153220730357596,195876489.07849595
139.11237005506499,37.335541459461304,319142970.89484525
139.227057815142,37.3298512778697,317511696.712395
139.05313262939998,37.2107854399776,241172686.83399156
139.06666401612597,37.049963128817105,502779236.28207606
139.16371520336997,36.9178619919186,322494737.9941917
138.55304789954099,37.12906432057349,102904677.50849064
138.677530763343,37.0911931823994,156866195.34717354
138.959890141248,36.5050102075593,159695119.97395504
139.100262469278,36.711763919787,243712830.70594802
138.72086846913902,35.8800620909544,365836763.07029784
138.72348642398399,36.0311772729249,414851732.90416616
139.27579120464898,36.127179699055496,108578630.32954934
139.182957455619,36.1650824024061,249923966.09305722
139.29614292594,36.2664633262998,124919428.93727045
139.098760486158,36.295606426365,158860339.62830913
139.095459169656,36.397125769082095,196113466.42115733
142.475685976503,43.74115380416429,167253243.17628223
142.393715041083,43.8410214747318,244564377.62032494
142.24526174123102,43.780111810307396,196995336.1258768
142.345664663268,43.61222392110869,219278659.9056559
142.22895358220998,43.6575527564385,256530028.39699274
142.340911015347,43.478151154059596,308973913.931673
142.440539434842,43.1562924881451,270808382.5288571
142.279744142646,43.0792082560059,
141.887878256487,43.0508389508868,461104003.62983185
141.743701942227,43.1465368001448,265981032.14025643
142.10941470062698,43.168497925146,
142.14374864022298,43.36441344830099,503069338.61252344
141.893006676927,39.81413593655849,94654825.25577739
141.880554062313,39.901126145334295,90829897.16472681
142.343846888397,40.532961550808096,
142.33139427378302,40.61995175958389,
141.73755372377698,39.9805166968185,182584924.25645155
141.826741334124,39.989144253643204,180047552.19570795
141.817739717709,40.1401161396114,104639004.52268767
141.669450181479,40.231508440800596,234386654.64398348
141.631231263753,40.1211261697983,316477434.6693521
144.340671252657,43.7186249376096,212707708.64619213
144.52278224973597,43.5529516435959,134615935.2904362
144.54191393637598,43.6245841746264,149599202.90785435
144.30966285713998,43.517257962321004,184861112.39097214
144.19842290891398,43.623986605056004,606829563.9317364
143.480159829072,44.040684851397295,311432881.5522013
143.401972348602,43.870902265020604,243911340.46127063
144.53473799737498,43.02743871981059,236491062.74889645
144.589974013221,43.142009729230494,235005764.1264359
144.458615087094,43.2254559181104,160136424.61163858
142.62571951498197,43.5517101707556,262701171.05145353
142.492711747089,43.448172926182195,245298719.57248253
142.520894005248,43.306650251865,265011033.6971429
142.659007535847,43.2497437520841,292167802.5696929
142.785520969905,43.3058633502297,290225375.85099286
142.78041520719898,43.466307094583996,361084677.3398467
143.039502892506,43.2860787885504,187686078.66046402
142.913742219831,43.219104473318396,161743935.061791
143.151400514958,43.109673590834404,323605271.7577789
143.156894325522,43.2521961358212,195298176.57644185
142.904261068041,42.455610394362,
142.74265320710998,42.21440971517549,156890786.11691996
142.89816265461,42.2314979388489,195168751.3060428
142.562849682594,42.355504275975,304925865.6710522
142.55111912910002,42.569785291397096,
142.73702106704698,42.6528031861107,
143.06152864304397,42.8095412794005,194642659.2070758
143.01602001436197,42.5962743558924,
143.55646662762902,42.979989524538,227840222.76507837
143.727168102441,42.7874393271501,142054668.19332263
144.22900239732598,42.94015451477069,46788636.39860853
144.129736781547,42.945618285339,94949499.54364517
144.418833582309,43.025105160523196,54657477.71858469
144.383202312459,43.1149871060964,181865066.04620412
144.162642317331,43.259799832042205,308824506.3591021
144.25989179474402,43.1053932599103,254501967.72410575
144.196257448815,43.020975084905395,151422649.78531057
133.975257950985,35.3714101722333,250493665.90906307
133.618832623749,34.990605529172704,282082177.53521997
133.64638692471,35.148344764004996,196100765.72700477
133.675191220659,34.5003308862069,231879618.4796777
134.769661969305,34.7113294469073,239189952.74935502
134.73844157498996,34.8751015807227,145554740.0473564
134.65750984897198,34.9775885616663,170550146.3046884
134.635000836765,35.176662071991004,176155366.7487291
134.694691890396,35.0771193099294,165531314.6932092
134.03568202463998,34.5013074192105,135246803.9927406
133.93649706412796,34.081727311417495,107935745.16292404
134.001639165933,33.9325656650739,107979299.9059941
134.76598317055502,35.542493608512004,188187111.5832305
134.81301965976903,35.4404027226216,192689536.0679377
134.649397416963,35.5028526573369,124191936.8811603
134.61967734593398,35.390244533942095,113742602.70970951
134.698338992316,35.349632436224695,184392401.39719144
132.992616744933,35.0545856518539,220575520.02758363
133.261686671916,35.0302923827571,261560523.82539594
133.013145578511,34.8056873445072,361054989.7131987
132.944672409846,34.9265951385186,270701122.7333703
133.06874892762,35.3098619576703,199723293.28757852
133.089271891785,35.146403325834896,323033414.9743838
133.193631034827,35.1360581507892,269330053.89199054
133.26652428810598,35.2998708452148,181225874.36793938
133.209648766227,35.43284428654079,220931689.57895526
133.116232548783,35.4324902239506,136363215.00080627
132.344132669826,34.5004288040808,163710553.69167206
132.32330622934498,34.61036808238679,151735806.12418473
132.38613781889097,34.716099139223694,328569307.07476676
132.47376439535697,34.700072988665696,142338051.65368494
132.53809045210798,34.5665804265903,151276114.95362675
132.54982240879497,34.4537711479797,162421233.9305924
132.48490315803596,34.37670623724149,167084697.75721183
132.406371065364,34.395602388104095,169731128.34710082
132.751572888396,34.462658360836194,207691840.67018116
132.847945030218,34.668724572154204,94087113.0947759
132.70655750371802,34.63659806512619,308350416.7015822
132.773635268604,34.7430751760169,209229692.13748893
132.772751033703,34.1146474517409,233195314.6264276
132.81735473955302,33.7961872012842,197262211.18690977
132.741470982021,33.771556553262,179672696.03309178
132.655177942188,34.0677062616627,237864250.19507533
132.65251417525798,33.913708775618105,358549466.5785559
132.88135269578402,33.941860038543595,254523567.81443715
132.87226735440902,34.079703715797294,204682183.27990934
131.47247249789402,33.3694045264866,238181113.73336482
131.26879118139598,33.251887102737605,130557446.1877674
131.31873308003998,33.3883002810555,87495733.46079049
131.395215947655,33.4318218331317,241072757.6322801
131.325997410201,33.11065698949469,102190300.47274819
131.266926914508,33.126990956268,138282049.74708456
132.11222614946396,34.082027783034,124650287.36522938
132.21408372935397,34.02199144560149,319557434.4737519
132.18102714867598,33.9069152883681,163023288.23524392
131.828023282593,34.1626303593036,201323539.95848477
131.93381459573698,34.127563229367304,211927655.7617689
131.98419437392198,34.0329018384531,140423327.77200398
132.006600416427,33.9515288345673,172710998.5643734
131.687215371459,34.095356738338495,229002579.68316776
131.630167263507,33.9206812206372,599110710.2726686
133.23457627656,33.74015373519119,298378630.01921237
133.252689195087,33.58987688371259,211860168.80290478
133.274552018586,33.2751201978624,82280218.32836786
133.54599099863998,33.306611609073,
133.44111715707302,33.055561806564,
133.183112233479,33.2110359169314,62324045.13688683
133.009054750968,33.055663716038694,79985016.34456563
133.13790294486,33.1473302894646,69465981.20631218
133.015881608214,32.9775283263591,59376596.83982866
133.004941762308,32.8990384931274,55619554.84076056
133.083832349127,32.9941145355723,
133.011628283589,33.2369104508859,96069809.68961011
132.89554600631098,33.152916493454995,81662568.83873191
133.00002222431098,33.1229592211485,67935229.68822986
133.055666522658,33.160128778821,105607779.97338189
132.882534280947,33.2486129231883,189161968.0743929
132.942972259878,33.2954373229467,32319146.065427314
131.361355294059,31.9887153172158,192131409.27967975
131.421253187004,32.0643771612747,37993095.2611682
131.436641771325,32.113931212374,80140676.8038257
131.17881033371398,32.6241114065856,322917864.34918475
131.09371941032398,32.3283967563414,210217385.50668755
131.027699406318,32.4714842754918,323679459.826444
131.065331529396,32.6208875796672,182633015.8065434
130.61372442795602,31.3664001209592,181465030.52709913
130.533080693136,31.038923004279297,
130.730435152383,31.191605310855,157880436.82424417
130.72255069757398,31.3215748276035,310088826.6453696
130.480430735325,31.2892208539911,239976402.1185949
130.39190254569598,31.091713254059698,
129.948478512534,33.447084926669696,137197834.18155006
129.90208896528597,33.344759387246995,102881303.28103812
130.03077937162502,33.3857346496443,147623717.67865267
129.984389824377,33.2834091102216,135651876.21877685
129.925284892128,32.81305436240039,80187662.2608778
129.957115392093,32.6727173338401,139286373.2738756
130.02535101118198,32.8332468542826,186685811.13046998
130.07042055044397,32.9432925076167,221458945.4831617
130.16429313557998,32.91832833795,192921388.9975979
130.102604378406,32.2936775512758,171218666.52495012
130.07111856063602,32.402819843955,178263273.8875995
130.175273324118,31.775254755740097,
130.20460827033,31.676642631272095,
130.25023170753002,32.00274626498069,117410853.86935434
130.29534512907,31.8033395263155,144887383.09992293
130.349176655379,31.8671534986134,118313858.91219796
130.333398180051,31.9679481128106,200614058.5022094
130.47833699472002,33.213249540213596,139840109.18661198
130.53741403642502,33.1178088629025,107265859.27573028
130.616126527722,33.1944249048654,138630909.08463997
130.582861397901,33.3411576394578,234294760.17009613
130.497324039159,33.3475778433732,151694178.65922904
130.649322344475,31.7274726984237,120898971.88433355
130.685246128404,31.8046083894165,89959172.67219472
130.68563418292797,31.650073878079798,49876796.839259
130.747019917074,31.647833369819697,98342177.18342054
130.76406255263998,31.7357201959248,75024112.45820957
131.64216197724897,33.269244158191796,136665030.6361487
131.50396700812797,33.094730031016496,251012912.5076388
131.491914503499,33.2741126356287,146928330.56882596
131.423786550309,33.1837827971826,205512930.80682462
131.641995620553,32.9751281723985,135421031.17055625
131.62541590869,33.1005164623155,205535961.39370033
131.695482924621,33.184700751044694,159049120.27548492
131.10793093236296,33.063510119653195,128616075.59745844
131.11716680201698,33.1700396149716,108774198.05252218
131.037745441614,32.9778196772211,99066314.18900962
130.96905753775798,33.211216702851004,125681840.30134106
131.037516224538,33.2377800175872,135770750.07144812
130.937338779951,33.0995113838334,163645327.08838478
130.964163577203,32.9929125934452,204141103.05234778
130.545077576661,33.60026150747971,200757400.55444217
130.62093403359,33.6819632328234,226828905.9358196
130.61986512049202,33.465776379337505,210470889.2886572
130.736629379565,33.651880590721795,103335009.42310394
130.72211902407898,33.454138364922,184394844.66720822
130.76302682622298,33.5585408509626,135118910.17141715
139.399580784453,34.1861399904387,89001401.99883036
139.384386594024,34.3897876699674,
139.306755367923,34.5226292288163,110911981.13542938
139.356117657867,35.1351530896377,
139.19838587262302,34.8639134969763,82708338.57696377
139.46247168140098,34.8987867333039,127526281.82016641
139.473155092953,35.0871470773857,
139.10351821367098,35.0014731329703,20730758.249781426
139.119913014027,34.9789601084979,22097857.595426776
139.25778221572799,35.039811418091695,
139.213941256929,34.9179592935228,160021720.1964665
139.232669660568,34.4047528313016,32883015.89481808
139.25750560672498,34.1991269979414,297763561.7134262
139.301953691472,34.256816937703796,114689701.73439533
139.114458572859,34.7130144333918,340010750.1274415
139.030861720047,34.8473689729275,97498219.63429867
139.143313553739,34.5312481958334,
139.03278941392497,34.5909990681486,
138.757141748115,34.754266998056096,13168337.335701616
139.05755498378699,34.913498159014196,25468030.36140155
139.086205925073,34.9486728108639,7105051.193816526
139.094566238958,34.9190206533762,19262660.731466923
139.06981112471698,34.9711858353363,7459369.199170296
139.03603010982297,34.9869800457573,24834698.68918332
139.015413655008,34.9589445269229,26275825.949531563
140.28667039328698,35.228985297145194,79654163.0780445
140.28676763689498,35.1759904681581,14306905.41384932
140.24152326511796,35.1910358398038,14994241.635389047
137.64956664003603,34.7596869746709,20719887.90849512
137.63392644754498,34.9472715263397,131606656.89651023
137.714734195962,34.9484945663568,167729221.0999013
137.757179567667,34.8811017019839,49961948.11059485
137.748464432601,34.8316037692722,57714941.1450288
137.73117058549198,34.786056009503696,36316594.767896906
137.69416923933,34.7724591123294,37549433.74621549
138.432525699633,35.1499271167539,160843690.20196357
138.45904866373797,35.0113081270392,56483368.90510777
138.41005990310398,35.0502916916262,87417214.36962092
137.911026121473,35.1661876058757,125323478.11338343
137.98199299074298,35.127669005121,150150140.5645578
137.90126544430498,34.9548090098493,91258212.4445618
137.875252142562,35.040933744181196,157045641.95950553
137.96758765808698,34.9332682294761,50353735.23119001
138.05552260704602,34.7495105987436,37719785.98782651
138.11974473085797,34.8468088866084,60764530.92697248
138.043318780884,34.8033267385914,54960575.868725725
138.237529027917,34.8879876586527,72290394.51426679
138.304705982883,34.93502013360149,68645811.74558508
138.31846560345002,35.012608565315695,75235063.99696468
138.033483141213,35.151797723341204,119904824.23925002
138.068179751205,35.2441854933069,285682747.47855234
138.177582663153,35.205467594484,106010345.84068969
138.087389996655,35.0273324911092,28826058.844962694
138.61298969476198,35.5656252861129,73097883.2858794
138.689894983464,35.534379604993504,177543980.0615433
139.178131131633,35.201188909062,143607439.79075304
139.235390721768,35.6019973952049,165513190.68364868
139.214303950656,35.503594182177004,120903335.14228979
139.03905043776,35.578272460935594,98436018.67360407
139.188603081,35.7357864869577,138217663.83481333
138.54056298815698,36.2015862973182,172777751.61118555
138.09555662991002,36.2858452365816,203090417.6565872
138.116146017432,36.3934291251168,138187842.15104073
137.96384598562497,36.6207418719021,274321842.274895
138.02387142581398,36.53830572267479,109311401.12782684
138.076231242642,36.559472317137,70296149.88142844
138.049291993503,36.83728999792379,282615851.6109909
137.940522088248,36.784316525134194,271991889.28532934
138.167145353655,36.7420609347825,139782147.7266873
138.141237924657,36.628139050776895,132027025.3095915
137.90026977721496,35.805555285713396,158841055.61176595
138.018252497763,36.2960315761791,94996352.7785904
137.936615745588,36.3368657523531,81455901.77070472
137.98648206845698,36.3824488702521,97327955.72042066
137.74462652643,36.2870900260902,
137.90591790234598,36.2596305053169,51240366.05655336
137.80078654653298,36.425443891986596,169889895.11193606
137.86144657658997,36.346534088756094,51689418.90072512
137.639337226413,35.219819759124,127946514.1683256
138.19504522338897,35.916594932304896,176724955.70009655
137.99400357623097,35.8391798922498,141106270.20980906
138.02550366923998,35.7167085629409,137026152.76189908
138.136328455653,35.759932818416395,362922580.98022753
138.10931314412102,36.0315305279292,218512441.9592826
138.345076732071,35.3481701751321,202125258.84718263
138.301980472128,35.536990505544,
138.47094779703897,35.3615032400256,91756198.21901354
138.531286275921,35.496985888405796,102905867.36618076
138.524665644717,35.4209075823306,80808502.99990274
138.28785947103597,36.281582328915,104806503.35668212
138.428260372875,36.2218247679354,97852644.26283674
138.33333704949,36.13564985062229,210115980.06452042
138.25184928574797,36.1615897867026,135453820.5093981
138.37500390238802,36.338737471162496,95692465.9570344
138.433917040485,36.304919846263196,65926170.12135213
136.723662223071,36.687324450978295,157002817.1185904
136.673561183676,36.5382027939687,243705692.84424868
136.76375817974096,36.4510339127286,316464960.01179916
136.90593243422697,36.5441889476268,245539820.97256193
136.930271533407,37.343288240705704,115704354.96598323
136.965902066664,37.25689050501,152106462.96267924
136.825221326145,37.2514593941754,152760251.83419994
136.878831904551,37.1130585766413,166526476.58109283
136.78640482485,37.124253375716094,164597572.61791041
136.91238240916496,36.822186347439896,224533308.4056188
136.931119425276,36.657091547237705,112111730.04591104
136.839046210185,36.713058169349104,249283768.69117638
136.53682501865998,35.837241045487204,273758188.78579175
136.835528928615,35.2717073221821,85697851.234672
136.85925730887297,35.383684649662804,141358985.02153838
137.13165897598196,35.29880632467749,104336470.5647824
137.02422367391998,35.310208393023295,110614979.65378378
137.455616340339,36.8397356333358,98568544.1659997
137.439839534844,36.722996559744,187027853.4502068
137.60894825228098,36.663145536778195,175990973.70704067
137.515317279648,36.6696718147518,224697132.51599815
137.65270978902302,36.4032779224719,
139.78219985871897,35.669459353001095,170918587.23893142
139.786434095253,35.513304423389094,375566643.2590001
139.977741869229,35.7028072932069,92468836.28829068
139.986599080086,35.5899245472771,152986933.191578
139.912414509285,35.4747684263742,361145869.6967767
139.888647042936,35.7950760970704,166362563.0739729
139.959287854815,35.797159682691,112361007.60938132
139.92974073648898,35.3345640612129,153327607.0432344
140.03682088407,35.3417089483194,149029210.19164404
139.908137243721,35.1772554919764,70111867.56774105
139.86049228536,35.233216365996,104115924.46440959
139.986695833743,35.166640251606594,59940716.95985092
140.046131022963,35.2297460127327,188317039.9817188
139.735292933214,35.94451716846869,83743609.55078104
139.848902704434,35.9454571701258,112310231.44218169
140.29282668759598,35.9028083031057,280509409.98591584
140.20701521293498,35.8705580977821,178760116.5819687
140.530178570034,36.351563587422596,176312316.6417804
140.477253973023,36.4497349496379,176719479.5125439
140.207975470233,37.4636795263731,198883078.05058575
140.00025637088697,37.2663649781346,309477107.465666
138.52226583138898,37.218856494791396,180303624.06671637
138.480242160843,37.266995544405,11652973.255184075
140.891466220989,38.014324430708996,159452136.3699138
140.725062543021,37.9424215000545,172650460.78895685
140.696793336891,38.0694560253315,214553326.74006236
140.724613191294,36.1265173586295,
140.649491627535,36.3976812738594,
140.59113940000802,36.2219382422535,
140.70036953256897,35.8161196451718,173427300.8998422
140.52151556308797,36.0321178815213,281009372.9812956
140.556975586731,35.8417757213076,215876691.832591
140.47569355907999,35.906138234412595,214018107.35633385
140.210338683888,37.3560531667521,98181543.49047881
140.114019370116,37.2770201481777,178592323.85963756
140.49308231669698,40.1392294866189,295056806.77014685
140.469458459319,40.4705740201851,264584744.02297568
141.334720227822,41.284671685276805,235715392.8151501
141.308181955248,41.139198219411604,166107489.01190177
141.50132557895398,40.9861760984874,
140.97216695010897,41.369566085321104,259013878.82613876
141.08307901446,41.318062761168605,232438976.9425112
140.64284930183402,40.6204298617689,187045308.21343088
140.101052436939,41.102129767294194,
140.39791766744702,41.0682146738094,241255188.49302313
140.352696203379,41.2978084728,
140.202672690564,41.3915654464983,
140.49239587868098,40.742852400957304,158811938.59345645
140.53458700914598,40.6140236341224,90707448.69709556
140.436520060155,40.5703305565338,109827067.48588134
140.371392476898,37.6755409207815,69107517.95087105
140.420458009854,37.579208939943,108693666.94873469
140.822485959705,38.1567464907453,145626754.61529124
140.73314625790198,38.1605604296466,146620213.4155207
140.964678379041,38.104361142804,
141.153602381418,38.1285307925973,
141.237347492736,38.3267140609551,275438777.8848456
140.694393433572,38.3412589136577,177571049.3676653
139.30397816900398,37.505930095226994,607483158.0470659
139.443025276236,37.4836390985496,214113865.9482394
139.546671200607,37.9589563107414,
139.39427870804698,38.2469269367988,271377410.40331125
139.557231201168,38.140532035019696,217201423.49769926
139.435063719138,38.7342198289695,
139.240824011718,39.1450888506249,
139.090803791907,38.6528978259831,
138.96718786806898,37.8047260616421,126210646.26889406
138.90455614520098,38.2232447735853,
138.644024660955,38.089221320937604,
138.766464335763,37.9084541841258,389855021.0983403
140.516027221977,38.603042959635,399854682.04490006
140.44401764365497,38.340672240997506,222441027.67077368
140.56455309557097,38.4209242073316,611886887.311152
140.329506489249,37.9535086009002,310922996.415275
140.069559539877,40.493352036489,409976017.47911406
140.40235816668599,40.2558068087208,166995755.88633603
140.36464087212596,40.3864165361085,442039023.9294625
140.181397631616,40.3911996020874,348732898.8506612
140.099302028664,40.28191447569299,95902573.09666008
141.706848594597,39.0059973171693,3777511.253382298
141.761959432962,39.0632175332421,10489719.96748007
141.63724801201798,38.829902322763196,
141.58088902848,38.601587692176295,
141.29139470747398,39.1154402907774,168967142.22715652
141.17600249451598,39.2320656514083,219007026.08524674
141.647597160333,39.0470985023064,69863962.85530822
141.459889609632,39.23470462748429,227796254.70031458
141.415241374902,39.126259409423994,243193498.73226935
140.92337124350098,39.276165969268796,317715857.8962236
141.06827297854497,39.1959477508929,248276009.2920659
141.099561429387,39.0737757669798,123514118.78676136
140.87266030510202,39.4186351075968,273995656.73624915
140.937758088006,39.5352207372012,270649804.6295141
141.05114547813298,39.83114307300809,167311615.2350615
140.964482705277,40.0309198040037,168577680.30595246
140.93717030679,39.895714279574996,335272667.98860794
136.53751724942998,34.4628251271579,95124885.81682794
136.472036688141,34.5201168990744,98421209.27330941
136.622098720437,34.486048013636996,82002331.19689743
136.62479920369498,34.6468188506121,356593755.78606343
136.410325543206,34.2602922804681,72658640.44096652
136.454162935695,34.3310080778478,100627797.54846543
136.704527970021,34.95273076969409,133067813.88681595
136.779936548409,34.9762587833241,81720731.42036358
136.82580759084598,34.9274216158626,3193694.894562371
136.827438364419,34.873747616132704,3376548.0269011073
136.762319346972,34.87688649388019,74324817.7674742
136.383891253566,34.959969177114296,166153298.67814735
136.21618441926,35.094790882928706,185661211.07472903
136.07381281117802,35.162958581143805,137095016.2736347
136.138611220689,35.22419160622889,171696614.73091617
136.011059963757,33.9078509371272,85780821.40089707
136.04959684301699,33.9453546770448,81401512.12262368
136.026779235006,33.8088970348404,21232713.53935708
136.07706763233,33.84499579527,40634985.36308982
136.120086140049,33.9088810897683,11618874.736116443
135.37604584152,34.8650771995944,153922973.36364895
135.394172268696,34.7809059485613,63092570.25568419
135.281032593795,34.85647478358871,117065516.18376027
135.22980172406102,34.7598839369727,84728821.66478238
135.284621201565,34.730574059920194,77779096.6930908
135.569195774595,35.1660241742205,75730044.52618904
135.48010265146502,35.168892091733404,191502180.25663224
135.421809771336,35.3603080152267,178533670.19943064
135.405502715538,35.2541761888041,171227244.19832096
135.663822850941,35.27466224166059,228443001.158287
135.70429659316198,35.385114614318695,188087787.9315226
135.77594188458298,35.631208376147995,
135.390526476645,35.5655449074849,
135.58181841887097,35.7197929814682,
135.67741626479696,35.062123475996096,101159761.06205733
135.72347282867997,34.99461685533329,54609359.774576776
135.60782977080896,35.070271107818094,71017605.42638138
135.69419248700697,34.902859933276495,110565727.96890172
135.603727984362,34.8646492587261,191142954.87423933
135.563421832047,34.9645538126049,151133435.90394196
135.465132558624,33.6166404257574,66218420.57020366
135.469198885284,33.693658443852,85075514.50723203
135.530504550771,33.727106458716,48321850.41269264
135.552068757468,33.5654953754406,103123042.15933287
135.597295577667,33.6776721709725,86434502.3695744
135.622926111024,33.593079105791695,133626880.06476654
134.506080753396,34.1464231555194,131618417.49890292
134.45684422754098,34.087054681960495,139650307.85922757
134.38746206645098,34.0994144768574,87089341.52762982
134.66329188071097,33.990068383227,118252787.23341288
134.642371306311,34.1039133655902,170442097.63104266
134.58357818621099,34.049330911048195,68386613.12327275
134.61480533985,33.8405750703867,49762020.21901732
133.86420330756,33.5907026141313,74770225.56652936
133.870517499411,33.82048030306439,132301796.16510488
133.82628201006898,33.74558497034669,162108173.80703247
133.876609646802,33.662953931276995,64149154.05115162
133.96553930628002,33.8229138616842,96888897.48478398
134.0243412255,33.78815449430189,106934968.8164677
133.50031500003,33.5635366976613,68937323.24715102
133.461498365415,33.659929402426805,127032871.86574474
133.692973292274,33.84945889291559,93008664.69793306
133.73421572428498,33.7552948125987,139889697.46392944
133.709796709764,33.646079251580396,133362225.97535115
133.63421720846998,33.604415722016704,133388024.94060917
133.577953128774,33.6321689707476,97023566.62391587
133.614692641122,33.87227213969609,135964586.57781875
133.54153893722398,33.83283723458099,151611078.81997812
133.53913649415898,33.728561675513106,177095864.8859517
134.34076480997697,33.7589443816053,109396486.84618504
134.401786830498,33.769758846384,132652877.8098331
134.430209031327,33.8948089617885,76166176.4566044
134.386020197319,33.9864702744072,98029585.45135944
134.310337583004,34.0013787974058,147117421.03057343
133.975591804263,33.4302952718031,12465436.095004162
134.040808208637,33.4274203706553,46254812.82777347
133.931565673983,33.5152578050334,70421098.21673477
134.160763758549,33.71925851592209,163762509.89820632
134.216302557447,33.6369957370227,242484634.74281827
134.040576398487,33.696920777919296,150216619.5704722
133.977226190808,33.6461669244789,95912362.21980467
134.05771142148,33.5062137851925,48040962.536211774
133.999311808692,33.5479384196451,175174783.58766505
134.208060361749,33.392920203683694,31147596.091879543
134.184327035319,33.505463385906594,148525537.02740717
134.12383764153,33.495247676912996,62494135.46740131
137.507528425278,34.866918981731104,84725703.00692905
137.60742535458598,34.778580251154295,74995214.45502782
137.58696596073,34.8570920181924,74348654.03083183
137.176724398989,34.8738317700498,91169625.47254233
145.415775418155,43.234479370341596,109402512.94563638
145.315742432454,43.3547438393586,378726554.41946155
145.55651501612098,43.26647554407089,73435377.32229751
145.45648203042,43.386740013087895,255402123.291843
140.79085975264198,42.1758886873302,261263993.51331005
140.814467508297,42.3195192175074,201812882.43338805
140.636323921104,42.0619365813471,71424522.87211399
140.71521093828,42.043392386952,75486769.44774856
140.756212287735,42.3785682413478,248507806.3342117
140.58217137356698,42.38538700140359,782217459.6093143
140.515922689098,42.2344773125484,202326179.6797654
141.62677496609402,43.0896016295646,171337139.90009853
141.601907233116,42.9774584120079,150812661.84736374
141.498550266513,43.175351684701496,207964290.1648136
141.455142491058,42.9735004391781,236565175.5456088
141.377997496329,43.092187819919694,277429786.817454
141.179270501016,43.181939591844895,102221912.18426046
141.160730458539,43.092231563878194,116742177.21856202
141.26573428377299,43.113121321360204,148306926.5773916
138.923078626101,36.6055602168861,124704664.80270404
139.01497817856,35.65894894614689,117635565.3645362
139.083753127044,35.745840098496004,297907789.7766504
138.844364148336,35.8066609231386,229292279.4500352
138.900593188203,35.621057794641,120628101.67679296
138.76581407746198,35.713200373128295,126127081.06374702
138.80544486732,35.629779998000096,267129542.5812021
139.161825762333,35.9546294328078,108651008.24988134
139.12331131083,36.0714917274096,240796304.5033573
139.056576494979,35.8713665922579,187323318.632477
138.97120329648598,35.8866581932782,140047227.67742527
138.934267240461,36.208531120766395,111249785.2104124
138.81305992573797,36.19706415724409,108204325.65498999
138.833273304198,36.0873737130522,218555093.7152158
139.004353244493,36.1178264948028,195272178.79852754
138.95749449750298,36.0162558012213,163560765.7285633
141.690368626092,43.4135752922916,294087300.0754046
141.781747403967,43.3283155974471,307827953.4038099
141.76430108544,43.5868732827594,214276541.73726436
141.960257657823,43.4285332713441,430059313.2159708
141.936131157381,43.6606801290033,247437915.7882763
142.04070895188897,43.5875998124325,312317452.548571
143.492870451216,43.5524097184605,339069292.6471267
143.483449030119,43.7592074332875,203449653.02381533
142.983803892963,42.9143252559549,258243346.86461526
143.008493630409,43.0369764576081,268004151.99497956
142.888226768298,43.11252468736289,151223426.3173297
142.771055263287,42.8982511241955,368885397.9732934
142.73466613923,43.11043050113579,166585010.22255778
142.642184371665,43.0188081396216,400415127.9359005
143.30037538931398,42.4489719609384,286111139.5063515
143.158017356541,42.3647632953138,242589703.5123603
143.082109231446,42.490641870863996,156557222.71833047
143.52222658864198,42.874204208460895,161084431.6561956
143.360585551029,42.9203720212179,305206684.93819284
143.518399218084,42.6752161442574,190217045.6566733
143.58319085160602,42.7581065893839,87957000.2869892
143.973281515305,42.9876545449593,204098552.86039555
144.039802182573,43.0630113445257,143764496.815124
143.70403682913297,43.00434242767079,439444509.60792774
143.813774040981,42.92788984935989,266107607.7026917
144.02164156215,43.216056343495204,327124495.3447575
143.67300187627197,43.1673688563975,224377465.12058997
134.28066819357298,35.2387911071328,113456346.65130255
133.77388944984898,35.412171564353095,195723538.44766295
133.710899669457,35.342097154494894,118855774.42629053
133.72254140849998,35.179633968438296,152657508.69778916
133.829970077892,34.6323730406709,171864218.03511453
133.705145294952,34.70550147009659,179117677.47063178
133.69764127209598,34.8467587892853,248170307.0905867
133.909280776029,34.487987099709,149994567.2766519
133.828734411471,34.532546646642004,156502926.20985144
133.764765182367,34.4635917184911,22668291.099353433
133.73248387415398,34.1049920593767,183691814.65760028
133.616827500948,34.2746610297828,
133.66120880904,34.379758718962805,269083977.8368143
133.82513693125497,34.1370199126044,147644389.69522995
134.42376734555998,35.1233470410273,216717144.25166863
134.512531631577,35.121618135935094,173244353.00391722
134.38985637033002,34.6307622604317,238603356.4299139
134.468576237556,34.734897712178395,97916026.19591415
134.395628219754,34.4499049196412,
134.492558525754,34.3497269297754,
134.606467567044,34.3885670053794,
134.563084229145,34.7694599199453,51266747.91476385
134.691774658815,34.4957260107405,389485416.4136427
134.66660175969,34.6723054836939,463114017.6168793
134.571639566859,34.845247980714596,64401987.756392166
134.58349554780898,34.9484516539818,121273416.08744848
134.49820838404497,34.992938466188996,161950684.1294781
134.47713157527,34.8106857729477,100161263.79017143
134.428266252291,34.8816062681889,184186976.59921682
134.052601485858,34.4008646881548,145586647.43527576
133.985951121561,34.164781370181,135325966.07209015
133.884878099874,34.3998736636005,119610936.77903092
133.81221703670698,34.379190636110096,38132222.91072858
133.960414568805,34.3499979196737,94398489.14333564
133.936025254647,34.256245056230995,97478478.3211037
133.784997102306,34.30547310226739,119837371.50952703
133.83326885131498,34.232403266315096,166865609.2220372
133.271386311855,34.9013776228557,286800370.3635171
133.43065714651198,34.8567963337638,275483154.8369671
133.248828204558,34.6840129471638,195685934.58945954
133.175148696579,34.7944179228954,309862674.253332
133.47455552956802,34.7086224459678,333766165.8600948
133.38896420288998,34.6427987593281,156263121.5225301
132.969897153786,33.9167344796841,161941976.68688878
133.07486199958498,33.957657290993694,190127633.6466781
133.12950631793996,33.8000823620625,274027419.04002196
132.987459147411,33.7387654670319,233984253.93101966
133.06839979586996,33.6756136401795,192424679.57087308
133.122090756237,34.0804306650951,371791849.91708654
133.26264568933797,34.222262517824696,
133.24213154762398,34.0452260575746,222491615.05331278
131.683678098555,33.722136359109,
131.679454264314,33.34694277088679,179568895.75361502
131.83199299891498,33.35298084301919,355210264.076669
131.587158624801,33.4385654093733,126034165.69185516
131.57907079366498,33.5456684446653,149324327.04412955
131.939279859156,33.55512118329689,
131.86892356215597,33.7803717429882,
133.08244629774597,33.5198205457137,88611605.02571215
133.135569121599,33.3163365134853,126279317.04487543
133.18632317901898,33.4006511578443,125733645.58706084
133.161665738343,33.494012416118096,170507871.385691
133.022296659978,33.421533634721094,102007287.37631123
133.050762043155,33.31141086076649,141180884.21356004
131.289623081331,31.9820653472793,107709682.25035098
131.24926557081898,32.11663770936389,158806055.71713066
131.199991782024,31.9331229913377,157194597.4798671
131.159634271512,32.0676953534223,238401861.887019
131.26726836036,32.55321267016829,190425022.0653397
131.394525456711,32.5866786935646,141491484.46834165
130.053241418529,32.639986203947096,161793485.63120022
130.08031882718402,32.7303664423527,169497575.6359329
130.12688241369298,32.5063672488456,112289516.8626635
130.274955608226,32.237369149345795,291239327.44331217
130.214705213868,32.327018275203294,127725452.96175645
130.407263362794,32.43245723191979,219550532.6043606
130.384004048958,32.27139343124399,289153103.2723296
131.740973328459,32.8236600947211,238146101.32742724
131.738163436143,32.954373729717,268028465.26018476
131.87756657443498,32.851701537962995,178692170.5846824
131.89130650697098,33.030156658999495,270439401.8764687
131.794437358188,33.0834312720054,139101547.48197287
139.23736944054298,34.708436202594,321869797.12501967
139.2741865218,34.7966891710812,71938340.42631662
139.34031012877796,34.6445463625503,105363747.99832176
139.39466669591098,34.725175112535595,28549708.143963907
139.377393936693,34.757716295091896,15157703.938892875
139.107236808441,35.0618554791318,59037837.024797864
139.04152129398298,35.0863659345078,92949046.1468061
139.03064534502,35.165912496389396,77622599.72165112
139.086822320094,35.2173850779498,52792745.904313244
139.1273832036,35.1490958802192,54232181.16139151
139.143773504406,34.253832299530806,9232993.385357574
139.08203715865798,34.4205375373398,
138.96349849370998,34.8430742511093,76319003.2256638
138.93657120670798,34.7684705838888,47312153.19117745
138.71220074933098,34.4671838065797,
138.591624948117,34.6310061067113,
139.019612188446,34.3461161202258,
138.957875842698,34.5128213580348,
138.79214062787696,35.0812158852309,161619232.5430372
138.08578718028602,34.8769337288229,12438762.20346799
138.062428559715,34.8546043189872,73360501.38406391
138.010267296363,34.9458489926073,57118334.743930504
138.067378787976,34.9726331652555,6334078.50273564
138.031851111099,35.00189924535481,53414976.60160387
138.42257578139098,34.70638703853089,
138.522709413693,34.8341551374432,465663034.49262565
138.39455781013498,34.9342353017592,108338985.94758368
138.33180942893398,34.895630434632,11204782.731569797
138.16593809772598,34.7783481646986,45229957.991278015
138.16801079710197,34.7211335220684,31501535.91793961
138.22943122111198,34.8159820905963,90192891.33512191
138.28091702535,34.811566607522096,20398587.435813338
138.19411866938697,34.669604216181,26113437.801828995
138.243531774249,34.722403375736995,67263969.13935356
138.135908047698,34.6893346739379,29993328.082469072
138.08018206752,34.635361510127396,26636899.619971737
138.023946185004,34.656444968237395,11312648.963010246
138.14409852190198,34.9498709877009,114850293.82682845
138.198389695575,34.9534158338475,63113459.61329634
138.13015218000902,35.0346951557691,69909549.45299776
138.18564823651502,35.1204424891782,59136563.56381001
138.26357209335,35.1202914549498,99709545.60688785
138.262367210517,35.038088967687294,97953044.86520106
138.92080243041,35.139344873750694,33823374.33755648
138.89006681427898,35.2084836181848,37957553.83553709
138.969957594402,35.1845071814016,64615581.68580632
138.939221978271,35.2536459258357,81366197.21000095
139.196136330933,35.353006864748096,53379833.40092073
139.175320816026,35.2997058893787,37329966.03942373
138.512929768422,36.6383433765756,119200792.37577315
138.43722159999598,36.4210652028993,101748511.25246134
138.36040393586399,36.516124077727795,364806399.10535866
138.398281511061,36.654620871329996,354051349.7182816
138.53677367045998,36.754562196531296,215049199.63994932
138.492083629911,36.918134620653,278553687.69350237
138.549598267872,37.0106009077662,163976718.97266245
138.674081131674,36.9727297695921,237573044.38202503
138.67400204958298,36.68445863925479,310444057.1379152
138.77325069039298,36.8453730032091,354217405.36355907
138.77893161224398,36.711358932956394,193835356.207724
137.79185740287,35.390450815978504,241543427.77512738
137.912485578846,35.461242327786,248403352.63992015
137.932022954913,35.5976117008182,200598103.68217605
137.85741726289498,35.6714058639972,219661900.94626334
137.766163502517,36.0822693768702,206228676.03060743
137.834125458975,35.8783173234486,130070271.83981267
137.932646939175,36.192549867051596,66285187.29334111
137.995115211723,36.1833678200148,44267900.60722936
137.890298087817,35.9928308419515,160789457.94495037
137.866281779688,36.0944168470017,204063427.72776085
138.03216331320903,36.063176095722596,137300886.62826556
137.99371134879001,35.9707721377092,159195430.72270748
137.46379671222,34.9198315552779,77722993.09151411
137.371954727337,34.913855748585,66820424.4830401
137.290100366925,35.230233592969796,124985924.16284966
137.563457555139,35.3256333390411,125928433.03061615
137.47320293150398,35.2983803816094,128581881.8154537
138.39197344859699,35.807953986486005,151336468.94754988
138.39231697090798,35.6541849832575,172629972.67945164
138.481275164199,35.565646106364,151199164.3669252
138.48084176087698,35.8473395592015,165155632.7553645
138.56456213133598,35.666734602170095,146323200.72183245
138.564472250325,35.7946590517791,313178462.9824549
136.534832027979,35.579478411995105,95276902.66510493
136.57231148965798,35.7199159898328,166254459.4800567
136.585213635981,36.0136020242922,191892887.3846653
136.430782140675,35.8328423504007,281029983.1566564
136.328466166629,35.690331014626196,427523509.4561847
136.23135126909,35.7425354059983,167971642.08448848
136.22703400086002,35.8797069554715,131373845.03095903
136.25421521913302,35.997307579233,174701556.62102845
136.360848461409,36.00264736553431,242276091.06271017
137.013183091422,35.1750211764303,48911671.53616665
136.976084901612,35.2438981463778,103292892.59378055
136.89451537937998,35.2275731820375,111181914.05972527
136.872107630379,35.1107958816021,138675995.9637024
137.34670987540798,36.8056821620235,152641945.67673793
137.269727461086,36.9956669559774,
137.116143497685,36.992517289975495,
139.682210975274,36.0082633808766,116471580.54479723
139.73509521965397,36.0969881585115,161256712.09758866
139.570339393551,35.979802396592994,141545916.38792405
139.89595017588297,36.202775565046196,137146885.67056993
139.89406972394698,36.0183977120088,146663047.22486097
139.833344197107,36.1061824879866,121195322.92738217
140.129838504711,36.3864919928994,136338895.89905268
140.302161317373,36.029290236314104,108618882.49809939
140.225940450222,36.1269006349647,172281390.0164173
140.41616400596402,36.0792740047707,152423823.3900374
140.44062346644003,36.2039149294317,192632860.19461885
140.287018541802,36.275055765636594,354282738.6207612
140.38769886942902,36.302086291647,199003092.687574
139.890222088749,37.11807149596589,271907875.9424047
139.946158754523,36.982472595212094,309748686.5269353
140.124080070612,37.5320475042249,108051873.26254666
139.912571566911,37.4260253614995,251601716.91699827
140.012680285038,37.413765974560796,236042802.8921339
140.06581744412398,36.973381610401496,169683511.10370553
138.519251082894,37.3638506669241,4180765.1291493378
138.507022729185,37.5789972064518,
138.440887643355,37.5192410180016,
138.56127475344,37.3157116173105,67509659.86875848
138.652470589611,37.303304692793695,171232810.36350787
138.67658200489498,37.41119993085749,202614786.82320213
140.812536891378,37.88118158099219,194406334.85481393
140.890530517902,37.8831277486893,69251731.68278252
140.93704705244997,37.7519852989125,54061395.96414547
140.86818830901296,37.6620326644089,212162227.94483975
140.78289913544998,37.724829656081695,229698918.57590207
140.88134923278898,41.2627052138103,218774099.78858852
140.717016914331,41.257844023644594,488876280.3005196
140.63548782805498,41.12049865388849,192425052.68698633
140.66449028418597,40.85720979874049,321292559.705667
140.72030403891898,40.7240041249734,194045254.75131482
140.63355729446099,40.3506704787384,197527007.77080444
140.70888118798499,40.456833242733595,444736733.6348098
140.70130971854098,40.0565870020272,253052124.65015277
140.61946385727902,40.1499356725599,422157724.38517725
140.871491911953,40.1183654142348,190852308.17220247
141.174298451604,40.122133172088,303549451.691424
141.098522559951,40.009454200778706,118285093.4528086
141.13798948952999,39.9242948359002,89555782.49478956
141.266731874004,39.889610538010196,177408536.53764844
140.32533066354,40.932863154981604,273756188.0076561
140.17848894584702,40.8730212747681,416601240.6527501
140.178978286908,40.69085899448459,255421525.66725278
140.38699183680598,40.7670864906393,255858645.76373056
140.33480738910598,40.6554327624621,180823078.1838516
140.63788853129398,39.901176526962296,270318819.7181505
140.388053350644,37.8486524678955,101730211.97914357
140.396022903609,37.7464554252885,105210353.09761257
140.497651773039,37.932146742632995,154812806.83459938
140.59267389321,37.8770415850332,215666993.70911103
140.53296088177498,37.7766858766077,205300829.56152675
140.48670218477397,37.56932990527859,124043493.58640786
140.648910805623,37.488617849291394,225368883.69880503
140.551903477326,37.450061883940194,205427613.51629794
140.67076208027697,37.654977755637,233313367.027273
140.574574629984,37.6958923374363,190637748.41831282
140.71190257914898,39.0401273171613,140743111.28890663
140.81017929382799,39.204236176300796,274096662.3637677
140.831514903387,39.065159267049296,267712895.37720454
140.667297793407,39.2708952940557,199326009.31203836
141.03782034077997,38.716816107182396,95941258.75386547
141.085877271273,38.8199147099577,265566426.2006763
140.923353195306,38.954883268085396,235104448.1265153
141.02845629727798,38.9753589536454,238567316.56136006
141.350775915426,38.8083181760604,142535106.42209527
141.378434572617,38.8979381291688,174186348.33656943
141.23985212224798,38.7647013828426,134274203.13636518
141.183407017323,38.8487747126688,211619911.43813035
141.281905666473,39.0043043714808,160035034.69406986
141.19780190435702,38.9987577481986,99546079.46992835
141.246922678455,38.6340177728439,171800615.3413627
140.825099351673,38.2839859628589,146561268.51072556
140.795869021665,38.5067649900615,81104355.03836778
140.764048670685,38.4098093185983,167950321.34794357
141.09013831512598,38.6248710582735,93133503.5473776
141.127302788307,38.4175904110779,122535296.67785315
141.207550112772,38.487596268792,77520182.82035795
141.19015343927998,38.566112245742396,93881676.00295754
140.779137881613,38.6192595338154,113217830.45028055
140.861086995882,38.828873085363895,158585413.77124473
140.661509085669,38.6870889121992,261410106.78601068
140.871335064306,38.657362432144495,181374854.86410493
140.918133167361,38.7462501681486,122219457.37745969
140.62879803710098,38.8471026768891,442190787.2908147
140.740763942724,38.9077191569682,199184733.921242
139.254817505562,37.6790601758208,430492249.22025216
139.102729672533,37.7417577624351,57607909.190464385
139.11524115126,37.6711908011703,135058710.02794445
139.079313631038,37.8198082572717,130049589.3624082
139.43045227366198,38.5094541841152,68175671.32535453
139.418322286782,38.3985823620729,375739035.99489623
139.581274779903,38.292187460293796,327462032.91610175
139.62324124617,38.552330879683495,70238643.90143158
139.688664783162,38.413290525109495,
139.670138232669,38.6156475753807,171311949.67299402
139.57544347975798,38.8128029588706,
140.35519319698798,38.0990073802338,113358933.81139319
140.329699679928,38.212694198415,99238518.19916539
140.479086863049,38.11822022942339,227114992.5643946
140.453593345989,38.2319070476046,199455562.74154335
140.26504970223903,38.252204583981296,128234063.34142919
140.29638560166902,38.3684164293012,133949216.93386628
140.15769610867198,38.4467289316011,187676442.80623937
140.24786247446698,38.4675352307631,250921959.52783766
140.379709005162,38.665298773431,224118205.85393417
140.28746532045298,38.6240562730935,153572767.67389917
140.191338800733,37.7673726543564,253696990.8758977
140.109965745519,37.7117288179632,253529249.42214236
140.00122719379496,37.8132623115984,410139288.6699768
140.213166554406,37.9447352039943,400063165.5143159
141.28297798923,39.5629066456668,184516858.56737036
141.159168554745,39.470464580797795,209518934.89062983
141.20569047875398,39.3500770090923,270671524.01546896
141.40387523163,39.4765488013149,282886571.6000951
141.36573092644198,39.341896866521694,254054038.0308175
141.776884536969,39.1411249390557,67656123.8990592
141.690339695652,39.1361955580431,214527041.18595394
141.62199916038898,39.24075085813409,228854839.27912608
141.655256331006,39.39174898947749,382415485.72906804
141.84867534717,39.28590451131719,108285000.3364326
141.79538767647003,39.431973261648,377256907.21397334
141.406166589138,38.7352465372884,81952522.49402115
141.462507374496,38.6826852289449,40433221.67530421
141.343132853142,38.641372358978394,152170153.2794845
141.3994736385,38.5888110506349,99554424.14851214
141.474892765833,38.8982456247495,133638715.38715093
141.59185045889402,39.0067956513279,111152869.1080018
141.502210527117,39.0154309857081,199883937.883817
141.577032717483,38.7909350742111,
141.51607491387298,38.6573891471394,104969422.31698577
141.503574894,38.7560643632976,74853701.09652445
136.269819305235,34.374951769705795,182000216.2280509
136.341593007147,34.3096435171842,56322711.353729
136.39991099476498,34.4821514643309,128029460.5288646
136.385430399636,34.3803593145639,93127018.7599706
136.42885354022098,34.7356039128846,120432864.59904245
136.481313996984,34.6329963559998,114192675.02702509
136.549495041531,34.7364754210584,182321585.17044628
136.533863488176,34.9223615762505,234086116.42260438
136.452791146221,34.902729693968396,191960287.82923654
136.078303065441,34.67005027690381,104666177.46593945
136.12205002364098,34.5977996316909,159458393.16616133
136.079783814018,34.770804898434,111988832.61331908
136.18599568176901,35.0004479175021,86372135.6043065
136.114161769212,34.862708530485,134264701.666926
136.19440128112498,34.8831754925841,174942354.66863626
136.066749160947,34.976979951533394,106951860.42270702
136.10121360082502,35.0521060541718,63546997.35376087
135.583980752616,35.2943888534688,116064863.94958359
135.60851993178596,35.360008668831,23374825.3244728
135.51119468528398,35.403388597404295,187481259.8905373
135.535733864454,35.4690084127665,11155475.316357784
134.515094818566,33.8399225043165,66754017.19351878
134.562221552088,33.8747569571895,91098446.40856665
134.47051242725098,33.9127624925892,37908229.55353434
134.495705754333,33.992064010311,49973270.06688435
134.55191497284898,33.969667815487796,77172123.10855302
134.28714876211802,33.864288802776294,106652540.98810747
134.26340568333,33.947242438249795,100287414.70846952
134.19551260998298,33.829506374700294,146466352.6346632
134.114429872401,33.858831650546094,97651840.75745033
134.150108730825,34.004759543964006,97609596.08128093
134.092769072031,33.951131184336305,139586416.50741616
134.07913499557498,33.3901235283792,55655931.36711577
134.12891025088499,33.3992930323371,87300809.53016204
134.15517330765002,33.3223053658737,44288561.233773224
133.826317386531,33.2422616437131,
133.785680847258,33.2760114113988,
137.450052860076,34.750941057016796,69539167.14453754
137.48734447720798,34.7937185611719,66581244.04719604
137.51767039098,34.6967136363012,29180678.183699124
137.554962008112,34.7394911404563,59370529.04257719
137.104498852266,35.0837759108694,143869136.69408074
137.141529635484,35.013526907139,143596113.06701466
137.096679120984,34.898911165526094,70601877.21390706
137.025383384604,34.839820610505896,199920449.32005966
136.941606493131,34.84931448502349,142849770.17152753
136.91636550748197,34.930753713286194,160947310.80205974
137.00858795431498,35.0936645442405,47001467.49431391
136.949082015504,35.0457642137526,178065791.8308189
138.93162064181396,36.865938277142696,157210814.76192406
138.880095894804,36.8191669690746,86860173.85859525
139.00690925219996,36.714553311486604,170163341.70240676
138.95538450518998,36.6677820034185,90716419.26389322
143.61711495219,43.473503475207295,314890092.7070054
143.897429464602,43.333702240395596,521796142.8066088
143.72504765784,43.28391897455339,444110658.47829664
143.618826507684,43.805393900845495,258730970.56254223
143.96303118377398,43.909224330430796,337454482.811678
143.69205189108,43.6599599603607,324872661.15808237
143.79651960992996,44.03975922430261,564417302.86882
143.631330137196,43.988449050833104,372319230.72316706
143.18121988272298,42.766419980295005,236280596.1221492
143.311778578881,42.802163070628495,304900836.8157584
143.40862798297198,42.673104812745,190969656.8008334
143.294306662914,42.5664163863213,216632914.9229519
143.175022789161,42.6156185099502,197491351.09240422
134.070648390987,35.320545396552895,153657239.56342167
134.134207711086,35.2569210659556,108254902.7797031
134.119219206753,35.438857608481804,127157385.94625814
134.212079686443,35.407090063554,157448532.0787794
134.22610992327898,35.3190999871083,72397145.97494303
133.93060186037397,35.254178755880694,283596348.6151001
133.84492086933,35.2837262848323,201564231.89019406
133.96096993659597,35.08397638148699,101767541.54424967
133.85596589805,35.0266735246791,135384256.77167252
133.799843017566,35.1203291761773,204981067.30231273
134.133693575838,34.3372454903775,238433722.51332477
134.160380676861,34.1114202148302,201210424.94526482
134.091432525699,34.1949150358464,260653079.6072981
134.23063056117002,34.398388609787396,155687502.59747994
134.303108332668,34.3114852519923,182113899.84411204
134.261301363783,34.1265819268407,131170636.87592496
134.315695763799,34.1863694534901,101291467.67291878
134.00850027975298,34.8576790598157,236438839.7250727
133.887308340159,34.703111756425194,143172269.08180693
133.861418502735,34.922137014708895,222442766.91397032
133.807949786808,34.8406567218864,190776291.07984912
134.09137004194798,34.5720565655883,179634252.4928489
134.009069532822,34.6763295952425,212464559.98233566
134.076792756489,34.749416605810495,189287616.16328117
134.205226488498,34.532756953942496,125907369.95916112
134.271932410572,34.6267109369379,275731237.3789447
134.22579918768898,34.739097559151695,156973244.42039952
134.068319567226,35.0559312282828,249462968.3786796
134.11039730569797,34.9341704165817,281767923.24820507
134.250501253902,35.1252820825038,104144268.6928043
134.16047873038798,35.1503614863126,231330942.8493706
134.305965706902,35.035868460093596,77389951.94033162
134.324787861165,34.922807357001304,206217753.32574254
134.248800094035,34.8601380322272,229622201.1156498
133.192481966412,34.4027285990784,182168518.32367662
133.24320701673298,34.5226352348823,139563871.82900047
133.18301866617,34.5966320031321,176549824.26852748
132.948279895728,34.21942657711379,174982578.0372127
133.04984168186704,34.2335506782291,286218850.2680675
133.099718750328,34.3788121519623,209252507.06696168
132.89151213307198,34.3044448094403,135108885.63816276
132.995182488333,34.5581462724234,278707463.79447037
133.072532942514,34.5188004134028,127056242.34924564
132.87138660582602,34.424843354714994,227838753.60579035
132.90068098276203,34.524432455142296,141507295.38824233
131.385978568152,32.219017935317396,244062741.33854613
131.46448426013097,32.2871252432388,213447378.75503373
131.27578230221397,32.2441563898872,221978704.85037503
131.469426982476,32.4159841433934,294258430.6455686
131.396658856683,32.4865435524135,119728959.01138201
131.20958115965698,32.3590615495554,190046763.82797307
131.269401760332,32.4530775290172,150246616.50371772
130.344777778644,32.6517000511119,70306080.93981302
130.33523194998898,32.5529431331247,157024983.1375292
130.19538525939,32.5517351392695,193949795.0137387
130.251722241795,32.4815284583064,186140569.39804333
130.313285598177,32.7221397924333,27810038.803658515
138.967058657658,34.9477316109933,45258247.620979786
138.94183676010002,34.8979905212664,24370285.927057154
138.86669169535799,34.91393204862089,34072854.700480275
138.817263135375,34.893573601335895,84465208.8762077
138.814398201897,34.8287494693974,58906770.372989565
138.761719233654,34.8091878250908,7269441.962993037
138.671600206458,34.8793210833969,71828545.62939729
138.898793628177,34.7578464347433,51467645.15002441
138.847710916959,34.7835674973798,80260536.53671594
138.870850519434,34.6726587396981,38954405.56576537
138.794561395776,34.725128527861195,46116284.476965375
138.812011063968,34.669775802020695,57606087.06397032
138.515281413234,35.1831653932605,157679615.43974397
138.082440321672,34.71417212194469,24633992.07675994
138.107685733545,34.6900581015879,19536487.153556745
138.052312311441,34.6837262741673,12369832.809810562
138.077557723314,34.6596122538105,11870515.51146054
138.17193226158298,34.6350183634455,16177325.814730546
138.154041364185,34.623402805784096,2354662.4603643403
138.143281420287,34.648266692813394,7557037.175203696
139.12363863809398,35.3898202890375,71619966.48868616
139.062156303609,35.508946673541,73582362.97824089
139.121847227253,35.4811663341861,149507055.93982506
138.970306899468,35.4127328478858,88877981.41091684
138.978159964083,35.3239576939557,142104313.9956663
139.06507255528797,35.306291531081996,80428565.33712374
139.102823123187,35.3365193136681,48075903.963653035
138.678516038139,36.5142513290214,338791917.71662337
138.580132810779,36.486460329732594,77099612.46404131
138.72152835314398,36.2648108555634,137272016.81493342
138.76982666282998,36.3951680572062,369487021.46061397
138.59949865733398,36.2733704818485,120590590.04990678
138.524492628687,36.333259087722304,72387124.4715285
138.54230221755,36.4076789496585,114665367.1608289
137.690162646696,35.5051340531745,272227885.3920447
137.019510615273,36.4586708632905,316253069.778003
137.51090125129502,34.9982262816879,125370526.14746812
137.60159345116801,35.0354932162884,98502260.51192452
137.605651865286,35.138590812497696,90472788.01289308
137.50911853625098,35.199476187018,136053483.90227583
137.45427839081398,35.106312650970004,238464418.2171627
137.31038058203399,35.1432136125048,113467006.80556197
137.366897963064,35.0861286639039,157573181.12871617
137.331678838662,34.97206648792889,71568152.86865675
137.24144000011498,34.95535489592189,89412972.92324488
137.22598287264898,35.028349711377,117778954.45943521
137.308608982545,35.3583462154263,183265950.60858282
137.380354020657,35.3904144166188,147062405.71527976
137.38674237842397,35.5221419728791,180515597.635434
136.75834474780498,35.4696294616554,96971067.27782619
136.600996890831,35.5302070709553,106493697.74097298
136.641595913856,35.4181803787449,82030018.07888745
136.580448402552,35.443153094223604,77634751.90616082
136.486525472451,36.1229740663275,286680021.1363688
136.36820317586398,36.116418102656105,161158002.57805842
136.438332412239,36.327729503735995,180963803.48692295
136.51999243542,36.2513481289707,269019680.3949164
136.29422688423298,36.2814354456048,155422352.51865175
136.257564610827,36.1984981071681,79696844.21855517
137.04531027838198,36.80234568003839,137739455.25495148
137.121452643384,36.80952926760779,58821497.068115495
137.047131732885,36.7123726639065,74531462.28951746
137.335815354969,36.5924947655619,194998148.71528667
140.140628605593,36.1299598623447,123028851.55828807
139.98816242373601,36.170259541640405,147008813.55006054
140.09913438876302,36.241139594926196,119590466.43843567
140.03697427872902,36.253617215705994,119271569.14552389
140.196135081057,36.62474825322389,96700248.2712204
140.106572561538,36.829314391564196,157956693.19169798
140.026148524746,36.7115394465699,242879961.5993372
140.046247894608,36.498373324313995,253931400.7121052
140.07282739305901,36.6075433835496,184731831.04949695
139.885934520882,37.5535537060563,234993650.63485137
139.900561791342,37.706636492246695,414648876.7759132
139.58539899410698,37.5972599189979,315925933.02251214
139.656600853209,37.8214745502924,
139.79042901238802,37.8996925710414,
140.15536506179998,37.177625592960595,185018521.664162
140.139369151551,37.06405880610839,192023187.90999344
140.33108538801,37.229168160521695,194930404.35996157
140.25168437557198,37.256658611535,107541586.38899732
141.310278338922,40.6945780602075,93465020.31834646
141.41475196718102,40.6580115072285,92388913.22463971
141.52704988626598,40.5676208528646,
141.485189446062,40.7827920049308,
141.370141888635,40.97045544870959,42547355.342228375
141.28788932138102,40.5993414521541,129828455.72292216
141.39236294964,40.5627748991751,140045246.61198702
141.229786522242,40.4559086298708,244086245.9971872
141.19783628425202,40.5672054684072,78616464.29938723
141.428579014338,40.4276690541108,205342325.79368573
141.35605562406897,40.35293876855339,200084281.401076
140.75828934667499,41.02464669237659,233305123.10109204
140.754474764838,40.92094344573839,99030620.46545756
140.93623397709902,40.55299726603619,237607653.1461127
140.83001689653602,40.4314950778035,293655733.24657065
141.365748404694,39.955389130493096,221244467.2504214
141.511439400804,39.952183252113,193027255.57680574
141.522192405396,40.0928454871494,219697900.09678718
141.3993709821,40.1995663793262,202991736.73274457
141.312781911873,40.1027523996924,326521260.1935819
140.013255747486,40.224768110900996,33536693.935055096
139.686062723394,39.6689643888318,
139.952401956807,39.9348805495563,242477864.98144883
140.343911358618,40.149760723056595,122959728.7715396
140.434635508629,40.0331834009547,114609833.31541398
140.37666353640597,39.85819827221759,289702800.34410685
140.719815761085,39.467339025384604,218234013.22714114
140.62764519906298,39.391529004811495,177279334.12579387
141.47227381775397,38.5061834408889,49080542.103806816
141.39674006188497,38.5109844787371,103702729.6952931
141.47687263782598,38.4114147373737,77761187.52279933
140.96218757148,38.26669235205959,69169065.85182974
140.891588805396,38.3038951120782,80904047.55165559
141.041066869428,38.3817383519757,134556941.74121004
140.871352025943,38.4219984248991,67431628.92338951
140.922182992338,38.513560335125696,241535486.15741327
141.021299069739,38.510503022220895,291151435.53527653
139.41642110358598,37.886699821779594,209190573.9120119
139.334816374875,37.8087273214761,226365529.0414974
139.757759986284,38.7260572543086,216374022.8430737
139.663065233373,38.9232126377985,
140.168886352869,38.2077151653681,115465339.23104401
140.133425545971,38.0992682124813,216471013.39520687
140.110055886504,38.303120711526,133136253.95369399
139.987349801673,38.404795386375,314281420.912043
139.86989932789498,38.308749955212,
139.885777483254,38.084289186867,402370611.7436004
140.002859240574,38.0234391564786,247789852.99299878
136.351683194694,34.558285054877096,111051162.36994067
136.371348431307,34.6988580465054,121800172.34806564
136.26542889765298,34.5218011576317,175642282.05873588
136.215165067872,34.6250358657951,190241560.14538726
136.325897540184,34.807980230195696,126568644.19240533
136.25596847379,34.7706419467308,193255366.87317976
143.927342366346,43.514640827394,287462156.4196337
143.829897498474,43.651314046705195,374648582.53877777
144.047796919686,43.6327947631521,186121477.39500254
143.95035205181398,43.769467982463304,280590154.4351806
130.26162488476498,32.7887176249842,75252351.81824891
130.268085645291,32.7187126565145,63118992.314128034
130.205119729179,32.7896132387472,65005555.45604713
130.16621496004498,32.711696996483994,46620852.08864996
130.207640397087,32.6666846485023,45714763.63938503
138.853918259496,35.0391044847921,37641259.4731163
138.86157222068996,34.9744773811488,81521698.228333
138.92932196170497,34.9892293081419,57525169.57119351
138.94566853355101,35.0552399770815,41844111.39742559
138.91364919913798,35.086966295799,22969183.09586416
138.57003401076,35.1257349178824,35362126.28227892
138.63563832633898,35.1611255887947,46509135.76295967
138.536267057793,35.0535130767888,32608232.910913356
138.694855334046,35.0835946213335,135415185.74298465
138.620196444015,34.9827288722505,235485787.5007108
138.713180404689,34.97741974588289,121390996.95593715
138.518738237517,35.3202097107915,34450018.86332091
138.536587412421,35.2672500736182,88417131.7509744
138.572456085195,35.3796140530965,22712817.798704565
137.761550430537,35.690512201839,154930831.87708816
137.696783154579,35.651747339046295,173660824.07180792
137.751617883891,35.83166776820399,99826010.54909346
137.54383037472,35.434986756605696,204365949.88249487
137.59468654859398,35.5231323208344,170523135.15862212
137.459964108852,35.5394613554343,118530625.65471868
136.70462082406797,35.9742837001845,267602894.78300932
136.80295199663396,36.018157383710694,324007766.66751856
136.97697173958596,36.32931922174829,163910658.40327653
136.816647150315,36.1496531638176,331555914.6638031
136.79637695753698,36.3408374331453,217879256.01696578
136.700849324589,36.2619819841455,289830514.80129254
137.06428195102498,36.024712679448896,210558502.97272152
136.965492537621,36.141312144003,171738553.4450624
137.030289493944,36.2421227529339,211961059.5239512
136.971200700081,35.4429664835532,209267151.05309463
137.04126272984396,35.39007178821841,98859042.74642088
137.18892414222603,35.5344182307972,112728480.21306732
137.148698031906,35.378669719872605,84679913.10559355
137.214978773169,35.430583462312505,193988323.60862654
137.194010843505,35.771157449841,86487809.85848686
137.313683045088,35.6567013395967,202053331.254711
137.23014867602703,35.6416685560254,161082118.36316758
137.24937498320398,36.7074849080643,95488445.53185439
137.25425726825998,36.6110365851945,162049804.5528208
137.177701714581,36.714481679650504,43787053.80874421
137.113482250503,36.676948117715405,97066127.40461397
137.11104812393998,36.5361489167103,245799155.23544475
137.180149873074,36.4772341557756,104082583.13796422
137.333649991527,36.442071330409796,252010562.38578665
137.452553909946,36.476790529476,229891368.98107606
137.23608481568698,36.361014475572595,170539031.463584
140.13074362419,35.9992729436769,112129084.82926764
140.111311987548,36.0767540791218,1758503.343802856
140.060843021616,35.968926720936004,156168026.82754734
139.989519194712,36.0493073850657,131567011.43380222
140.021005915725,36.1045761376377,1966927.9448432454
140.23519212162898,36.7036536762258,87068050.08821249
140.192308470423,36.8042237515458,175639538.3059986
140.348484427932,36.7205085759006,128515603.6460297
140.388430132962,36.7910098927305,103585563.5598054
139.45165097358,37.34884718175599,134316946.9583149
139.323976255662,37.1620659000855,180847041.70354122
139.40952230686798,37.2033528006492,178494023.85433882
139.48345281307797,37.1348431916286,191789358.19229776
139.277498413911,36.9843817792746,310452358.72814584
139.44049059639602,36.443343685161594,314767240.00128424
139.39202089718398,36.2756194659276,308242978.734925
139.43664856730402,36.1102614517161,295961782.85039353
139.53382376547899,36.099021222184795,255615270.3486765
139.618459237752,36.979327306439096,291164485.64710623
139.48396691166298,36.9984431203332,180275815.62982607
139.393007241873,36.751695712875,337286775.67720896
139.363558563702,36.8892686085429,280958002.09884876
139.31663847617997,36.6617349248535,183779039.7276795
139.351795403469,36.545725201986,198471191.9100775
139.172033711436,36.633432751687195,198584610.7762577
139.27315197859798,36.426909485745895,109852757.3273257
139.181943643677,36.4661159183772,358331666.13948095
139.88577921974698,36.866374947138,204782704.19669
139.92501387255598,36.7395090173331,189228338.08805943
139.975419874785,36.370427617164296,97253136.0144744
139.953989374716,36.4698313277991,133904657.75958082
139.88628796220098,36.3166864378197,178972685.2159948
140.91792002201097,41.0846748162972,211722389.586288
140.876389222173,40.98396166461959,156137137.85594165
140.95244293604102,40.710822959221794,450632170.10190386
140.853957335586,40.795623536982596,157583363.25924614
140.872574640336,40.880258417981395,33245921.5501602
141.14462309277002,40.3833540103917,296245941.9176982
141.027268859367,40.43551098717239,205378994.14994174
141.12477151146,40.2256239309771,188988628.75484535
140.95600482648302,40.2003905698989,241210538.3164914
140.92105177880399,40.314008798939696,261920347.69997463
139.762216740564,39.9297183298299,35375539.149219
139.862885599338,39.9822409783731,128954102.05454001
139.922422218414,40.131646696640395,247062563.28006697
139.788606268014,40.1585318141931,
139.89663040785302,40.290945495834,
140.046873415383,39.949852198908296,134405282.21630535
140.12310702792598,39.8027362303098,169165011.8782189
140.242183225782,39.8630861937099,389435729.33954865
140.25199589441698,40.0673485271004,384301457.50519
140.13423686816398,40.147480406777696,325495676.0782815
140.048190586986,40.0903340419857,122243016.18832941
140.70770354242802,39.584454968619,192805274.88632467
140.627952101703,39.6493514106591,156069322.90197593
140.83049560866,39.648765920214,162790299.39359215
140.82602261267098,39.812256787825504,378204695.71063167
140.703548324658,39.8282797283712,241098030.65460643
141.45693499179004,38.306886731553,18043175.311208136
141.44475915616198,38.367669922626,29231844.120124012
141.361015091406,38.348174066073305,91876234.52743424
141.303252714888,38.4291718578174,118110077.86679643
141.379332639468,38.437215849004495,58196947.210665844
139.171737127764,37.8789663155409,168319423.12466553
139.292592950973,37.8899358981396,249221.49834203866
139.183902661089,38.093327806914594,
139.34149528358398,38.146559789183996,
139.374197679684,37.9679083984431,253255.49475444094
139.852033827957,38.7455729192136,200435373.4485163
139.94728608511198,38.592168316874705,307761903.74957424
140.076854653626,38.603625705687904,326590334.70608157
140.14798836620997,39.2830529794989,200588200.66240507
138.593868720384,35.349142693537196,33693611.975976795
138.64153966614597,35.2122878520567,37253294.31391928
138.597241349754,35.260981861502096,15946304.477733314
137.6750134551,35.9661589390752,164537951.12757862
137.679557127354,35.8658205015891,122130129.01280454
137.624469313353,35.7713723280177,96970462.00833915
136.67091898458898,35.749024716669,212459942.80347797
136.75483970167798,35.8270314482157,161258971.8541899
136.68076530652502,35.6113418613315,160358190.46702728
136.776965652195,35.5757369675103,233269288.3936517
136.98630703929598,35.5839598571391,279951746.70217067
137.077671435276,35.6126284149966,169391462.64235324
136.872962594874,35.6655475458876,208848390.1306859
136.86068296629298,35.7791591712555,123726614.10033637
137.102996175882,35.756925323862596,318265181.30509925
137.029209751929,35.897231957795995,328133452.20209026
136.91672518484398,35.8823356422432,142387685.35031742
137.596057108191,36.2550192161586,
137.48953220174698,36.3220055451891,
140.252978789451,37.0303555531041,148230789.96833313
140.26516299090898,36.9145877173788,227617718.57585573
140.34799234714498,36.8845189588887,108606916.26057707
140.348375712138,37.116431888943,145116442.39111546
140.436370318464,36.9879546676167,159755988.09432295
140.44893788491498,37.1040997619457,146808608.71381238
139.55897395687498,37.35665024903789,166991925.05610192
139.75716736221898,37.4733161819445,163040989.6973171
139.65487813883098,37.477373507837996,321851789.94029814
139.783804408248,37.3457878373877,170850304.6400537
139.57814895918298,37.2312586011234,183725782.51631927
139.773878844237,37.1852349682803,277486852.1586743
139.67879858654698,37.1306328833682,306408843.4671941
139.82953336489498,36.633985840372794,171470629.1302977
139.845614449959,36.5273994090819,114353544.7713607
141.13111281393302,40.68506159928209,116355692.45524889
141.06191777746199,40.78374743071199,194131381.8038484
141.28552238476502,40.8709405065324,207534226.47355518
141.22881835240202,40.7565597447525,276327180.2652079
141.223562451378,41.039683277234396,443755445.28729874
141.095525366367,41.1168157335507,430058282.60484433
141.02118409123798,40.990288660190096,182849982.47183484
140.28484546913097,39.4979287951017,240334014.03277996
140.51255514255297,39.598227528558596,241099171.22979268
140.500136021256,39.4575210659454,188220538.20416957
140.393358673392,39.3875031721017,326177102.92509526
140.37154508830199,39.7056847527615,347562200.80836064
140.49247741386,39.7359655923747,230955846.33609647
140.51070590749498,38.9489075483838,264119766.8738318
140.407098739248,38.85114959748989,258764759.0414972
140.28100884616498,39.168291613116594,243252661.67495486
139.88393958039597,38.8862034124245,163890801.44282794
140.09696112277797,39.666586279666504,261896467.8243095
140.173956419145,39.4906874466423,335960714.5390823
140.11197231484198,39.40415876104289,143111259.6804716
139.968546172224,39.7441875630954,274384141.1823183
138.67830798228,35.2648116548178,94499175.63877891
138.70220089275,35.438139868596295,132162386.53728996
138.64008760803299,35.3628358840812,114069954.9624455
137.360940528867,35.7541662451314,159061199.53918636
137.542684029366,35.7820162521855,168842771.91370875
137.454400298622,35.6790433175088,93643496.0514502
137.51952177249,35.680389530873995,144117767.08522895
137.591498804067,35.9757769828413,104451157.08461995
137.575690441728,36.0538695031416,96295911.16782944
137.514257192334,35.886082469523,89569347.91233005
139.72813686222597,36.656329655434504,222757704.97517008
139.629486044961,36.8355866446095,367222580.4472292
139.745789103492,36.8036311011501,263372008.20073158
139.524442397043,36.7171295628357,155809570.34087646
139.53676882427698,36.5247872579898,221803998.50040716
139.79918175702602,36.3503973350595,196558861.18403062
139.77993874485298,36.4617065956869,111740175.13699777
139.710594993255,36.227292132810895,220833127.5589968
139.621195120803,36.2577861807678,240918703.24736345
139.61537141989797,36.4506855965637,299096654.91396487
139.68552828017698,36.5315008092342,106811392.01068047
140.433378667659,39.2707824873375,166686375.87931594
140.39590183904997,39.179918058355796,188333807.6743492
140.51384702001897,39.0978723140841,127429638.14638446
140.60307778605,39.128475602782494,115998890.00482069
140.579808609867,39.2201666704254,141309579.05940732
140.302511235711,38.9131259205711,303568827.19191337
140.250262677756,39.0483177627015,298709081.91022754
140.226909709953,38.7711523523478,169991482.33120915
140.106465408921,38.771528084104204,369730399.2271128
140.07699833592298,39.035517298875895,270219905.9471342
140.008802592846,38.9007011885019,304504374.19448626
139.989314378529,39.373496221270194,81609166.41923998
139.754144457873,39.4236375826326,
139.922883532278,39.537626190298504,
139.740787427043,39.09149372634,528265808.1038674
139.867387932393,39.034968836061,120117119.89784557
140.025330429897,39.2523904397262,263051881.3086529
139.985086568019,39.124828609518296,227943998.45061174
138.72596853574797,35.276438666000395,45157182.35619918
138.837512220264,35.2421951266968,120568606.90021579
138.78414763392297,35.192862141488696,136616351.00510994
138.808241550957,35.3710401105765,103786091.90870427
138.75679753587298,35.3840943253578,60283268.46047221
137.406852880506,36.1750286376831,154291161.00112668
137.464129322289,36.070977614826,146116928.23317674
137.195984726097,36.0590240653005,302900312.4408303
137.430811181103,35.9714038961937,216094110.76795897
137.178154715943,36.2003019251016,262147449.6890334
137.27230941286498,36.2487567671328,164718103.8200667
137.251927194624,35.94577546962599,135443199.99400696
137.335322510925,35.9137514813451,333443882.905406
