lon,lat,area
143.76847110172798,23.153161739937897,
130.88113346771098,23.667593406959703,
144.0305451717,44.5283231733549,
143.025193313607,44.96716006327709,
146.108150240415,26.147908645296898,
146.097534235455,25.994993521671898,
142.169911646994,26.929515394138498,
141.588438293478,25.5390853197183,
141.87972010571698,26.1671446428381,
145.516060881939,24.6045634472517,
145.80734269417798,25.2326227703715,
141.06857384178898,28.0999328136912,
139.030932113007,25.877357906076597,
128.404064506047,23.077746903175797,
141.545443520052,45.39475982669099,
140.918061644514,31.7580894281112,
137.19257184075298,28.785454548995105,
123.49796357853899,24.3114735055104,
125.105641471338,27.1687801446039,
125.06656594594799,24.7384207731804,
131.14132941884696,34.7916764157402,
137.488229861994,33.430275039493196,
137.894292005052,41.2031326233318,
134.573261241342,38.7350622287211,
124.43498779007999,24.3820576760541,
124.733822196984,24.5754101318748,
123.907786772121,24.273119080336503,778438377.9499823
125.748733372383,25.3071026136423,
125.52163684763998,25.2699379398147,
126.67098305819098,27.871783929527997,
137.11027031172898,33.1498612453437,
137.159438414427,33.185846486459695,
140.90142485835898,44.3368052683941,
131.87560490728802,30.092469597085497,
132.798448263723,30.655465482199798,
132.85322523214498,24.067757841847502,
133.83656506499398,26.5458136774809,
124.07625030408299,24.431478205840197,
124.376354797299,24.503252127730196,
125.558340263598,27.1963348368591,
125.858444756814,27.2681087587491,
128.076517570683,25.5568829121144,
138.252999397392,33.7699876638333,
139.020902472738,33.7517559238563,
136.52144982966598,38.7282225977526,
138.279012835788,39.4061730542601,
141.389531759454,43.9640650408113,
141.164338677681,44.9424139688007,
141.782827239306,45.4370971035399,35837829.82011208
141.39871006153197,44.814591140028604,
145.06431205134,43.955018901849,219539373.71735346
144.89424479976597,43.9205246019573,426305799.50303507
143.93005668488698,44.235056240981095,
142.857016486305,44.208473479189806,344854797.8228722
143.064639681909,44.3148752712798,242632531.31856525
132.074819650488,32.6979266779869,
127.517295181848,28.5188066394528,
127.919224178262,28.717672700857797,
129.060288393762,30.019076786433903,
128.47345056008098,29.128885004514895,
130.83605572926902,26.716019379875096,
130.379770159056,27.4960242412548,
128.91084818261098,32.921937752305794,
129.36058043822098,31.3362943828341,
130.512816176457,34.568044413843594,
141.496717149843,33.7037836532298,
141.56949864763197,44.320150961991295,482055681.9721473
141.48752693895597,44.138855649002394,
141.84382476560998,44.754066658415404,295934270.794671
141.612600287037,44.4838589415561,461303664.96752906
141.607629134202,44.6486792665419,
141.488092092435,45.078804483051904,
141.42644878738201,45.2966542385643,
141.25372070858398,45.20662731182399,306869303.84803873
141.663832506636,45.3389915154132,55084065.35592476
141.919771860141,44.8461038961045,214423789.69469005
142.044266802735,44.470896182295,704529355.9014584
141.79328698989298,44.4474010590423,137570389.23035523
141.887411763141,44.562486597337504,383043308.590054
141.75018535048798,44.283693079477494,160661363.28478923
143.423642174736,44.157648918820804,290141639.00283843
143.387138638788,44.3003233132878,167388736.8669418
143.244043133103,44.148389926812605,316812117.122948
143.207539597155,44.2910643212796,263611143.66154915
143.21912028563702,44.79660519113669,
143.570565904227,44.4959218998063,
142.70662154397,44.24267857867109,243508074.63199544
134.064325286694,35.8298089990995,
132.10204013816698,35.283260287436704,
131.193159745296,35.167518350121306,
131.88891876576898,35.67444890866229,
132.55363711728597,35.42378220084,
131.798422256325,32.0306474542494,
131.885178833133,32.314503744448196,
128.893897611171,26.0286653018238,
129.00298532130898,26.1261080195775,
128.09967311823002,26.8346830116585,301182555.31997716
126.473418723267,25.757336348432702,
126.782465642151,25.6727307925011,
128.483903531346,27.384713882070603,
130.727878261431,28.238354640124196,
129.496480506855,34.2187149312855,
129.00589207393799,33.38275084738769,
126.94527960912598,30.449097589053,
127.23281713916398,31.122789280146304,
129.311745182235,33.625369412438104,
129.514796085114,33.7876418052426,
129.495059955591,32.765712255084594,
129.519967071297,32.4087719963469,
128.81672590244702,32.7264889154775,218760170.1301315
129.073066699137,32.35421109798239,
129.208712966487,32.437987342186794,
130.369505888919,34.289863700030395,
137.791882470363,37.4319566526444,
137.473721316327,37.7003703885864,
136.113469601769,35.398332429738296,154548796.69486198
141.726298012794,45.1095994712451,411601687.053682
141.867467551095,45.008375595645006,400816105.4627506
141.72931034819698,45.2797595768661,219772594.8159183
142.010232896466,45.1561491848082,458929486.6157602
141.988058090835,45.355478648535,322412624.92649055
141.848305080867,45.3778651649928,217490559.86524335
145.043913801369,43.664049942321604,123217004.30515069
145.110284296989,43.820629282821606,151355945.45676833
142.147043137407,45.0762900265227,449455635.5487122
142.350628916793,44.9026414074546,279580820.89266735
142.17527876356198,44.6078266218816,362282116.560554
142.094370818499,44.7914542746132,171252232.87991095
142.178876750394,44.8738668158682,302116403.0512901
142.49250059487298,44.832537389557494,483308270.4724981
139.95588941135998,42.7155885496131,
139.987322884365,43.1590217431923,
140.298000290184,43.579046527846494,
140.02597335559798,42.4556684522223,
140.02336362992997,42.270857688147,437197234.59781647
139.78237097160599,42.4256275392807,
139.77976124593798,42.240816775205396,695581538.0127363
141.784994529222,44.168423029302,236440787.41469914
141.66440697585,44.0138874524052,323771971.62537616
141.734149280922,43.877930020174794,498736286.716749
142.84607606378998,44.021532119862,829768381.44515
131.077459289832,34.46356678165169,
131.235243633153,34.5119793062484,529273793.53759754
131.796015810327,34.884667615690205,
131.700748194708,34.806186221947804,
131.54690788027798,34.716287233745696,
131.76619230964198,34.66962507009539,151604333.28046545
131.378058310257,34.6071367422198,562726026.8963624
131.374510408416,34.0714068748977,240976795.23460764
131.299799120292,34.3203797214564,271992688.3252895
133.75492576974,35.7658731923196,
133.903639120251,35.7993646101762,
133.37559587985598,34.3210365914295,
132.13529566894798,33.165518504127895,707438847.2165804
132.354052647729,35.070048162781504,120079114.46938181
132.73169893598998,35.553703532407496,
132.347849708085,32.9015205705615,
132.28284062630996,33.0560281642569,447562162.685242
127.02543990229499,26.4319019514594,
127.063310404866,26.297221169884498,
127.227455102088,26.3755620393474,328619468.2427147
127.67894350539899,26.738048941031998,
127.61738640839101,26.5274789494704,
127.98304699534201,26.779843902451198,334540727.7372373
127.40129063013,26.322364075009197,
127.539647329743,26.3670000569646,
127.546192851792,26.159417649614696,211669834.8723934
128.023897346565,26.5231289045184,117753914.47034428
127.99215810414,26.625940325681402,292683097.297698
128.195761885059,26.942642241655797,375057797.4581461
128.329869406299,27.123255769830003,
129.42400753821002,26.7522019159263,
129.20501313650698,26.4139378573818,
128.26208107581002,26.8639120111329,53276106.14095403
128.177194195347,26.7062614807626,
128.80482119970299,27.676420950446396,
129.61648573179897,28.8309938636082,
129.688454194233,28.3905881499174,323523366.5945141
129.796444877418,28.8216759918219,
129.86841333985197,28.3812702781311,208255635.3632449
129.886822395429,30.612071679014097,
129.43811766039002,33.2237081712459,
129.26791081944302,33.0648658503999,
129.466291456062,32.9261534833572,
130.02396500313003,33.6395562796095,
129.82491523009801,34.023689149480795,
130.154114376891,34.0860380389683,
130.485650186661,33.7777917656784,124441640.18592659
130.03014782478598,31.212199074605998,
139.550095804779,34.785561812595,147485265.77612716
140.11902030330597,33.7665580674939,
139.548181582887,33.2574045016092,
140.608932993804,35.5787400495054,
140.325765040098,34.6930454798202,
137.920295817744,38.0607020138202,
137.840297128413,37.8929042066124,
141.93995283184202,39.5848225181937,26709588.621122394
136.22521794581698,34.0624426140801,79971312.19402857
135.889359495021,34.305633499559406,114442453.82783478
135.757152297063,34.2339351451119,199262810.99749583
135.789879537345,34.3374212524662,113020618.59267072
135.846906397422,33.8270458944396,40359620.9803115
135.923171003532,33.80240541206759,72945233.19945495
135.783102535113,34.6696344101613,128059055.43896124
135.791987063238,33.9727005821808,119851733.9476978
135.80160814436698,33.883839871473896,130644608.94658256
135.50986045538698,34.0792987412988,210827731.228103
135.668936986143,34.227223002726596,220660525.56767514
135.679270922646,34.087630776012,106622575.42939034
135.612874279641,34.0406302795317,255754488.073494
135.68882971667102,33.840711887036996,168580516.84610978
135.612811992537,33.8825721012636,184755452.31568468
135.344601909561,34.140747755782805,116729104.63533139
135.276403700064,34.164807635220896,81350070.88066906
135.21300398733598,34.08789935315159,65062904.267535694
137.315083488363,34.5319243618767,
137.166585406323,34.524041280263695,
136.15850454782398,35.4777766578543,130117864.87758397
136.10553035244,35.538505247388,75019502.32662831
136.30352402775898,35.534393214632395,226795259.76969987
135.11634118458298,34.8504805614042,148620448.76450112
135.114964958886,34.7645542585605,137407798.85716826
144.187383826266,41.9036050960791,
148.418583170682,36.9470101884741,
142.33865394107698,45.1504834411059,71262790.67790562
142.257051768777,45.14651931522479,162695380.03075662
142.37949045368399,45.0353876065071,143017989.37173644
142.696596109947,44.3866811693052,355575489.45564365
142.503858898929,44.680586605488905,432531597.72426224
142.472847040425,44.397624455533794,385824143.00767523
142.35274517181298,44.5422525049491,491435587.13361144
139.84080715406998,42.000018215802896,
139.656949148376,42.1168462671627,169294080.7645857
139.471035608256,42.0934006202952,12244204.374832708
140.191466294649,42.470208818706894,
140.04682967642398,41.9764498258776,117794430.88253291
140.16924694347298,41.911124314415396,261392061.24710405
140.106574054722,42.123318790179,192483159.5991555
140.228991321771,42.0579932787168,334362830.45236677
141.04122264384898,41.6760787733202,341045038.7505117
141.50714265385497,42.284128554594304,
142.081921493556,44.2254329017446,599605066.1668448
141.947342016183,44.121102890455795,346534832.6313815
141.947900453667,43.9288475909085,400858443.9968317
144.802767028458,43.7475068391306,606454904.2778871
144.90646378441198,43.6254217985223,293302615.63997114
144.270124721349,43.3888710219657,418384651.87579715
131.661946058643,34.6193468897496,11519985.625866918
131.53070271762297,34.5578577479454,16108664.062343048
134.57033366746202,35.5276379925555,131687881.49051641
132.49585156975198,33.4987572212568,96908719.57975557
133.299972749592,33.86252405660189,175245345.9889821
131.902482215955,34.6507852525989,178433012.23804826
132.27739791730198,34.9170449492997,256843672.97775003
132.84268295647797,35.3945434563402,154497203.23682174
132.86990873362797,35.655678713202896,
131.40293985185403,31.676660696465397,76210366.7108836
131.368611305052,31.7650286747838,123927067.25322881
127.656974985804,26.1646783864884,8087858.925709394
127.68829996632599,26.2375800122634,16707409.389102979
127.710627816651,26.1497739190842,84370058.25411712
127.76338680689098,26.1782650543524,8727302.377671182
127.741449567501,26.2262959011207,103094206.10232018
127.86872410210799,26.2421813914128,11906258.523334317
127.81773355167299,26.482166452173296,50699228.31592101
127.88840175747899,26.538832866965098,178241037.58332416
127.7931440742,26.310403448524802,101075297.91370939
127.92014099990399,26.436021445802098,78581128.85365531
127.87090680381598,26.334944540503496,240659255.6084054
129.028039022355,27.9218443039899,
129.293959187679,28.5203290175331,
129.492122276055,28.7144601931407,
129.564090738489,28.274054479449898,
130.14362369939698,27.418182338223602,
129.720017437593,27.120631428956997,
128.946796974039,27.783392351236497,
131.168621309385,31.680760693424702,510093587.8294447
131.28439420760398,31.6595066730393,200128745.2104678
131.208275646888,29.3509193631918,
131.03960170263602,28.9581946729218,
129.640957417719,33.4536464931141,
129.626269839957,33.22715114591399,160013564.1737117
129.774984130374,32.715547080103796,164410169.3544109
130.245409569792,31.3737731095866,192609624.57817566
130.380340002066,31.360889523740695,211952126.66082734
130.41883626205498,33.6346919817546,224112329.7021138
130.589915162454,32.3931200536977,161186334.81203583
130.573989411855,32.2301671136214,209988780.52291602
130.672576432167,32.2100079534057,250609735.9850255
130.685929723371,32.48563377839999,159506409.00219664
131.259290708205,33.4690225680195,134690235.60613844
131.14405369639198,33.7204110063282,
131.25741154614,33.6669895260105,
131.125424636151,33.895156739673894,307643947.8655848
131.235263684481,34.0591691507925,200877543.2371941
131.19864073714197,34.1806148206776,328651931.9788018
130.89101515610997,33.3257065307232,137252355.77282777
130.80213457839,33.3244200237201,243446881.46850145
131.338608498966,32.860965787445394,237717094.88796917
139.610298760548,34.9435731728787,648008807.9566027
139.56762741477598,35.248022664884694,121887456.0318141
139.69344790813497,35.1870380669544,127734554.60963337
139.74680266545897,35.070948919030194,262775831.8411745
139.59267358324198,34.562990708597994,
137.84866037867098,34.9033393906593,41056038.09758846
137.978237759637,34.6450205141304,36664234.454750754
137.606000197116,34.5060407651619,
137.442060016107,34.5290914828596,
137.876924508642,34.695762176456704,49053027.84726907
138.642408279276,35.65867709133509,51038581.63596304
137.52996111845098,37.136338504749006,
136.88923597404,37.5424447420638,
139.425568272111,35.808644703407396,121080277.3485166
139.320737992854,35.7100916220345,92069331.50703189
139.394107845135,35.7056296452768,111417581.6214845
140.479301821551,35.550742760514304,
138.166674057456,37.0239223904847,157006114.7781988
138.068569225587,37.336887340193094,
140.90102651153097,37.5730489750011,123383805.48994748
140.84265973212598,37.4732283970572,269266402.6667294
140.92380714657298,37.374372806604896,255129391.0115585
140.954007909528,41.5498579466652,280706313.19588906
140.83070925395998,41.655013572051004,279079813.9649262
140.23876225791298,41.77478805407159,431296773.38586193
135.95455074524398,34.413978325326596,235654357.36018166
136.061786907222,34.447832091611396,189283263.6244995
135.893629721289,34.507659621593405,212134454.60560438
135.89787680987098,34.6258713269073,204514700.80821103
135.971880058806,34.671415419375904,128091930.40512697
135.22591765583996,34.9077657253149,106901537.79250944
135.656535743058,34.69560535647359,43358905.61377933
135.738723696774,34.600391809447196,76384766.29165283
135.787178664126,34.498390462601996,87802470.47522458
135.748619730405,34.436496919242,112793875.81099859
135.671716721475,34.6160746723374,80412156.86948436
136.49845544933402,34.1523323225436,
136.33924415205598,34.137239781282,
135.926798670729,34.187600101413004,182384241.13426024
135.86816528132098,33.9955926350799,181657779.28797522
135.843664451649,34.117234971296405,195334465.68948582
135.831502727943,33.7576383105588,58689144.161740586
135.865392165327,33.5875584012507,50611287.62512615
136.038636419169,33.7735593126327,28917501.167296167
136.22368343595,33.8293359960732,
136.308514028709,33.944264264096994,
135.910872596829,33.6344618627688,37144200.62653453
135.93726715710898,33.730346869975804,69775321.92929609
135.894333927528,33.7061776881357,59084338.91402316
135.99214641863398,35.2484591005701,179521216.07610226
135.928146319284,35.187820229397,195610091.70796043
135.996301816386,35.3753007388044,109653035.36682254
135.713538782184,34.7825893412052,52995287.08938924
135.77309859893998,34.77230125778309,126846072.21984705
135.973360807383,34.7721700409061,145670201.76739234
135.613519145148,34.3415443431159,120839137.3826288
135.68003371302598,33.7299527993868,150340579.3707106
135.79475923932603,33.6053091160017,124854722.48959523
135.777408471243,33.7036731999429,146855059.55783468
135.50130860732398,34.202968020134094,118870851.31470653
135.42393035259,34.214403854436306,167906275.45330548
135.554916392676,34.3160602424475,62749104.02252064
135.518660791932,34.4178775197015,91451799.32861061
135.25294065327,34.2433372258098,118447856.51740006
135.12823916466598,34.1435846860614,91684474.55658814
135.18007320074398,34.10566275530039,16542317.014879225
135.145637164692,34.2439320053259,135400348.19814757
135.19747120077,34.206010074564894,25968803.364165477
135.157731028518,33.9268858164489,12050930.348446619
135.19920263760898,34.0066299072423,74164254.54727678
134.986984611534,33.8990181044988,
133.49538395985002,34.1935943739258,
137.33928666780298,34.7015153824119,105019664.21414575
137.587144199571,34.6814685446295,38914936.09123096
137.04180177926702,34.500329112717594,
136.943115092256,34.465416986945996,73707988.21683668
136.870809436878,34.4174715503025,128698952.52655807
136.15343493483599,35.6473261955382,108938279.67291935
136.10611882691998,35.7404868015459,155133738.11062303
134.91019179491698,34.8392050300701,116996402.58272126
135.01784533181998,34.98708956647079,180041955.20223042
135.026059596978,34.8918098390631,156241816.70477512
134.35005751728,35.882692707533096,
134.948053681683,35.6826420332679,76506611.55120727
135.09728086413898,36.6257162230839,
135.776765225574,36.0352826600118,
135.723738082152,35.932103320311,
145.02795342090002,43.1026680407928,95639987.41847487
144.022910455248,41.849444269036795,
145.009714281663,43.3790335898073,203057988.7676375
145.653045442113,43.29237797723519,43552477.47644214
142.80954251751,44.4824963368302,429287185.4649943
142.73690717510402,44.63177372359859,382353142.951527
143.027191147137,44.444895538286104,305722390.97659975
142.89428629895102,44.6682410688327,
142.725548871048,44.783724507667195,
140.477458932525,43.219048680564896,244934299.38614506
141.08512889278498,43.776941503369805,
140.7543928197,43.6757432642058,
140.561056741908,42.6118893742344,516638484.1737442
140.18570736059996,42.6511096838112,350071491.6449381
140.193732861303,42.926530327658995,
140.356181531478,43.0503487149153,
140.382934715892,42.690233059749,500650270.6128885
141.535842640236,41.902468013465395,
141.94327706605202,42.076753451178604,
141.213957042015,41.564127921525,
142.11233636843102,41.9989103426013,
141.895204623777,41.3484051672912,
142.25935682158197,42.459901158575995,292178792.4417816
142.428416123961,42.3820580499987,199084336.0376909
140.377141075314,42.2746514527326,435250448.21167886
140.382819977367,42.0881674473315,371187961.8609985
140.715195089865,41.85728397132149,22819881.980432194
140.786486863308,41.7785933881668,46420045.633990705
141.66048776447698,42.5579459437836,
139.25817818279398,35.799289489688995,111849059.60658884
142.258146532623,44.1747082170537,317486434.3224283
142.528324702104,44.1870774830034,165898241.1295888
142.41609674268898,44.2706286133881,277114487.3429967
142.345423714032,40.3959034846521,
144.4774014816,43.87136518472399,384610554.12260973
144.61930111021798,43.72375957409459,317852686.04465634
144.28389232111797,44.0969785234671,
143.96268140208898,44.096591701819804,
144.63724746206998,43.99564470119609,
144.403870062144,43.970232548998794,49853503.73926485
144.89618098612797,43.3877530137777,306598182.1277553
144.81229468892997,43.49698797518911,165998670.83104372
143.985941192544,42.8417402521812,
134.023828766751,35.4897223841622,92540860.2284649
134.42781453080102,35.59697184647669,14723512.089679977
134.48632982202002,35.5776203014914,117291434.52268906
134.452978897446,35.441060312855996,162691008.86759824
134.368975052004,35.4910426217919,183865824.96370357
134.26540259695201,35.491446257091,144000816.84073448
134.310459760785,35.510394166777196,16631236.057422496
134.48521335367798,35.356974665595,201178647.1266374
134.397604052151,35.244617449107,349721754.4221773
134.867751866001,35.6170914189849,199448063.3889144
133.524970847532,35.3749383493803,214511227.18378443
133.10740585487397,35.9770797778821,
133.277641116312,35.781674863994404,
133.00145361115798,35.7126463135398,
132.35906828278198,33.3485188549293,232724496.00772694
132.4013532072,33.4849763204847,232645789.25870407
132.21599849119198,33.343051186750806,365004323.0534383
132.362353850859,33.6601456657983,411207678.6263051
132.70756376641498,34.3337829763302,233202922.8837081
132.565385642316,33.611487406444205,146715221.34827712
132.63409752710697,33.556549516116,179860597.139229
131.88287386032,34.541588297053195,176375423.18211842
131.748492689781,34.5567306739974,189893373.89859498
131.723499376029,34.413720607767594,432450704.63005316
131.51675106626098,34.4432518573473,285915394.80433065
131.62300109352898,34.361730932921695,314947064.1603222
131.596486115292,34.175331445068,214267037.6342804
131.428662146034,34.3009312668297,243221953.43359149
131.466750486819,34.1734040901561,235562700.04506972
132.01973930574,34.8107198008779,115294533.72093478
132.002188897623,34.7019809951793,190645734.3090574
132.115006921359,34.8892011946203,109516795.42117558
132.18537318402898,34.8324024600618,217537141.49382538
132.626586134988,35.267021932767896,112782707.8338772
132.758363692581,35.3082748687284,159364349.98194465
132.611980002414,34.6724326013142,237042245.77489513
132.920112099456,35.176665320666096,128978794.88848224
132.76867094175302,32.8513066084599,118929362.72019847
132.67667078268897,32.77716183967829,117097187.28184368
132.382217860926,32.3616991601013,
132.245240246724,32.355990630677994,
132.917501157243,33.015435926886596,103857074.0021614
132.806393875749,33.285914785295695,145021341.8113981
132.773304068394,33.377612123978096,153202921.95919374
132.710067782655,33.1876101927381,128966628.10267638
133.34508506790897,33.569447025569396,150825855.07715574
132.72373114951503,32.906497943107794,75116568.22421971
132.631730990451,32.8323531743262,81872083.70613743
132.45105979604398,33.136430519883895,137997515.9118608
132.44658463027199,33.2513885279334,187364598.36851838
130.871796668151,32.189709027501294,201038317.50440395
131.12235186345902,31.8459684453306,305386163.4373842
130.96376945995198,32.098509937989,325181977.76291883
131.561076706587,32.173724599104,
131.509830338403,32.0876701947384,
131.40221053812598,31.880087211112798,202526527.46744996
131.348212895097,31.5477174330813,92112155.49871977
131.28424801889102,31.511856928157098,152624025.6163161
131.21334365337,31.165862486394897,
131.08645390361397,30.8913421761714,
130.89220303064403,30.7937184661854,
129.734904595395,33.1308887044542,181160915.87658828
129.745133052447,32.988733362743396,201006069.24541116
129.893289561981,32.914737999686395,220243637.6221146
129.803640857748,32.8794163338729,253746965.21795538
129.875108530266,33.5705639591982,330765625.8425101
129.74537271847802,33.491599165134,
130.19597988658802,33.5707254357156,122080387.14626476
130.12942427281502,33.4403828382789,189562642.38482782
130.192567154562,33.364328325490796,229885177.4643963
129.840253419459,32.2223282865825,
129.86383679755198,32.5444409290968,286869595.2946436
130.51457367068997,32.472498548721,302549784.5542027
130.430438515047,32.742639328941294,228697192.94471318
130.528202994288,32.6839237277553,415646729.92221415
130.02744348858002,31.729432425431398,
129.9779599041,32.0328520637664,
130.106017810362,32.1756346670781,177511123.46091804
130.43599106307002,31.4406075054786,105273896.3590828
131.065963856157,31.5882718492341,214420947.91967666
131.127554553138,31.13387350128,
131.190479426688,31.3725333065793,146501010.73934004
131.08796816217298,31.427694207270896,308491960.3740878
130.97504162595598,31.413006662505595,258757448.4096065
130.48253046199798,29.665752364409702,
130.083407631606,29.404662739983298,
130.13983233523797,30.1013459020329,
130.379353484061,30.361462207134302,146088693.57921836
130.286174922849,30.5442112677339,416093259.8914161
130.22372103552897,31.1519296504845,
130.18997920338296,30.884222358224402,
130.46109490243498,30.759128310213598,
130.32198241840797,33.077655193337705,408240038.6687419
130.902963284511,32.7927219401793,233664892.03636834
130.775426396142,33.1730447317632,317344812.64988863
130.859036214324,32.305818138429004,144147190.81418064
130.749079664412,32.3228562821109,133617322.65496922
130.746507205017,32.4355291670289,169984228.88955703
130.920537266937,32.4512996614884,318036332.92822564
130.856713299972,32.5460671307937,197317212.5480801
130.820354732859,32.7388898959221,167923563.49272734
130.830390055893,32.6504410743555,156387847.5481117
130.71655233080398,32.607527974761304,110396208.65856938
130.634167093485,32.7264394290933,289521371.3747801
130.673895983532,32.8249927121127,157399418.1224819
130.532635677642,31.9269402930027,195031054.0684396
130.938868583622,31.637600052920394,156448160.2233866
130.89122767818898,31.532608684440596,152239898.72600797
131.467504818045,33.5708583120933,138005658.34165263
131.447197928937,33.8986587121083,497896749.9474213
131.389142788365,33.7253037180081,518867507.29657906
131.030957200506,33.460670448315,218673864.56623718
131.047191826881,33.582764704335,126076173.10365155
130.917575126514,33.450413875741496,186693907.38615733
131.18079720834,33.3800810523939,170893866.79645598
131.072855916882,33.3625264180329,193910132.4872503
131.048553840666,34.268728197791994,166375045.68156394
131.105179800837,34.17737582160989,129191975.90296711
131.01767782857598,34.062210329644195,168497589.90753442
130.846647030033,34.070220575872796,282210307.53313416
130.961051868405,34.153562705826296,204087231.61850357
130.932189098304,33.6308363710209,125336056.63278173
130.869602350938,33.553529854779,152737862.0866711
131.80864863691798,32.686396030167,
131.01445469758798,32.7589089534828,110970997.32878663
139.87397500362,34.9550602490562,10155211.798031759
139.88019131526,35.030025337131,111461978.78904189
139.83020610761398,35.0020281577956,41318555.43748442
139.99354376221498,35.0826432598125,77974651.35831757
139.91498517219298,35.093258500182294,89035259.77591749
140.259295397727,35.593676620032305,123874029.83459964
140.346533226405,35.626409560410906,124168552.60382783
139.485660648939,34.297109741687095,
139.39146335961001,34.049476390832105,
139.497598928325,33.7308979565283,
139.790240651226,34.5984426453831,
139.652545628772,34.295463703974,
137.758723326609,34.6914078032709,34746526.53990942
137.88672544845,34.870846739916,34811392.6484614
137.874882029577,34.8219657934995,52680249.04491645
137.941619685144,34.733780634564,49904314.75655083
137.986697053623,34.704122430347695,65697897.87554909
138.025394596815,34.7190647509662,11453701.655653615
137.939856258171,34.7915872246602,44480449.98141936
137.828101824732,34.8049605115311,56970848.14020196
137.82838087682399,34.7365634845845,67383692.49657549
137.78152607943898,34.731578422807196,21385209.09994313
137.780201705223,35.0568569893641,171492851.2718121
138.667022720919,34.824400256362196,148104435.1921243
139.306274472684,35.6040486020637,93918901.58429353
139.00402168431899,35.0417777987673,41349252.30477793
138.92466544740302,35.5403813094297,122666045.33247216
137.623710709221,36.942463737164694,160349241.64776438
139.514970277683,35.6282625927558,139940722.3092077
139.428061169463,35.6125079050488,102773574.13242733
139.372837425723,35.5366056646986,88563763.64782602
139.573865044284,35.7071280177579,70691525.40931514
139.572944149716,35.870080647865194,168092152.47956714
139.51841636304,35.7943883881815,174427564.77217385
139.635555417963,35.658143535029396,27252152.886044167
139.696270649166,35.6969785441401,167499969.5760529
139.853195035158,35.8685708245293,117755042.19662549
139.683500366322,35.8602366067011,131058711.64113119
139.73714534462098,35.8078230275832,99591831.73060346
140.081325793134,35.5461555739455,144039027.78458607
140.353939479039,35.527644171937496,82050192.51117204
140.376160150083,35.4320296546788,152250069.64209372
140.30978530156497,35.3140518536388,111031723.2122179
140.266701650361,35.494911231558895,70832735.36184011
140.243677949628,35.4143420859459,155481082.86264664
138.84653559783598,37.6743146307561,112989316.8906052
138.63918886791598,37.751768375940294,
138.697017657792,37.8321463050102,
138.43771671714597,38.1316227257064,119088872.23329921
138.47278791634199,37.8008415104694,
138.294248455407,37.8809926532202,8854004.453108678
138.360446631594,37.96344355797179,86405134.46812952
138.330680458509,37.1279158800957,162167772.66550866
138.211635624183,37.145816060232,169161146.86328727
138.22179599471102,37.398863990241594,
138.28214536583698,37.6168309713636,
137.70106017350102,36.706307893110896,353403379.19333524
141.14188612649397,37.80844567797659,
141.146879250465,37.6843806123906,
141.257792114736,37.4277003066549,
141.09041577404398,37.081996147861496,
141.88948410255298,39.715149527522705,141498958.93899074
140.699287104156,41.6452588682856,336541072.69596523
140.39334575801698,41.74422358682399,311473348.2361144
140.64426906317698,41.819038301937596,173772201.77338827
140.477659099173,41.910734015782495,326946082.03394896
140.59238142912602,41.9246772899823,280367036.6072374
140.62137305634,41.4464185863024,
140.43318658353598,41.4943232263593,
139.20698543924698,40.1033082434358,
139.67861367837298,40.8559972660059,
141.82933609128898,34.847504851005,
145.988219574681,30.177614459747698,
147.096737995086,35.544152059983595,
143.089353143649,40.59966190643879,
135.096792179679,35.043449244939296,169534989.26104543
135.224090961861,35.1836172410712,180195891.80175442
135.214582916094,35.005454681442295,120716988.27074355
135.27807257316,35.0784454799658,162875896.20805475
135.277019638464,35.259667897244995,156691311.1644798
135.594029347656,34.688796464430894,99222102.6734073
135.525999221349,34.6052952483876,87604406.20867826
136.67109185063399,34.2749458799616,41069051.33930448
136.607026814445,34.3342741205442,108947147.50415134
136.007522847504,34.166931149848196,146564532.31694224
136.077319833774,34.3188183142794,195857129.5719668
136.199141707035,34.1461740857622,165532617.443919
136.190737614195,34.290564401286595,384637056.4055953
135.97425186826797,33.80951909429489,42923266.19783874
135.958532597019,33.90847299658169,89748027.50196937
135.944577722646,35.4471050793189,132769859.58563334
136.008771312645,35.530865359786496,118008879.72679311
136.00954363540498,35.6543711423064,250583368.78583816
135.970866250197,35.7685077111747,180961863.53993782
135.55475086256402,34.7611045259016,144608807.26154777
135.839357849019,35.2281248401995,118808371.83576599
135.735658746633,34.8673499123004,46639764.458012454
136.174112613528,35.3327238165891,138833401.89659637
135.83980408439098,34.8527157325314,101345733.3080594
135.928122121704,34.848481451001895,160239721.57721305
135.80922199290598,34.9212659451579,46718897.81318753
135.925798734066,35.0506165438044,161009092.71757376
135.98713252007403,34.9613877295782,158196012.8314005
135.645487997943,34.5430064002287,77531341.13652845
135.562276893219,34.5390358683216,103441961.97189316
135.551652832398,34.4736279194373,50322941.761707366
135.673936039521,34.465429993978496,71503848.19945757
135.62592270800099,34.4272961224137,39985932.16756828
135.777003065121,33.4897799827371,4325595.300100479
135.75553824181802,33.543515938604095,65780151.01513579
135.441448490601,33.992589743399094,111795769.60745803
135.43245588328497,33.915597950015105,91443013.12568165
135.353568199509,34.0426029235809,87199346.8456338
135.27156864028498,33.9853933571097,158792851.51632747
135.414142814775,33.793145939440805,67252100.85224248
135.537224961996,33.821247301356905,73943705.71404693
135.473629028892,33.8568754015239,103272718.2019364
135.699774625404,33.5347568925963,74361479.25103335
135.721239448707,33.4810209367293,3253777.433102629
135.10020333519603,33.434768327786095,
135.295141872726,29.058918998481897,
135.826781366793,29.128852998049197,
135.300490657794,34.3262510755956,108123389.44714814
135.444404801607,34.411759026612,157757361.50747404
135.403282147617,34.3213775836602,128997418.82115729
135.238605593586,34.4698533006036,284553216.3209204
134.812415833491,34.3890329851101,108831583.40407875
134.917081592535,34.7503966287984,112744101.55126138
134.87166544127098,34.64654131136879,185191554.01841262
134.347612711785,33.5332170219321,
133.498800424836,33.9902359698,144787651.6335424
134.26355321857497,33.467447551870194,74649902.64290205
134.30466745673996,33.6418991746299,113276487.8754499
137.14125346977,34.680788329657794,187791551.256231
137.231478676347,34.739674667101795,155940956.75391436
137.238844912983,34.8300274542528,147515714.96998498
136.801985393304,34.589455554182095,226212294.88703373
136.669603976103,34.4025772962102,87950740.26370916
136.872062838192,34.6727972745099,135814803.99008158
136.910094447984,34.579659413227496,147813791.0497678
136.982400103362,34.627604849871,100499476.75361083
137.02814538504302,34.7112488366358,156036962.38068998
136.583493048057,35.1243467580456,143077807.49924505
136.610319731787,35.3313827970378,137114726.6021335
137.179431101625,35.222607444660895,146448208.14686897
136.223305593738,36.289771406592,44816395.54075426
136.10998524024,36.194873282353505,29095465.339384545
134.823555326097,35.075896245248096,182829016.21706942
134.881486959021,35.0003857627182,145947961.99511737
134.833555249338,34.8991218464559,162980958.58830792
135.133370174847,35.65887851519069,161813967.68072352
135.232517119161,35.3883606623481,215133442.48829317
135.26061832542598,35.59126405931249,165576533.92182308
135.31644079928697,35.4516469824165,162200641.4371742
144.84857882682,43.01997547054349,76347249.1122697
144.93243062413498,43.0985072032515,148117624.3467076
144.848205754131,43.223835230195405,252042913.8755685
145.10525363343902,43.1691410101644,202750632.45600802
145.100367498768,43.2732798312408,204587628.80702314
145.288491351168,43.1614668646557,212693168.039385
140.621725281114,43.1396870245242,321176771.18451077
140.75191762391097,42.91010800338899,303669592.4290982
140.89436895402,43.0351408315224,254349333.71073642
140.71820313569697,42.66252771156089,137286584.38768342
140.756772168408,42.764687352908396,254628252.8627334
140.81661900645898,42.5809407960684,55045846.51356613
140.913902073846,42.7197446432955,234512117.3233105
140.919052802055,42.6197691395124,107570400.75444923
140.41139660941798,42.93854256764819,141289560.064576
140.44617529453498,42.853847556329704,311478916.64307344
140.60401565892,43.0372532769234,106298043.10506001
140.638794344037,42.9525582656049,247021321.48259938
142.23642631486197,42.5833335004407,298286766.4569407
142.13266206899098,42.7098241784412,
142.24656705401998,42.876219546573594,342066681.1844901
142.39577091880798,42.8618416168437,193092202.096595
142.393755063747,42.7197714072855,260283672.02338272
141.98873534310297,42.7105582843566,
141.82797154775702,42.617820116100894,361569713.5984068
141.878895884814,42.8778660782373,377520100.4700304
141.44279977545298,42.6552395211195,223030096.54425514
141.267049278927,42.6593544065898,316075532.06834626
138.737944531362,37.168578432100496,263286009.58828297
138.280280519007,36.773745038055296,220187170.82658905
138.27865429831198,36.9042405591981,238828185.53343353
138.364874732073,36.9847926001884,318518998.88458216
138.8961193323,36.411610615452595,262191560.51296175
139.25857749619198,35.8926059417772,146565968.48074415
139.345665869817,36.0131287952865,144024998.02453652
139.35259773322798,35.906423132253295,160224595.1951887
138.969028337337,36.2927203773321,155143235.91939893
138.482226715701,35.999639855982,151048732.29123688
138.568475159994,36.0980745305301,231692202.53150785
142.679724837243,43.92702909610949,314147228.7924195
142.512368417892,44.05836935976959,188822005.41073778
142.486171197876,43.00776362684999,176138697.93991163
142.248818112225,44.0161119575991,190293871.23799586
142.390812038079,43.983324230699694,406387751.5624964
142.038411365004,43.82004250750499,326514767.1880948
142.159297318533,43.8695212448031,116680402.89397928
143.21258583248098,42.244500780768,265084549.60216585
143.154434274885,42.1392649440708,281594343.23837537
143.78221109759102,42.5854565734455,
144.141176717439,42.68620439532239,
144.339520517742,42.709336912172695,
143.418329349405,41.5346448731247,
142.79489351922302,41.1924086974983,
142.27350075371402,40.764192588725095,
143.02767816843,42.1410474881319,227517192.407523
142.391087903823,41.5904583138891,
142.12758624995698,40.9419891862872,
142.60866706706398,41.4754901368566,
144.29055791449198,43.8421641131232,364682430.8026006
144.129192975933,43.96605680794799,251994990.9111094
144.21702649503598,43.94103147739799,29740301.88861051
144.705471042363,43.111413963113094,223020979.5354915
144.723862316385,43.253438750213995,311104388.19929385
144.442786973397,43.3449332618478,296468851.3618738
144.574111399641,43.4492537670873,269103629.9014148
144.682539909039,43.4161997398206,134495774.50237387
143.282830420653,43.8605016498528,233938609.95733494
143.18141885949,44.0210252442213,275518310.54200286
143.03787281553,43.9429643314266,431005519.4959318
142.867059701883,43.5795559902285,238205027.3660367
142.74410622846,43.7711975661543,247795130.73239654
142.603940096475,43.710618281688596,421528220.416178
143.335096983474,43.2915725354541,189384775.73158517
143.362514864745,43.451076193493094,648695364.2128812
142.997926137264,43.4860865611062,
143.07461264117998,43.667834648479804,
143.233951515699,43.6474732931523,
143.354943865254,42.3287094463926,100183637.4832227
143.45864637396602,42.448265203287896,
143.295208989339,43.0621100406651,330746603.81341827
143.525431674768,43.1430159532647,118946312.79491284
143.425815074091,43.1789686566348,283425910.0534302
133.84855957209,33.92621243879339,138765629.21591598
133.614335666823,34.6424142437835,293299764.0111026
133.94057661613198,33.9866347869543,147372588.06016213
134.840620832709,35.1859562448141,172161040.49010074
134.712507498657,35.2501360958538,169394167.34360114
135.00449397375598,35.549872660533,170858717.22939268
135.10484987049597,35.5479469794537,229816651.81120902
135.148174340949,35.4170462035071,143544519.43806675
133.61179595081998,35.423221533579,215066360.95321295
133.589709176385,35.752721309639405,
133.464850653486,35.757298965828,
133.367956893831,35.1643076315586,193168227.16310263
133.506101824623,34.9874066320944,336302782.2719003
133.547920082379,35.2625247658629,175142239.4773155
133.453101211881,35.166003169987796,260578530.71309713
133.37246025345,34.533692511044094,170936564.72830075
133.41103896519297,35.425593098065505,106662532.02212526
133.310654531307,35.4982521804306,174130198.03349918
133.34884388199,35.3114839761189,150268767.94356292
133.02620951532,35.4928900197003,112372706.2774092
132.94781908181398,35.4082953573459,131060775.50412808
132.972293654112,35.3095395085851,147853102.91664132
132.625978785729,34.3356091220307,149859012.68156484
132.20531651283,34.6899570066984,131390493.4329841
132.145793382405,34.50216318895829,264884824.54758003
132.117399842043,34.6380169355583,266590465.90336403
132.254536493673,34.4441639817924,141773721.82615253
132.43526031948298,34.07662089244379,232275907.98700848
132.58641829884,34.1946537786414,196453079.47569063
132.507621092682,34.2200798604456,148265295.4653395
132.44582885585697,33.8602000640244,
132.554362284762,33.7977609038982,
132.942446535789,34.7024383894353,191608786.34881184
132.785576371041,34.2397688230191,131093427.68275827
132.86939632820702,33.6661172055846,153538587.47694668
132.712030976316,33.6006707912139,158730103.37255192
132.873064011402,33.530975393117394,134746422.79313958
132.79158241704297,33.49015962676889,261903806.8603492
131.35741074522,32.9922867130395,112154110.48514545
131.53971130667398,32.9093678594208,121083643.99364604
131.457986503305,32.984897484369604,162714189.40225008
132.14229368240998,34.2137738674413,165244274.4734769
132.237979942827,34.316092648873195,136034719.42534575
132.33110660922898,34.117266408152396,389515198.0629096
132.32493528975598,34.27962152701679,205638282.70903617
132.23993378742298,33.7382454200418,514103043.32509685
132.135863352174,33.5576084065497,
131.930526771219,34.4198455995405,196942437.2979816
132.040629119883,34.3967232013449,350036460.0439561
132.053685970734,34.2364052127471,264859953.9413255
131.837792308926,34.294594740879,230193894.2585423
132.619017308613,35.1427537478292,186534211.74126866
132.73914020845498,34.892550889284,145780302.99507973
132.81144449397001,34.9520336844096,201682658.64993712
132.750794866206,35.184006683789704,271531163.3157067
132.828482016714,35.1180578016708,252404959.546225
132.54765394566297,34.8059251633896,232075460.55373222
132.43682756607598,35.033333766255,141753567.63814306
132.36017283564897,34.880330552773195,187564809.78062055
132.548462988084,35.029291424529596,358687778.5997147
132.60773638681798,34.9195663404687,194826970.30135748
132.95095627806302,33.633821030191804,121454318.95290756
132.954623961258,33.49867921772459,99161343.71999632
132.966670153185,33.4129905124521,90103942.34724478
133.35853091318998,33.4705968445761,95850046.41964087
133.45763783483997,33.4908444052842,106652017.40258467
133.237637230434,33.372933070930195,9200527.102871379
133.22459800448698,33.3077723286561,4645263.589673569
133.29580263331198,33.3998617524594,96663924.5393843
133.28276340736497,33.3347010101853,49201816.58275987
132.924328014489,32.937300537206994,103234768.2712387
132.90645342546,32.79249455225369,92580692.60371625
132.861475970322,32.86093079161199,165509460.91399062
133.18631346998998,33.2684204212404,35552866.604787655
132.76317777112502,32.979661644006,81574843.12669584
132.845533434735,33.108581479399795,87266130.70130032
132.85845605901,33.03839641794119,73714324.41424218
132.73619561627697,33.10597331657549,103316247.03872186
132.697243705191,33.0246634380432,156509479.7566883
132.522090662247,32.9107022059728,87758568.82251291
132.584434447245,32.873448031096196,134408150.9798177
132.610500540375,32.992594593914994,91622589.68347842
132.51819807487797,33.057012935769905,73799331.59523997
132.56648232930297,33.0758853720042,91821629.42867537
132.644841792573,33.23343397790129,160651274.71807197
132.57820467695097,33.190948977826196,83621656.39919554
132.664763426877,33.3503145840051,106291979.20605253
132.605108326317,33.418740811698,122957776.83330834
132.532427271816,33.3979457774094,113791277.16344428
132.52544525675398,33.2870345496414,103300780.32546228
131.01257773197,31.8578662164345,93691118.17874022
130.96062238802398,31.960323935304597,141430980.41429663
130.93175190536098,31.741986668214896,162882234.45669302
131.615156831367,32.393526530379305,29445930.11646962
131.673087944343,32.5227750279036,61177651.3200783
131.56885318552798,32.436331026168304,97128862.2640323
131.420130489285,32.710321104087,301885117.9439945
131.52065753890798,32.766112404732304,311446187.2940155
131.62575174510297,32.7011590827141,271969025.7254938
131.626784298504,32.5655795236926,209225991.94382247
131.47749701539198,32.005303106271,35670643.773595214
131.462108431071,31.9557490551717,20273337.40712309
131.07028925357397,32.164549240731596,317977224.94218296
130.79160361492498,31.509793590511496,165444953.84919965
130.822193862261,30.4340437772514,181152620.99526814
130.762142198028,30.6698629909716,
130.685650171329,30.3358822600515,197357583.29083243
130.582213422705,30.624830629658096,
130.52604848976,30.334908940726496,172042183.8659092
129.81803971438498,33.1751938881594,186530031.09284404
129.81382025970598,33.30940900163909,329321809.99053377
129.91791687566996,33.0683602122621,131599033.4779908
130.308321411312,33.3824878590225,243741551.24035996
130.379704705602,33.2362395053205,233848547.70779637
130.408086447144,33.5066270575278,251194798.82702798
130.317716108415,33.5185471080702,191838043.07111138
130.140354789654,33.2184538637292,171742277.66775408
130.19838675920997,33.078029085278104,367580576.6604959
129.99498174507897,33.076722228310196,174712375.45941854
130.030822360659,33.19218283709459,155733312.34909865
129.96656481372298,32.525377381975495,333364048.372336
130.23829834765198,31.5246870436839,298827817.95711786
130.23045977825402,32.0997065379837,168742991.67116907
130.475388606255,32.1484818079689,280439157.8175201
130.452999288744,32.01838899088499,218534298.71558025
130.535081156403,31.474593979157998,132890586.0417981
130.61272378803,31.472055264388196,85780557.79445753
130.931312982591,31.3057317300717,211535353.49428964
130.801949120271,31.3849300934433,176591121.2980968
130.85983523774698,31.0309883161608,
130.98131464525798,31.081759469537698,
130.53177429712198,33.027025010529,117085638.50149888
130.67744521190698,33.1295698060239,195579434.35127074
130.631698553697,32.9419486210188,177714904.36148155
130.69865697718498,32.9678773745508,107040937.83183867
130.34439395036398,32.917058832246596,154011099.95536938
130.39894633458,32.813079070262695,89315608.25258689
130.436515447293,32.9379931416063,240362857.21403456
130.832588216055,33.0626259197487,128607573.77833012
130.864804504104,32.8996357430631,168716282.58059284
130.782279114135,32.946479035932,107488939.93589313
130.56058998193203,31.704581711418,177785648.43215752
130.573176079863,31.613977647063898,72854177.133594
130.511369267829,31.573872195010196,153435397.95063585
130.412279174496,31.539885721330798,113426524.81905968
130.425994499493,31.7901402677067,56528797.36673035
130.489852413063,31.7994861840216,182979807.09603024
130.37216297318398,31.7263262954088,107893256.42738548
130.349516891352,31.611081673690197,254907987.27845377
130.73493029282398,31.5652987121109,62992509.441636585
130.65286414692596,31.586227008071997,23892370.135018304
130.668699966519,31.543582841248497,33950833.19296551
130.63929703044,31.9091715113919,196394560.86082953
130.854334611198,31.923820586337897,206683985.16858977
130.844480313393,31.7803872474396,280485092.0496633
130.706966489484,32.0473619556321,370081238.4185237
130.796230175556,32.0441011734096,169471174.3212037
131.947873669689,33.1779353836491,548593277.8644447
131.193417832818,33.2572963374267,175791254.94291762
131.18231769627602,33.025870695638694,142691756.8165934
131.02046224677298,33.858259143135896,159154003.61781257
130.986164830191,33.957966657387296,139436564.4163704
130.924088578437,33.7315850764761,181350625.90991458
130.782122529795,33.8872056335307,189815109.00035617
130.636517198451,33.7986024843984,260295500.01628953
130.865014369782,33.86630409122729,183258879.05199152
130.835104384413,33.7476182999934,165959979.38895875
131.235492968217,32.84300261094269,294540480.3095155
131.173238544282,32.7535521978786,133432007.32571504
131.157437247903,32.931599670683994,117255339.38501841
131.060825310063,32.8855103377449,69373316.9214428
131.062784804094,32.815516647813894,78043576.320917
140.36100737217896,35.8268124244536,78790575.73560236
140.376121600605,35.7174715809648,92038669.8044307
140.48666952470697,35.737419298326905,188287151.681489
140.08719581607298,35.077836993153895,84485543.57576887
140.12985626293502,34.494075560801996,
139.931738640012,34.6686325186938,
139.87252887158098,34.041081603394794,
140.114221369914,35.438144340149094,124395743.39218418
140.180157352323,35.38501625915519,117954349.92244193
140.14449173257498,35.1879417149139,184412945.64593723
140.20111757609098,35.2467765695067,82024344.2423758
139.532315646306,34.002938767393196,55610587.97118207
139.559965960998,34.0089323069793,24776653.13599492
139.49598498640202,34.0819124272374,17984660.224105235
139.523635301094,34.0879059668235,12312587.329431089
137.66657710215298,34.7053527723012,28596501.869029008
137.71117970144698,34.71812490995969,33908136.92730768
138.342136282812,35.1944464777059,146498714.09635308
137.95149957038998,34.870720869170995,22578941.158529613
137.97506942983497,34.8320240519064,39146694.936129786
138.03598863397198,35.3949098640291,311309310.54550296
138.281171756541,35.2673113264923,147938181.74491718
138.89326705089,35.439809561610296,191757760.77980953
139.351009228761,35.3374892416656,77432569.70512639
139.303183641798,35.3894705783454,66493285.47273718
139.419385103823,35.4096517936887,98726572.06991062
139.37155951686,35.4616331303685,75141464.21976052
139.249456501716,35.4018128926572,89349079.13262573
138.216495514812,36.5213263604475,228310156.39418533
137.73302571995998,35.190973276060795,239922565.41092262
137.809696978734,35.2702491830106,204583048.95868665
138.39335840342102,35.960254283266494,140631483.62994277
138.31678901779202,36.0006603809193,263010166.18383804
138.166350796452,35.57450349253679,
138.14956917478202,36.141535912623894,143076291.76497272
138.206168747592,36.369112343371505,250840259.8427492
136.71243106629902,36.8235202970316,83123053.80346096
136.82871995291399,37.459458226212,
136.256792464716,36.916171808287196,
136.00001427177,36.384251249662796,
136.40521652082597,36.5982642655542,
136.53580856031599,36.692485551816596,
136.62279922038002,36.78212850729119,
136.700135425986,36.93659744085299,
137.060718807375,37.5725021710203,
136.937489634858,37.5590706519732,289428805.4594973
136.927456188303,37.403046331632304,13865948.425142871
137.284884335247,37.223595194874,
137.13380317820702,37.3913451252033,152418306.02907127
137.042485064265,37.2837322912296,182458594.45416564
137.039982257904,37.1128326948984,170344585.47553045
136.91804793922196,37.0107594019152,243018727.10004592
136.837916499834,36.9088770571686,236711240.05048013
136.58499382129799,36.5199297064602,131252956.56022829
136.49800316123398,36.4302867509856,172225583.56268296
139.594685941986,35.5452347700351,107425127.92662975
139.52618866906502,35.531238292156196,122324668.54322717
139.6023840321,35.469504734129394,82607291.08562016
139.47133297851602,35.418911043671095,53973135.6980347
139.536991145376,35.334147889167596,109630186.35074386
139.599544926039,35.370745101747,113461808.19947243
139.703572642227,35.433652785682796,122280773.41873334
139.764000248862,35.2373113427907,140310178.0938398
139.70073353616598,35.3348931533004,139810094.1224381
140.201720842425,35.708175913624494,248367143.78427115
140.11271092097402,35.6880959321568,205936898.23689362
140.058780707868,35.768861898419104,88418038.682593
140.040326693454,35.8632142879032,107044271.15038817
140.232410813121,36.4234673909898,287937061.31207234
140.272127891016,36.552553592078695,148744559.2055633
140.378215244553,36.6194833557663,219271205.62831646
140.484342870729,36.582607116759,264624460.04802942
138.99060390956402,37.7266755668055,86727156.68670908
138.939398317302,37.6725720150351,141458179.5981168
138.41931531747002,37.2278603629812,183291266.71482217
138.36061985427,37.463727524239495,
137.800981730346,36.58479414470099,140330014.93072307
137.881985302512,36.5517886029186,120121643.1885137
137.892144419832,36.4237693357923,89287121.01909825
137.94218171560198,37.048572952182,116704926.32041162
138.05044691799898,36.9886559324832,403453074.8680235
137.759244551148,36.949767497048995,168374462.42586082
137.75873984829,36.8368770045606,405163618.20471674
141.12690675791399,37.90735163072549,
140.73521712412796,37.041012684951,176501840.57390967
140.74785276377096,36.9134310393915,126123481.0990507
140.64188953115396,37.0646262943539,178792518.4408104
140.56909392477598,36.917952760840805,269706778.52085257
140.79493530504598,37.1997763673283,183363859.0669206
140.80600063840197,37.093704092283296,94241369.13081948
140.88910952001598,37.2267283798575,196507401.57323855
140.898696644541,36.690001699893294,
140.81715806921397,36.53546804180459,
140.81863627804498,36.966122446723794,34118828.09854078
140.756172505047,36.408106758873295,
140.595619695267,36.6601787861496,204021554.86451265
140.621723594616,36.7910635013691,241421180.9743395
140.707154840637,36.8101553893227,51458674.93845427
140.476808104281,36.8944456014585,182148382.88180703
140.72783546236798,37.403828275763395,164064934.41671965
140.71480866184498,37.2780206727819,105468527.54219131
140.63254640222698,37.1955620071398,133291923.46844454
140.39911498103697,37.3353498366255,155529461.94132346
140.54421191989198,37.204718392743,188744725.25556675
140.511679340142,37.3232321958441,235979762.3544258
141.555613449624,40.3931528460768,246167282.453456
141.64413040037698,40.3220839393449,151385283.3136839
141.237654372045,41.3864037707175,237428604.34618798
140.54484441663598,40.8824643023709,261437346.77133945
140.512027378668,41.04204991088069,212258529.93332022
140.128579570617,41.61864466730519,410233705.2156486
139.644702473166,41.864366727641695,
139.853041733823,41.778549317574296,
139.790997225561,41.364034461872095,
139.97926167723298,40.920787398678,
140.064035279025,40.623751738881296,264672583.54177976
140.373094943301,37.472058559386,157821692.43792507
140.28697676264701,37.5290801179932,211104478.60851812
140.562998577705,38.0562157248273,219091544.3413239
140.28445441824002,37.6530919322382,94053079.10785373
141.682251611208,38.8223776503057,
141.58255133223298,39.8013719020896,380974750.2758047
141.69962679684897,39.801424664146204,244752477.21161267
141.79221666027,39.6685796969715,333925900.6897489
141.84268538955902,39.538252687642505,142413243.14091808
141.503878236996,39.6908532130638,254585639.36591318
141.531291085437,39.520354693620895,336352366.9540021
141.33374977487702,39.77588597060429,287007315.4687501
141.24026538091803,39.69174529551329,309899789.31508285
141.086403468648,39.7123181000271,248151413.24898848
141.04967661836702,39.5492570710941,290635309.7304052
135.045336432435,35.141135288357994,152067229.8919864
135.109145557551,35.2083124859664,139037108.21922907
135.077731455942,35.31304868329919,112150480.6633523
134.924216712285,35.210999358252295,170330856.16088173
134.910784045686,35.365949495688895,291518577.3259108
135.000489664227,35.4008216231274,187101946.03412247
136.534124092113,34.3755084556983,109917808.4990942
136.597843506201,35.019656230478695,147889083.99037352
136.730450440848,34.73891230367909,454876255.7511187
136.331347988418,35.0981353397829,409380745.6159212
136.05329282338198,34.046950121151,200296064.79137447
136.157570141274,33.9707154983757,24352297.970550817
136.131493902492,34.054446970057796,102609274.79515135
135.40560118569,35.0692120390689,204791073.85499427
135.450286370058,34.9606268263428,257032460.50686723
135.45307031496898,34.7432436874974,108210037.03825533
135.446526966036,34.6396910168001,114445233.18790123
135.39508725718798,34.5492153019431,179685900.92747134
135.29207953898998,34.6024360839993,333058955.05722344
135.845247013377,35.4538663684557,141490283.25488472
135.800973754479,35.344624052113204,209336096.94480702
135.87076321816798,35.6517632177916,
135.71386952243998,35.134808883061794,108725416.47885065
135.792727359201,35.1287620438062,75054078.75387031
135.836508860613,35.039755270707,112454155.47109453
135.803707587735,34.978295489299796,68185822.76991674
135.34956414662096,33.8584735143633,57884601.385125
135.27655719471298,33.87825574127609,182450515.20884296
135.34645326773997,33.7877851509066,40256058.50441069
135.20358062976598,33.8415659292909,50555597.29651929
135.416433082392,33.724069824409796,75482336.72697377
135.348743535357,33.7187090358756,33809814.029924676
135.27887784929098,33.752707587347096,44751458.64049329
135.01326713635203,33.4859133781029,
134.69223564937798,33.5427999985386,
134.770941148041,34.2991588307577,82743439.8531059
134.881191151938,34.278205285321796,176640639.28326344
134.97658711472099,34.170090273237605,438903295.10151154
134.843873384088,34.023031184617196,
134.936757458085,34.576578726327,101840290.56870888
134.97702803062498,34.395987983207405,270920403.7819156
134.90870081736298,34.4699328823113,127954087.26140463
135.08982199343401,34.3882202903877,251932841.19220302
135.125256532959,34.526714824215894,298665427.77908593
135.05102757993,34.686183694734,186651317.18843582
134.982173609349,34.6804340437566,54989161.28449603
134.678782914786,34.2398456856654,74775302.36798906
134.82987181438497,33.7124567455005,
134.794776280956,33.8156115096591,
135.040819917465,33.7546208796654,
133.873169987469,33.4685376708474,116035088.49490824
133.547006050458,33.489780730329,63814667.641995475
133.706298882915,33.4358638385574,
133.789456656306,33.5641180921827,137104231.49961096
133.405375354944,33.686087291043,121436462.25441255
133.37837595515398,33.8288874705969,144645978.62596714
133.43690140868998,33.9070051410486,129765728.66054644
133.608985058604,33.9777386056614,96174816.51358439
133.721224966824,34.0114280393811,148436386.0129254
133.763081650737,33.9454811863926,114730776.84750809
134.449748970471,33.7184831094705,106771845.79771651
134.52275356261498,33.7706932366023,41357364.76445183
137.391336752274,34.7735596299333,92561493.12517174
137.343836402784,34.853339840781004,80187153.55071941
136.75825664328298,34.304445672354,74066539.61382106
136.727464209501,34.3832918149512,93607606.4888538
136.810898225265,34.3606990794507,38812215.94076079
136.78010579148298,34.4395452220479,63662810.277884744
137.10909398937298,35.1651325430592,117340127.82719995
136.781599745406,35.0716296569496,164004622.1134487
136.84040591753399,34.9005543745221,27190614.336891536
136.508129845131,35.400292836678005,43669283.116855025
136.30992491427298,35.3463078263856,165299739.28444204
136.394301382449,35.468532996312895,291934103.4381876
136.487806937625,35.4884319135555,93203522.49066837
136.389587090592,35.241120072879596,317272791.2276712
136.508852239551,35.22727632006,136264185.18795633
136.524179446677,35.316249977471095,60236055.31497216
136.75696057623603,35.17710029783069,103506666.67780915
136.67850589582198,35.189698696531494,211721563.2522423
136.690005372426,35.3077610781126,124950948.81441224
136.792188433098,35.4071400068925,126560213.74412802
136.132511180754,35.86258336200209,122091922.08962233
136.12202783586002,36.0996539342406,169803440.46470934
136.198685915952,36.1116147200424,133640594.82815225
136.060963419579,36.0042741518394,153845653.9347334
136.06330802176197,35.9133191482494,113635604.258621
145.183572230796,43.38587015474909,183872986.62571985
145.098409961208,43.5847133881038,113459172.81356753
145.092919013691,43.4916239133156,178689859.82980657
145.16478045682797,43.74129272860379,
145.38799013696098,43.6429793715894,
145.55301245641198,43.4126424462522,
140.88679471485298,43.152335762190596,104672264.74405919
140.74219486961698,43.19057553216449,169443614.9142419
141.07326443934897,43.33289565739529,
140.928664594113,43.3711354273692,
140.949280412325,42.0795160758885,
140.94492337140602,41.8683291923556,350243439.6765358
140.74219447298998,41.9443787649711,72337319.7668089
140.813486246433,41.8656881818164,204537092.8571296
141.180787362648,42.26388635634989,
141.041109991782,42.205363550549094,
141.158381976744,42.5418186310095,320054195.65852433
141.004169146236,42.5445289866135,201835168.81293195
140.95999057120198,42.446651619329096,125687090.89406095
140.83351352683798,42.5234836986861,49619551.53083827
140.8917687474,42.4644346748457,35585568.86609262
141.552501214212,43.372258095091205,252437668.4642763
141.458696188986,43.506722909598295,210251371.2855348
141.485092635744,43.6564849145667,328976002.98014575
141.65283012031801,43.695318090527394,515084796.88812345
141.51477122425499,42.7667719970898,189837330.50439578
141.709851837576,42.86142070993859,236324003.52407393
141.667052384616,42.7521905843769,280893284.55154335
141.23502869130598,43.34323472405189,
141.368435265981,43.4188360264989,129054611.93345754
141.46224029120697,43.28437121199179,234173790.47893095
141.243335690523,42.799866235334996,355333426.9363685
141.068769508887,42.828096509691896,449823810.8981028
141.05409093355797,42.9980720474382,514180817.0450035
141.410805935157,42.8720441498217,212176867.56661728
138.922200407265,37.3625640785958,168400722.26162234
139.029345714996,37.43889853572001,90208805.40481098
138.97858388835297,37.5694918674141,110659485.39793447
139.042300959342,37.5530284579197,86520664.4381692
138.74495666341198,37.4448554952978,64800463.26532784
138.741798339276,37.563579636362995,60309926.62794218
138.81290488124398,37.5815461255344,116055659.73879078
138.88539926108098,37.514951143365295,118982400.66621777
138.841971024339,37.4221532767467,199349749.2772251
138.927922671648,36.9952500223416,275635831.826299
138.90077223363,37.2620133573402,170676317.5889336
138.83764213393798,37.153220730357596,195876517.7439804
139.11237005506499,37.335541459461304,319143165.10003805
139.227057815142,37.3298512778697,317511740.61889225
139.05313262939998,37.2107854399776,241172786.5429092
139.06666401612597,37.049963128817105,502779233.46644837
139.16371520336997,36.9178619919186,322494699.14355904
138.55304789954099,37.12906432057349,102904688.45191643
138.677530763343,37.0911931823994,156866256.59337148
138.959890141248,36.5050102075593,159695088.1460772
139.100262469278,36.711763919787,243712843.77757138
138.72086846913902,35.8800620909544,365836778.03685915
138.72348642398399,36.0311772729249,414851703.5701388
139.27579120464898,36.127179699055496,108578624.74350932
139.182957455619,36.1650824024061,249923960.46983144
139.29614292594,36.2664633262998,124919493.4043245
139.098760486158,36.295606426365,158860239.6226397
139.095459169656,36.397125769082095,196113413.6193199
142.475685976503,43.74115380416429,167253224.27994198
142.393715041083,43.8410214747318,244564306.61436206
142.24526174123102,43.780111810307396,196995291.60973123
142.345664663268,43.61222392110869,219278652.49235493
142.22895358220998,43.6575527564385,256529961.74370784
142.340911015347,43.478151154059596,308973845.6038783
142.440539434842,43.1562924881451,270808235.92040724
142.279744142646,43.0792082560059,
141.887878256487,43.0508389508868,461103466.30018663
141.743701942227,43.1465368001448,265980917.76839525
142.10941470062698,43.168497925146,
142.14374864022298,43.36441344830099,503069174.2548397
141.893006676927,39.81413593655849,94654854.07047793
141.880554062313,39.901126145334295,90829942.57694893
142.343846888397,40.532961550808096,
142.33139427378302,40.61995175958389,
141.73755372377698,39.9805166968185,182590340.28088748
141.826741334124,39.989144253643204,180047562.9675979
141.817739717709,40.1401161396114,104639063.72814412
141.669450181479,40.231508440800596,234386653.82263613
141.631231263753,40.1211261697983,316476813.9833791
144.340671252657,43.7186249376096,212707599.9194953
144.52278224973597,43.5529516435959,134615844.8303854
144.54191393637598,43.6245841746264,149599233.19972977
144.30966285713998,43.517257962321004,184860979.31635535
144.19842290891398,43.623986605056004,606829288.4514571
143.480159829072,44.040684851397295,311432698.00341225
143.401972348602,43.870902265020604,243911190.60248372
144.53473799737498,43.02743871981059,236490593.60848588
144.589974013221,43.142009729230494,235004571.31878465
144.458615087094,43.2254559181104,160136869.19372013
142.62571951498197,43.5517101707556,262701105.57910085
142.492711747089,43.448172926182195,245298697.1495957
142.520894005248,43.306650251865,265010978.1203656
142.659007535847,43.2497437520841,292167672.1700709
142.785520969905,43.3058633502297,290225205.4559882
142.78041520719898,43.466307094583996,361084503.8551427
143.039502892506,43.2860787885504,187685940.38520703
142.913742219831,43.219104473318396,161743839.14382714
143.151400514958,43.109673590834404,323605139.89889944
143.156894325522,43.2521961358212,195298154.70476553
142.904261068041,42.455610394362,
142.74265320710998,42.21440971517549,156890746.91268176
142.89816265461,42.2314979388489,195168639.2107564
142.562849682594,42.355504275975,304925710.31143653
142.55111912910002,42.569785291397096,
142.73702106704698,42.6528031861107,
143.06152864304397,42.8095412794005,194642507.19979653
143.01602001436197,42.5962743558924,
143.55646662762902,42.979989524538,227840078.3675435
143.727168102441,42.7874393271501,142054655.99986264
144.22900239732598,42.94015451477069,46788723.222858846
144.129736781547,42.945618285339,94949430.83396108
144.418833582309,43.025105160523196,54657538.72037613
144.383202312459,43.1149871060964,181865907.69061828
144.162642317331,43.259799832042205,308824155.17816544
144.25989179474402,43.1053932599103,254501851.72302794
144.196257448815,43.020975084905395,151422600.6470378
133.975257950985,35.3714101722333,250493521.59865513
133.618832623749,34.990605529172704,282082130.06768256
133.64638692471,35.148344764004996,196100698.27477035
133.675191220659,34.5003308862069,231879511.9020127
134.769661969305,34.7113294469073,239190034.38816696
134.73844157498996,34.8751015807227,145554746.42756462
134.65750984897198,34.9775885616663,170550123.75362957
134.635000836765,35.176662071991004,176155439.46060565
134.694691890396,35.0771193099294,165531257.6834689
134.03568202463998,34.5013074192105,135246814.7414296
133.93649706412796,34.081727311417495,107935301.6205456
134.001639165933,33.9325656650739,107979958.26287733
134.76598317055502,35.542493608512004,188187090.28967643
134.81301965976903,35.4404027226216,192689524.78125766
134.649397416963,35.5028526573369,124191895.97666928
134.61967734593398,35.390244533942095,113742454.1217495
134.698338992316,35.349632436224695,184392250.35760292
132.992616744933,35.0545856518539,220575464.9642633
133.261686671916,35.0302923827571,261560536.75727066
133.013145578511,34.8056873445072,361054880.0212298
132.944672409846,34.9265951385186,270700997.5486631
133.06874892762,35.3098619576703,199723297.12007
133.089271891785,35.146403325834896,323033347.74231344
133.193631034827,35.1360581507892,269329957.22169757
133.26652428810598,35.2998708452148,181225847.24427825
133.209648766227,35.43284428654079,220931747.80316222
133.116232548783,35.4324902239506,136363196.93733796
132.344132669826,34.5004288040808,163710541.65228936
132.32330622934498,34.61036808238679,151735783.2404648
132.38613781889097,34.716099139223694,328569189.2179747
132.47376439535697,34.700072988665696,142338018.38528392
132.53809045210798,34.5665804265903,151274644.61494434
132.54982240879497,34.4537711479797,162419582.01491958
132.48490315803596,34.37670623724149,167084644.39046207
132.406371065364,34.395602388104095,169731064.71597213
132.751572888396,34.462658360836194,207693982.2030031
132.847945030218,34.668724572154204,94087086.08183242
132.70655750371802,34.63659806512619,308352723.7009658
132.773635268604,34.7430751760169,209229720.54723397
132.772751033703,34.1146474517409,233195247.70257643
132.81735473955302,33.7961872012842,197262129.00827974
132.741470982021,33.771556553262,179672620.22497687
132.655177942188,34.0677062616627,237864146.65867662
132.65251417525798,33.913708775618105,358549430.72414756
132.88135269578402,33.941860038543595,254523492.81353852
132.87226735440902,34.079703715797294,204682150.6626448
131.47247249789402,33.3694045264866,238181113.64852887
131.26879118139598,33.251887102737605,130557697.02513829
131.31873308003998,33.3883002810555,87495750.20643054
131.395215947655,33.4318218331317,241072832.932303
131.325997410201,33.11065698949469,102190238.7594777
131.266926914508,33.126990956268,138282287.2608055
132.11222614946396,34.082027783034,124650241.68843397
132.21408372935397,34.02199144560149,319557307.92321527
132.18102714867598,33.9069152883681,163023252.9405618
131.828023282593,34.1626303593036,201323502.9418247
131.93381459573698,34.127563229367304,211927635.6967714
131.98419437392198,34.0329018384531,140423298.3008287
132.006600416427,33.9515288345673,172710987.64285183
131.687215371459,34.095356738338495,229002577.56195214
131.630167263507,33.9206812206372,599110500.2908394
133.23457627656,33.74015373519119,298378512.9237775
133.252689195087,33.58987688371259,211860029.57967857
133.274552018586,33.2751201978624,82279606.94456735
133.54599099863998,33.306611609073,
133.44111715707302,33.055561806564,
133.183112233479,33.2110359169314,62323903.00920317
133.009054750968,33.055663716038694,79984961.09928706
133.13790294486,33.1473302894646,69465933.97575608
133.015881608214,32.9775283263591,59376509.477655195
133.004941762308,32.8990384931274,55619520.33567709
133.083832349127,32.9941145355723,
133.011628283589,33.2369104508859,96069768.52269953
132.89554600631098,33.152916493454995,81662441.48013169
133.00002222431098,33.1229592211485,67935168.74524383
133.055666522658,33.160128778821,105607749.3165075
132.882534280947,33.2486129231883,189161677.79804865
132.942972259878,33.2954373229467,32319086.317968436
131.361355294059,31.9887153172158,192131432.5287567
131.421253187004,32.0643771612747,37993065.35724521
131.436641771325,32.113931212374,80140706.21630377
131.17881033371398,32.6241114065856,322917781.1003296
131.09371941032398,32.3283967563414,210217283.5318442
131.027699406318,32.4714842754918,323683874.1715621
131.065331529396,32.6208875796672,182633352.50172162
130.61372442795602,31.3664001209592,181465023.3980996
130.533080693136,31.038923004279297,
130.730435152383,31.191605310855,157880470.98274687
130.72255069757398,31.3215748276035,310088727.59622586
130.480430735325,31.2892208539911,239976394.48036185
130.39190254569598,31.091713254059698,
129.948478512534,33.447084926669696,137197838.33889183
129.90208896528597,33.344759387246995,102881321.77230623
130.03077937162502,33.3857346496443,147621912.83219
129.984389824377,33.2834091102216,135649889.24186495
129.925284892128,32.81305436240039,80187640.40430307
129.957115392093,32.6727173338401,139286380.4822191
130.02535101118198,32.8332468542826,186685844.7155519
130.07042055044397,32.9432925076167,221459032.32271314
130.16429313557998,32.91832833795,192921375.8069405
130.102604378406,32.2936775512758,171218634.64038903
130.07111856063602,32.402819843955,178263319.73083526
130.175273324118,31.775254755740097,
130.20460827033,31.676642631272095,
130.25023170753002,32.00274626498069,117410861.59455878
130.29534512907,31.8033395263155,144887354.055196
130.349176655379,31.8671534986134,118313837.71105556
130.333398180051,31.9679481128106,200614013.6846471
130.47833699472002,33.213249540213596,139840100.12867528
130.53741403642502,33.1178088629025,107265886.57562514
130.616126527722,33.1944249048654,138630873.85818073
130.582861397901,33.3411576394578,234294770.09777805
130.497324039159,33.3475778433732,151694097.98350048
130.649322344475,31.7274726984237,120899159.72542825
130.685246128404,31.8046083894165,89959133.2744868
130.68563418292797,31.650073878079798,49876916.51333097
130.747019917074,31.647833369819697,98342427.41822588
130.76406255263998,31.7357201959248,75024113.68497287
131.64216197724897,33.269244158191796,136665070.38823137
131.50396700812797,33.094730031016496,251012786.0392466
131.491914503499,33.2741126356287,146928283.72046256
131.423786550309,33.1837827971826,205512738.6962563
131.641995620553,32.9751281723985,135420991.091457
131.62541590869,33.1005164623155,205535870.55774808
131.695482924621,33.184700751044694,159049112.7235994
131.10793093236296,33.063510119653195,128616032.78796853
131.11716680201698,33.1700396149716,108774057.1353374
131.037745441614,32.9778196772211,99066342.74995747
130.96905753775798,33.211216702851004,125681666.04707474
131.037516224538,33.2377800175872,135770693.88246408
130.937338779951,33.0995113838334,163645048.46980572
130.964163577203,32.9929125934452,204141079.16929367
130.545077576661,33.60026150747971,200757337.44008344
130.62093403359,33.6819632328234,226828940.0513887
130.61986512049202,33.465776379337505,210470944.99063554
130.736629379565,33.651880590721795,103335024.2715419
130.72211902407898,33.454138364922,184394727.61005774
130.76302682622298,33.5585408509626,135118887.16992548
139.399580784453,34.1861399904387,89002125.37861568
139.384386594024,34.3897876699674,
139.306755367923,34.5226292288163,110911967.68082964
139.356117657867,35.1351530896377,
139.19838587262302,34.8639134969763,82708236.77450554
139.46247168140098,34.8987867333039,127526385.28118189
139.473155092953,35.0871470773857,
139.10351821367098,35.0014731329703,20730757.38928278
139.119913014027,34.9789601084979,22097786.195513356
139.25778221572799,35.039811418091695,
139.213941256929,34.9179592935228,160021635.74753943
139.232669660568,34.4047528313016,32882865.07996926
139.25750560672498,34.1991269979414,297762998.09181845
139.301953691472,34.256816937703796,114689459.6098104
139.114458572859,34.7130144333918,340010793.5571068
139.030861720047,34.8473689729275,97498141.09666058
139.143313553739,34.5312481958334,
139.03278941392497,34.5909990681486,
138.757141748115,34.754266998056096,13168323.97236531
139.05755498378699,34.913498159014196,25468045.65870878
139.086205925073,34.9486728108639,7105019.404623715
139.094566238958,34.9190206533762,19262609.599068835
139.06981112471698,34.9711858353363,7459359.140961454
139.03603010982297,34.9869800457573,24834657.725948695
139.015413655008,34.9589445269229,26275842.58408583
140.28667039328698,35.228985297145194,79654646.95765853
140.28676763689498,35.1759904681581,14306904.46948754
140.24152326511796,35.1910358398038,14994435.847553479
137.64956664003603,34.7596869746709,20719836.765239626
137.63392644754498,34.9472715263397,131606671.74573492
137.714734195962,34.9484945663568,167729190.0184057
137.757179567667,34.8811017019839,49961936.95000227
137.748464432601,34.8316037692722,57714871.199638344
137.73117058549198,34.786056009503696,36316588.24999012
137.69416923933,34.7724591123294,37549395.409337945
138.432525699633,35.1499271167539,160843522.71152535
138.45904866373797,35.0113081270392,56483317.882423945
138.41005990310398,35.0502916916262,87417158.53799655
137.911026121473,35.1661876058757,125323552.14424938
137.98199299074298,35.127669005121,150150144.41880566
137.90126544430498,34.9548090098493,91258183.87086655
137.875252142562,35.040933744181196,157045610.24177495
137.96758765808698,34.9332682294761,50353734.21478751
138.05552260704602,34.7495105987436,37719866.71809555
138.11974473085797,34.8468088866084,60764496.22124096
138.043318780884,34.8033267385914,54960557.92639044
138.237529027917,34.8879876586527,72290357.14908849
138.304705982883,34.93502013360149,68645759.86504632
138.31846560345002,35.012608565315695,75235008.48892184
138.033483141213,35.151797723341204,119904809.16043931
138.068179751205,35.2441854933069,285682733.2405788
138.177582663153,35.205467594484,106010147.22431621
138.087389996655,35.0273324911092,28826031.52097313
138.61298969476198,35.5656252861129,73097926.13681266
138.689894983464,35.534379604993504,177544036.62264174
139.178131131633,35.201188909062,143607290.7270592
139.235390721768,35.6019973952049,165513118.83855936
139.214303950656,35.503594182177004,120903304.46139057
139.03905043776,35.578272460935594,98435984.04435322
139.188603081,35.7357864869577,138217610.54955944
138.54056298815698,36.2015862973182,172777803.5801372
138.09555662991002,36.2858452365816,203090456.59017125
138.116146017432,36.3934291251168,138187865.9031552
137.96384598562497,36.6207418719021,274321511.71034616
138.02387142581398,36.53830572267479,109311293.37869881
138.076231242642,36.559472317137,70296103.32715979
138.049291993503,36.83728999792379,282615774.0908546
137.940522088248,36.784316525134194,271991708.98980653
138.167145353655,36.7420609347825,139782093.6151288
138.141237924657,36.628139050776895,132026890.27580161
137.90026977721496,35.805555285713396,158841056.46442515
138.018252497763,36.2960315761791,94996460.0491557
137.936615745588,36.3368657523531,81455784.78588955
137.98648206845698,36.3824488702521,97327943.38325685
137.74462652643,36.2870900260902,
137.90591790234598,36.2596305053169,51240404.65529601
137.80078654653298,36.425443891986596,169889874.9989212
137.86144657658997,36.346534088756094,51689546.59342252
137.639337226413,35.219819759124,127946490.20709842
138.19504522338897,35.916594932304896,176724896.1549241
137.99400357623097,35.8391798922498,141106245.33693236
138.02550366923998,35.7167085629409,137026159.36809713
138.136328455653,35.759932818416395,362922449.9598495
138.10931314412102,36.0315305279292,218512336.0166257
138.345076732071,35.3481701751321,202125245.54468748
138.301980472128,35.536990505544,
138.47094779703897,35.3615032400256,91756192.2098685
138.531286275921,35.496985888405796,102905899.27146798
138.524665644717,35.4209075823306,80808499.61909947
138.28785947103597,36.281582328915,104806469.74178992
138.428260372875,36.2218247679354,97852618.75780179
138.33333704949,36.13564985062229,210116018.23343605
138.25184928574797,36.1615897867026,135453857.14568406
138.37500390238802,36.338737471162496,95692353.62249167
138.433917040485,36.304919846263196,65926164.09647827
136.723662223071,36.687324450978295,157002734.94060022
136.673561183676,36.5382027939687,243705540.60650054
136.76375817974096,36.4510339127286,316464856.3378199
136.90593243422697,36.5441889476268,245539806.356155
136.930271533407,37.343288240705704,115704334.89322126
136.965902066664,37.25689050501,152106395.12036288
136.825221326145,37.2514593941754,152760295.0117569
136.878831904551,37.1130585766413,166526444.36996627
136.78640482485,37.124253375716094,164597548.82455397
136.91238240916496,36.822186347439896,224533279.40074566
136.931119425276,36.657091547237705,112111683.76657087
136.839046210185,36.713058169349104,249283774.13720134
136.53682501865998,35.837241045487204,273758045.15928614
136.835528928615,35.2717073221821,85697820.22118464
136.85925730887297,35.383684649662804,141358933.05862144
137.13165897598196,35.29880632467749,104336433.0179994
137.02422367391998,35.310208393023295,110614863.7279551
137.455616340339,36.8397356333358,98568583.04742326
137.439839534844,36.722996559744,187027917.45073336
137.60894825228098,36.663145536778195,175991161.0749599
137.515317279648,36.6696718147518,224696880.75833786
137.65270978902302,36.4032779224719,
139.78219985871897,35.669459353001095,170918514.49969262
139.786434095253,35.513304423389094,375566216.47377914
139.977741869229,35.7028072932069,92468783.95036481
139.986599080086,35.5899245472771,152986773.1425638
139.912414509285,35.4747684263742,361145893.10041773
139.888647042936,35.7950760970704,166362369.69074094
139.959287854815,35.797159682691,112361118.45139563
139.92974073648898,35.3345640612129,153327550.09955615
140.03682088407,35.3417089483194,149029230.6134481
139.908137243721,35.1772554919764,70111831.33739883
139.86049228536,35.233216365996,104115888.61910953
139.986695833743,35.166640251606594,59940672.56070728
140.046131022963,35.2297460127327,188317008.83349267
139.735292933214,35.94451716846869,83743792.3988288
139.848902704434,35.9454571701258,112310989.47384617
140.29282668759598,35.9028083031057,280509406.4774705
140.20701521293498,35.8705580977821,178760453.63153186
140.530178570034,36.351563587422596,176312308.41051808
140.477253973023,36.4497349496379,176719361.5274603
140.207975470233,37.4636795263731,198882873.57863054
140.00025637088697,37.2663649781346,309476747.3356527
138.52226583138898,37.218856494791396,180303598.99604973
138.480242160843,37.266995544405,11652991.119565845
140.891466220989,38.014324430708996,159447594.10655817
140.725062543021,37.9424215000545,172650295.6837629
140.696793336891,38.0694560253315,214553033.9143544
140.724613191294,36.1265173586295,
140.649491627535,36.3976812738594,
140.59113940000802,36.2219382422535,
140.70036953256897,35.8161196451718,173427283.6704142
140.52151556308797,36.0321178815213,281009243.5851893
140.556975586731,35.8417757213076,215876538.1791594
140.47569355907999,35.906138234412595,214018024.3862696
140.210338683888,37.3560531667521,98181425.58899789
140.114019370116,37.2770201481777,178592237.0387301
140.49308231669698,40.1392294866189,295057101.5347594
140.469458459319,40.4705740201851,264584684.70276827
141.334720227822,41.284671685276805,235715339.7185515
141.308181955248,41.139198219411604,166107493.92339873
141.50132557895398,40.9861760984874,
140.97216695010897,41.369566085321104,259014004.78397635
141.08307901446,41.318062761168605,232438991.35841948
140.64284930183402,40.6204298617689,187045315.7817269
140.101052436939,41.102129767294194,
140.39791766744702,41.0682146738094,241255198.80170414
140.352696203379,41.2978084728,
140.202672690564,41.3915654464983,
140.49239587868098,40.742852400957304,158811852.3611544
140.53458700914598,40.6140236341224,90707446.96157865
140.436520060155,40.5703305565338,109827090.08924708
140.371392476898,37.6755409207815,69107537.9628141
140.420458009854,37.579208939943,108693688.88835007
140.822485959705,38.1567464907453,145621226.09724918
140.73314625790198,38.1605604296466,146620153.9908673
140.964678379041,38.104361142804,
141.153602381418,38.1285307925973,
141.237347492736,38.3267140609551,275438336.2098656
140.694393433572,38.3412589136577,177570987.68010944
139.30397816900398,37.505930095226994,607483173.1234821
139.443025276236,37.4836390985496,214113885.5477535
139.546671200607,37.9589563107414,
139.39427870804698,38.2469269367988,271377257.5067878
139.557231201168,38.140532035019696,217201379.5634737
139.435063719138,38.7342198289695,
139.240824011718,39.1450888506249,
139.090803791907,38.6528978259831,
138.96718786806898,37.8047260616421,126210556.98241499
138.90455614520098,38.2232447735853,
138.644024660955,38.089221320937604,
138.766464335763,37.9084541841258,389854810.9148384
140.516027221977,38.603042959635,399854507.29526514
140.44401764365497,38.340672240997506,222440509.26890504
140.56455309557097,38.4209242073316,611886322.6702837
140.329506489249,37.9535086009002,310922730.6575993
140.069559539877,40.493352036489,409976007.7121469
140.40235816668599,40.2558068087208,166995702.2506809
140.36464087212596,40.3864165361085,442039043.8020419
140.181397631616,40.3911996020874,348732960.24723613
140.099302028664,40.28191447569299,95902559.46445966
141.706848594597,39.0059973171693,3777524.5879865214
141.761959432962,39.0632175332421,10489727.27095129
141.63724801201798,38.829902322763196,
141.58088902848,38.601587692176295,
141.29139470747398,39.1154402907774,168967149.34561345
141.17600249451598,39.2320656514083,219007153.1617727
141.647597160333,39.0470985023064,69864918.93708563
141.459889609632,39.23470462748429,227793424.9270249
141.415241374902,39.126259409423994,243190593.55003774
140.92337124350098,39.276165969268796,317715705.8699534
141.06827297854497,39.1959477508929,248276068.41523132
141.099561429387,39.0737757669798,123514115.43947913
140.87266030510202,39.4186351075968,273995645.0772436
140.937758088006,39.5352207372012,270649653.3298704
141.05114547813298,39.83114307300809,167311656.44425854
140.964482705277,40.0309198040037,168577670.18726215
140.93717030679,39.895714279574996,335272585.5667139
136.53751724942998,34.4628251271579,95124842.88061751
136.472036688141,34.5201168990744,98421126.12386188
136.622098720437,34.486048013636996,82002298.69211659
136.62479920369498,34.6468188506121,356593678.14282435
136.410325543206,34.2602922804681,72658667.54370143
136.454162935695,34.3310080778478,100627786.51214585
136.704527970021,34.95273076969409,133067116.28002335
136.779936548409,34.9762587833241,81720660.32110345
136.82580759084598,34.9274216158626,3194058.416280828
136.827438364419,34.873747616132704,3376798.7058998626
136.762319346972,34.87688649388019,74324722.09563741
136.383891253566,34.959969177114296,166153276.85156286
136.21618441926,35.094790882928706,185661193.15522903
136.07381281117802,35.162958581143805,137094970.7586674
136.138611220689,35.22419160622889,171696524.53753
136.011059963757,33.9078509371272,85780793.27240956
136.04959684301699,33.9453546770448,81401496.47767001
136.026779235006,33.8088970348404,21232672.41375685
136.07706763233,33.84499579527,40634948.695831366
136.120086140049,33.9088810897683,11618867.267868938
135.37604584152,34.8650771995944,153922973.82602382
135.394172268696,34.7809059485613,63092599.73384611
135.281032593795,34.85647478358871,117065480.82467924
135.22980172406102,34.7598839369727,84728796.88919753
135.284621201565,34.730574059920194,77779119.55766374
135.569195774595,35.1660241742205,75730020.97092733
135.48010265146502,35.168892091733404,191502122.92303494
135.421809771336,35.3603080152267,178533601.9546228
135.405502715538,35.2541761888041,171227174.6018305
135.663822850941,35.27466224166059,228442950.49913156
135.70429659316198,35.385114614318695,188087772.67005122
135.77594188458298,35.631208376147995,
135.390526476645,35.5655449074849,
135.58181841887097,35.7197929814682,
135.67741626479696,35.062123475996096,101159711.48278081
135.72347282867997,34.99461685533329,54609336.698822215
135.60782977080896,35.070271107818094,71017545.46208432
135.69419248700697,34.902859933276495,110565689.95353454
135.603727984362,34.8646492587261,191142879.35954922
135.563421832047,34.9645538126049,151133386.9472807
135.465132558624,33.6166404257574,66218403.864564
135.469198885284,33.693658443852,85075556.8442419
135.530504550771,33.727106458716,48321862.82822489
135.552068757468,33.5654953754406,103123003.09543638
135.597295577667,33.6776721709725,86434484.01652345
135.622926111024,33.593079105791695,133626793.96457435
134.506080753396,34.1464231555194,131618394.63581465
134.45684422754098,34.087054681960495,139650793.3531039
134.38746206645098,34.0994144768574,87088666.80662407
134.66329188071097,33.990068383227,118252655.83489472
134.642371306311,34.1039133655902,170441967.13476634
134.58357818621099,34.049330911048195,68386550.82051057
134.61480533985,33.8405750703867,49762018.962370716
133.86420330756,33.5907026141313,74770198.94324791
133.870517499411,33.82048030306439,132301103.07395451
133.82628201006898,33.74558497034669,162108105.86552492
133.876609646802,33.662953931276995,64149113.17159269
133.96553930628002,33.8229138616842,96889435.13433309
134.0243412255,33.78815449430189,106934969.16611838
133.50031500003,33.5635366976613,68937333.14754716
133.461498365415,33.659929402426805,127032816.98191395
133.692973292274,33.84945889291559,93008633.97568002
133.73421572428498,33.7552948125987,139889641.42061225
133.709796709764,33.646079251580396,133362096.60295981
133.63421720846998,33.604415722016704,133388284.25345632
133.577953128774,33.6321689707476,97023555.15853797
133.614692641122,33.87227213969609,135964496.18203175
133.54153893722398,33.83283723458099,151610927.9109964
133.53913649415898,33.728561675513106,177095745.7984331
134.34076480997697,33.7589443816053,109396377.3412646
134.401786830498,33.769758846384,132652828.38926531
134.430209031327,33.8948089617885,76165999.22231849
134.386020197319,33.9864702744072,98028563.20795795
134.310337583004,34.0013787974058,147117363.58487305
133.975591804263,33.4302952718031,12465456.971758682
134.040808208637,33.4274203706553,46254743.08829223
133.931565673983,33.5152578050334,70421034.36043073
134.160763758549,33.71925851592209,163762372.23092088
134.216302557447,33.6369957370227,242484480.14982125
134.040576398487,33.696920777919296,150216531.94817647
133.977226190808,33.6461669244789,95912308.91180347
134.05771142148,33.5062137851925,48040854.117569745
133.999311808692,33.5479384196451,175174673.14288917
134.208060361749,33.392920203683694,31147711.480618175
134.184327035319,33.505463385906594,148525461.48743325
134.12383764153,33.495247676912996,62494105.419005126
137.507528425278,34.866918981731104,84725680.90813367
137.60742535458598,34.778580251154295,74995209.64811452
137.58696596073,34.8570920181924,74348685.77030712
137.176724398989,34.8738317700498,91170238.38165991
145.415775418155,43.234479370341596,109402411.3178671
145.315742432454,43.3547438393586,378726227.2113205
145.55651501612098,43.26647554407089,73435361.4483439
145.45648203042,43.386740013087895,255402002.6198906
140.79085975264198,42.1758886873302,261264178.7655946
140.814467508297,42.3195192175074,201812926.72974738
140.636323921104,42.0619365813471,71424574.80549572
140.71521093828,42.043392386952,75486844.47367586
140.756212287735,42.3785682413478,248507783.77757937
140.58217137356698,42.38538700140359,782217299.3885583
140.515922689098,42.2344773125484,202326090.44810146
141.62677496609402,43.0896016295646,171336903.89981323
141.601907233116,42.9774584120079,150812450.0435
141.498550266513,43.175351684701496,207964246.84433478
141.455142491058,42.9735004391781,236565085.92581666
141.377997496329,43.092187819919694,277429747.16284925
141.179270501016,43.181939591844895,102221908.69364068
141.160730458539,43.092231563878194,116742123.92069858
141.26573428377299,43.113121321360204,148306863.57332337
138.923078626101,36.6055602168861,124704677.23275614
139.01497817856,35.65894894614689,117635535.58989254
139.083753127044,35.745840098496004,297907689.49036163
138.844364148336,35.8066609231386,229292314.9850118
138.900593188203,35.621057794641,120627986.49608997
138.76581407746198,35.713200373128295,126127079.22171517
138.80544486732,35.629779998000096,267129624.00615665
139.161825762333,35.9546294328078,108651015.65159194
139.12331131083,36.0714917274096,240796368.18954697
139.056576494979,35.8713665922579,187323365.93882838
138.97120329648598,35.8866581932782,140047291.74003592
138.934267240461,36.208531120766395,111249822.4030449
138.81305992573797,36.19706415724409,108204352.12801598
138.833273304198,36.0873737130522,218555045.48231763
139.004353244493,36.1178264948028,195272206.70860893
138.95749449750298,36.0162558012213,163560772.90586573
141.690368626092,43.4135752922916,294087252.48858565
141.781747403967,43.3283155974471,307827871.49174845
141.76430108544,43.5868732827594,214276500.01725945
141.960257657823,43.4285332713441,430059195.59572107
141.936131157381,43.6606801290033,247437771.8138461
142.04070895188897,43.5875998124325,312317269.31207377
143.492870451216,43.5524097184605,339069128.6929291
143.483449030119,43.7592074332875,203449579.71286988
142.983803892963,42.9143252559549,258243266.3751527
143.008493630409,43.0369764576081,268004011.15173846
142.888226768298,43.11252468736289,151223296.81040552
142.771055263287,42.8982511241955,368885276.510413
142.73466613923,43.11043050113579,166584890.74729463
142.642184371665,43.0188081396216,400414933.54016334
143.30037538931398,42.4489719609384,286111074.70273924
143.158017356541,42.3647632953138,242589764.18077838
143.082109231446,42.490641870863996,156557318.74438953
143.52222658864198,42.874204208460895,161084360.93647236
143.360585551029,42.9203720212179,305206641.41885
143.518399218084,42.6752161442574,190217004.75612226
143.58319085160602,42.7581065893839,87956961.13209347
143.973281515305,42.9876545449593,204098481.5428402
144.039802182573,43.0630113445257,143764458.10134405
143.70403682913297,43.00434242767079,439444318.4474747
143.813774040981,42.92788984935989,266107524.29038715
144.02164156215,43.216056343495204,327124129.0298148
143.67300187627197,43.1673688563975,224377329.83564046
134.28066819357298,35.2387911071328,113456270.61929947
133.77388944984898,35.412171564353095,195723553.82278624
133.710899669457,35.342097154494894,118855790.71505977
133.72254140849998,35.179633968438296,152657476.45744053
133.829970077892,34.6323730406709,171864186.69544634
133.705145294952,34.70550147009659,179117665.77990657
133.69764127209598,34.8467587892853,248170314.28538227
133.909280776029,34.487987099709,149994526.53985116
133.828734411471,34.532546646642004,156502857.4730947
133.764765182367,34.4635917184911,22668256.652815707
133.73248387415398,34.1049920593767,183691743.71169955
133.616827500948,34.2746610297828,
133.66120880904,34.379758718962805,269083968.48431504
133.82513693125497,34.1370199126044,147644293.61373267
134.42376734555998,35.1233470410273,216717375.34385255
134.512531631577,35.121618135935094,173244399.75003153
134.38985637033002,34.6307622604317,238603276.38931063
134.468576237556,34.734897712178395,97916024.1417372
134.395628219754,34.4499049196412,
134.492558525754,34.3497269297754,
134.606467567044,34.3885670053794,
134.563084229145,34.7694599199453,51266769.21349002
134.691774658815,34.4957260107405,389485038.99601376
134.66660175969,34.6723054836939,463113791.2661346
134.571639566859,34.845247980714596,64401956.97793382
134.58349554780898,34.9484516539818,121273393.26217473
134.49820838404497,34.992938466188996,161950658.61989385
134.47713157527,34.8106857729477,100161206.83952188
134.428266252291,34.8816062681889,184186957.49183774
134.052601485858,34.4008646881548,145586665.9982577
133.985951121561,34.164781370181,135325538.91786346
133.884878099874,34.3998736636005,119610902.06989174
133.81221703670698,34.379190636110096,38132178.38532249
133.960414568805,34.3499979196737,94398488.22178167
133.936025254647,34.256245056230995,97478486.08649625
133.784997102306,34.30547310226739,119837340.32459927
133.83326885131498,34.232403266315096,166865528.95404723
133.271386311855,34.9013776228557,286800370.3015276
133.43065714651198,34.8567963337638,275483085.80576015
133.248828204558,34.6840129471638,195685879.45929864
133.175148696579,34.7944179228954,309862668.59795505
133.47455552956802,34.7086224459678,333766099.33278936
133.38896420288998,34.6427987593281,156263107.76890254
132.969897153786,33.9167344796841,161941899.09762454
133.07486199958498,33.957657290993694,190127486.6744638
133.12950631793996,33.8000823620625,274027295.1300718
132.987459147411,33.7387654670319,233984568.90449297
133.06839979586996,33.6756136401795,192424123.50418583
133.122090756237,34.0804306650951,371791609.030388
133.26264568933797,34.222262517824696,
133.24213154762398,34.0452260575746,222491491.90035474
131.683678098555,33.722136359109,
131.679454264314,33.34694277088679,179568860.33000243
131.83199299891498,33.35298084301919,355210225.3317093
131.587158624801,33.4385654093733,126034153.23072712
131.57907079366498,33.5456684446653,149324249.42083985
131.939279859156,33.55512118329689,
131.86892356215597,33.7803717429882,
133.08244629774597,33.5198205457137,88611015.9849031
133.135569121599,33.3163365134853,126279308.22370444
133.18632317901898,33.4006511578443,125733926.65034139
133.161665738343,33.494012416118096,170507670.47877222
133.022296659978,33.421533634721094,102006834.71172601
133.050762043155,33.31141086076649,141180848.61223558
131.289623081331,31.9820653472793,107709718.54101735
131.24926557081898,32.11663770936389,158806049.26121563
131.199991782024,31.9331229913377,157194591.24597895
131.159634271512,32.0676953534223,238401780.55731383
131.26726836036,32.55321267016829,190424861.50147125
131.394525456711,32.5866786935646,141491484.86657578
130.053241418529,32.639986203947096,161793548.18977907
130.08031882718402,32.7303664423527,169497656.216002
130.12688241369298,32.5063672488456,112289603.80126281
130.274955608226,32.237369149345795,291239349.0049921
130.214705213868,32.327018275203294,127725337.6188515
130.407263362794,32.43245723191979,219550606.0573062
130.384004048958,32.27139343124399,289153162.99118716
131.740973328459,32.8236600947211,238145937.51312917
131.738163436143,32.954373729717,268028378.51332116
131.87756657443498,32.851701537962995,178692121.3565865
131.89130650697098,33.030156658999495,270439422.3776697
131.794437358188,33.0834312720054,139101548.24479198
139.23736944054298,34.708436202594,321869632.2272806
139.2741865218,34.7966891710812,71938302.37577045
139.34031012877796,34.6445463625503,105363912.99770026
139.39466669591098,34.725175112535595,28549776.29136905
139.377393936693,34.757716295091896,15157726.061924528
139.107236808441,35.0618554791318,59037873.44982224
139.04152129398298,35.0863659345078,92949063.7236005
139.03064534502,35.165912496389396,77622589.74936217
139.086822320094,35.2173850779498,52792773.38326236
139.1273832036,35.1490958802192,54232299.033743
139.143773504406,34.253832299530806,9232845.930878533
139.08203715865798,34.4205375373398,
138.96349849370998,34.8430742511093,76318948.47307672
138.93657120670798,34.7684705838888,47311893.41112519
138.71220074933098,34.4671838065797,
138.591624948117,34.6310061067113,
139.019612188446,34.3461161202258,
138.957875842698,34.5128213580348,
138.79214062787696,35.0812158852309,161619099.822553
138.08578718028602,34.8769337288229,12438940.768097648
138.062428559715,34.8546043189872,73360447.81110178
138.010267296363,34.9458489926073,57118174.66945837
138.067378787976,34.9726331652555,6334188.802488182
138.031851111099,35.00189924535481,53414853.03720956
138.42257578139098,34.70638703853089,
138.522709413693,34.8341551374432,465662718.7158616
138.39455781013498,34.9342353017592,108338913.14596012
138.33180942893398,34.895630434632,11204781.603508549
138.16593809772598,34.7783481646986,45229878.18064376
138.16801079710197,34.7211335220684,31501502.227985434
138.22943122111198,34.8159820905963,90192759.55235271
138.28091702535,34.811566607522096,20398585.152518146
138.19411866938697,34.669604216181,26113419.23331004
138.243531774249,34.722403375736995,67263919.50256984
138.135908047698,34.6893346739379,29993319.194013573
138.08018206752,34.635361510127396,26636818.579583384
138.023946185004,34.656444968237395,11312643.387965057
138.14409852190198,34.9498709877009,114850022.87062974
138.198389695575,34.9534158338475,63113468.22652117
138.13015218000902,35.0346951557691,69909335.6364774
138.18564823651502,35.1204424891782,59136546.54507736
138.26357209335,35.1202914549498,99709836.0972045
138.262367210517,35.038088967687294,97953017.09726663
138.92080243041,35.139344873750694,33823381.27740452
138.89006681427898,35.2084836181848,37957496.89996438
138.969957594402,35.1845071814016,64615653.54677575
138.939221978271,35.2536459258357,81366267.5763453
139.196136330933,35.353006864748096,53379793.15809429
139.175320816026,35.2997058893787,37329911.29754477
138.512929768422,36.6383433765756,119200780.20140202
138.43722159999598,36.4210652028993,101748233.18429317
138.36040393586399,36.516124077727795,364806066.0520597
138.398281511061,36.654620871329996,354051287.05760944
138.53677367045998,36.754562196531296,215049286.16159156
138.492083629911,36.918134620653,278553579.61378515
138.549598267872,37.0106009077662,163976528.491466
138.674081131674,36.9727297695921,237572880.3766759
138.67400204958298,36.68445863925479,310444234.22352123
138.77325069039298,36.8453730032091,354217367.0401433
138.77893161224398,36.711358932956394,193835395.7550364
137.79185740287,35.390450815978504,241543420.0837752
137.912485578846,35.461242327786,248403343.70373386
137.932022954913,35.5976117008182,200598124.13288537
137.85741726289498,35.6714058639972,219661883.2771001
137.766163502517,36.0822693768702,206228633.7650584
137.834125458975,35.8783173234486,130070241.40223873
137.932646939175,36.192549867051596,66285213.646300584
137.995115211723,36.1833678200148,44267930.932436064
137.890298087817,35.9928308419515,160789434.04198015
137.866281779688,36.0944168470017,204063388.45357975
138.03216331320903,36.063176095722596,137300889.17047712
137.99371134879001,35.9707721377092,159195425.71941766
137.46379671222,34.9198315552779,77722989.87052695
137.371954727337,34.913855748585,66820401.11865332
137.290100366925,35.230233592969796,124985900.91645746
137.563457555139,35.3256333390411,125928375.11582127
137.47320293150398,35.2983803816094,128581869.32079062
138.39197344859699,35.807953986486005,151336604.90793267
138.39231697090798,35.6541849832575,172630138.78463116
138.481275164199,35.565646106364,151199093.4177486
138.48084176087698,35.8473395592015,165155711.78077757
138.56456213133598,35.666734602170095,146323170.3865458
138.564472250325,35.7946590517791,313178465.23472726
136.534832027979,35.579478411995105,95276858.31399283
136.57231148965798,35.7199159898328,166254334.86694604
136.585213635981,36.0136020242922,191892821.18114918
136.430782140675,35.8328423504007,281029906.5262809
136.328466166629,35.690331014626196,427523424.9149712
136.23135126909,35.7425354059983,167971622.08717632
136.22703400086002,35.8797069554715,131373792.28191881
136.25421521913302,35.997307579233,174701508.5408554
136.360848461409,36.00264736553431,242276018.16941264
137.013183091422,35.1750211764303,48911654.890708454
136.976084901612,35.2438981463778,103292830.42576046
136.89451537937998,35.2275731820375,111181897.21328564
136.872107630379,35.1107958816021,138675966.0948871
137.34670987540798,36.8056821620235,152641847.50134608
137.269727461086,36.9956669559774,
137.116143497685,36.992517289975495,
139.682210975274,36.0082633808766,116470544.94212787
139.73509521965397,36.0969881585115,161255258.3445165
139.570339393551,35.979802396592994,141545970.47385064
139.89595017588297,36.202775565046196,137146871.79236633
139.89406972394698,36.0183977120088,146663827.50582469
139.833344197107,36.1061824879866,121195523.85900387
140.129838504711,36.3864919928994,136338777.98421276
140.302161317373,36.029290236314104,108618847.96111503
140.225940450222,36.1269006349647,172281399.25946367
140.41616400596402,36.0792740047707,152423750.662932
140.44062346644003,36.2039149294317,192632781.07199854
140.287018541802,36.275055765636594,354282675.6963082
140.38769886942902,36.302086291647,199002889.88000876
139.890222088749,37.11807149596589,271907418.85284454
139.946158754523,36.982472595212094,309748441.5952946
140.124080070612,37.5320475042249,108051780.88470492
139.912571566911,37.4260253614995,251601539.89425403
140.012680285038,37.413765974560796,236042661.44054532
140.06581744412398,36.973381610401496,169683502.3743001
138.519251082894,37.3638506669241,4180766.817049368
138.507022729185,37.5789972064518,
138.440887643355,37.5192410180016,
138.56127475344,37.3157116173105,67509626.73906209
138.652470589611,37.303304692793695,171232787.11361316
138.67658200489498,37.41119993085749,202614712.68648034
140.812536891378,37.88118158099219,194406177.69388548
140.890530517902,37.8831277486893,69251626.00013137
140.93704705244997,37.7519852989125,54061308.09737384
140.86818830901296,37.6620326644089,212162037.0047949
140.78289913544998,37.724829656081695,229698770.40082502
140.88134923278898,41.2627052138103,218774063.011615
140.717016914331,41.257844023644594,488876217.63927394
140.63548782805498,41.12049865388849,192425039.47909263
140.66449028418597,40.85720979874049,321292399.285324
140.72030403891898,40.7240041249734,194045250.52970573
140.63355729446099,40.3506704787384,197526869.15075934
140.70888118798499,40.456833242733595,444736672.05449677
140.70130971854098,40.0565870020272,253051726.84180298
140.61946385727902,40.1499356725599,422157645.73886245
140.871491911953,40.1183654142348,190852136.51436397
141.174298451604,40.122133172088,303549590.11501294
141.098522559951,40.009454200778706,118285186.22595763
141.13798948952999,39.9242948359002,89555806.9177414
141.266731874004,39.889610538010196,177408458.65453047
140.32533066354,40.932863154981604,273756202.6037496
140.17848894584702,40.8730212747681,416601264.87033063
140.178978286908,40.69085899448459,255421511.72691253
140.38699183680598,40.7670864906393,255858740.85427794
140.33480738910598,40.6554327624621,180823093.74051493
140.63788853129398,39.901176526962296,270318558.73168117
140.388053350644,37.8486524678955,101730121.91896178
140.396022903609,37.7464554252885,105210269.68807276
140.497651773039,37.932146742632995,154812719.55969003
140.59267389321,37.8770415850332,215666845.95037344
140.53296088177498,37.7766858766077,205300679.80491167
140.48670218477397,37.56932990527859,124043283.10620128
140.648910805623,37.488617849291394,225368833.98630092
140.551903477326,37.450061883940194,205427507.03651997
140.67076208027697,37.654977755637,233313275.22751155
140.574574629984,37.6958923374363,190637431.5628028
140.71190257914898,39.0401273171613,140742840.09415624
140.81017929382799,39.204236176300796,274096498.5717172
140.831514903387,39.065159267049296,267712508.83046886
140.667297793407,39.2708952940557,199325863.13342416
141.03782034077997,38.716816107182396,95941255.11435077
141.085877271273,38.8199147099577,265566291.80428687
140.923353195306,38.954883268085396,235104356.46721527
141.02845629727798,38.9753589536454,238567321.42922908
141.350775915426,38.8083181760604,142534991.16874808
141.378434572617,38.8979381291688,174186222.0826862
141.23985212224798,38.7647013828426,134274195.78307983
141.183407017323,38.8487747126688,211619948.84733647
141.281905666473,39.0043043714808,160035005.27586737
141.19780190435702,38.9987577481986,99546033.92733976
141.246922678455,38.6340177728439,171800513.29815134
140.825099351673,38.2839859628589,146556157.0484795
140.795869021665,38.5067649900615,81104286.19588073
140.764048670685,38.4098093185983,167950287.89736232
141.09013831512598,38.6248710582735,93133487.78756146
141.127302788307,38.4175904110779,122535183.73390009
141.207550112772,38.487596268792,77520138.49116185
141.19015343927998,38.566112245742396,93881569.98810747
140.779137881613,38.6192595338154,113217738.6120963
140.861086995882,38.828873085363895,158585418.59344488
140.661509085669,38.6870889121992,261409748.7003281
140.871335064306,38.657362432144495,181374923.16124654
140.918133167361,38.7462501681486,122219533.1255065
140.62879803710098,38.8471026768891,442189889.42616177
140.740763942724,38.9077191569682,199184394.43298393
139.254817505562,37.6790601758208,430492125.8095438
139.102729672533,37.7417577624351,57607952.63095191
139.11524115126,37.6711908011703,135058741.10722533
139.079313631038,37.8198082572717,130049593.14550275
139.43045227366198,38.5094541841152,68175226.50580508
139.418322286782,38.3985823620729,375738959.3930344
139.581274779903,38.292187460293796,327462207.3372183
139.62324124617,38.552330879683495,70238334.99613832
139.688664783162,38.413290525109495,
139.670138232669,38.6156475753807,171311844.8874051
139.57544347975798,38.8128029588706,
140.35519319698798,38.0990073802338,113358794.01370738
140.329699679928,38.212694198415,99238548.93415526
140.479086863049,38.11822022942339,227114575.3447154
140.453593345989,38.2319070476046,199455490.84246337
140.26504970223903,38.252204583981296,128234059.43177362
140.29638560166902,38.3684164293012,133949116.70633094
140.15769610867198,38.4467289316011,187676398.86474133
140.24786247446698,38.4675352307631,250921927.44276354
140.379709005162,38.665298773431,224118291.00548252
140.28746532045298,38.6240562730935,153572647.33987352
140.191338800733,37.7673726543564,253697195.89995116
140.109965745519,37.7117288179632,253528938.07839558
140.00122719379496,37.8132623115984,410139054.5316662
140.213166554406,37.9447352039943,400062745.21450305
141.28297798923,39.5629066456668,184516893.27440998
141.159168554745,39.470464580797795,209518940.66838673
141.20569047875398,39.3500770090923,270671658.3477439
141.40387523163,39.4765488013149,282886613.0602634
141.36573092644198,39.341896866521694,254054046.37682506
141.776884536969,39.1411249390557,67656108.68400557
141.690339695652,39.1361955580431,214530693.08440447
141.62199916038898,39.24075085813409,228854570.48527685
141.655256331006,39.39174898947749,382415435.2540264
141.84867534717,39.28590451131719,108284919.53739698
141.79538767647003,39.431973261648,377256940.8765055
141.406166589138,38.7352465372884,81952442.05420657
141.462507374496,38.6826852289449,40433140.81413543
141.343132853142,38.641372358978394,152169985.3258447
141.3994736385,38.5888110506349,99554273.7845192
141.474892765833,38.8982456247495,133638704.05323201
141.59185045889402,39.0067956513279,111154666.11288576
141.502210527117,39.0154309857081,199883219.66291875
141.577032717483,38.7909350742111,
141.51607491387298,38.6573891471394,104969311.03266063
141.503574894,38.7560643632976,74853540.1886199
136.269819305235,34.374951769705795,182000175.40209168
136.341593007147,34.3096435171842,56322664.18173408
136.39991099476498,34.4821514643309,128029374.902247
136.385430399636,34.3803593145639,93126956.35926542
136.42885354022098,34.7356039128846,120432818.25760795
136.481313996984,34.6329963559998,114192574.06716208
136.549495041531,34.7364754210584,182321507.94562456
136.533863488176,34.9223615762505,234086100.80322775
136.452791146221,34.902729693968396,191960249.47966602
136.078303065441,34.67005027690381,104666181.00597185
136.12205002364098,34.5977996316909,159458390.6187195
136.079783814018,34.770804898434,111988852.32841358
136.18599568176901,35.0004479175021,86372153.02253367
136.114161769212,34.862708530485,134264700.66917765
136.19440128112498,34.8831754925841,174942381.83152792
136.066749160947,34.976979951533394,106951779.34482898
136.10121360082502,35.0521060541718,63546961.65115384
135.583980752616,35.2943888534688,116064432.03460582
135.60851993178596,35.360008668831,23376307.508967187
135.51119468528398,35.403388597404295,187480388.90055764
135.535733864454,35.4690084127665,11155197.730798952
134.515094818566,33.8399225043165,66753977.99504112
134.562221552088,33.8747569571895,91098460.4652946
134.47051242725098,33.9127624925892,37908751.62401372
134.495705754333,33.992064010311,49973905.33421972
134.55191497284898,33.969667815487796,77172088.83018656
134.28714876211802,33.864288802776294,106652592.12755749
134.26340568333,33.947242438249795,100287418.9897651
134.19551260998298,33.829506374700294,146466336.3706099
134.114429872401,33.858831650546094,97651747.46783009
134.150108730825,34.004759543964006,97609793.28496137
134.092769072031,33.951131184336305,139586397.90914732
134.07913499557498,33.3901235283792,55655930.253466584
134.12891025088499,33.3992930323371,87300696.57236218
134.15517330765002,33.3223053658737,44288523.75061366
133.826317386531,33.2422616437131,
133.785680847258,33.2760114113988,
137.450052860076,34.750941057016796,69539137.89233273
137.48734447720798,34.7937185611719,66581215.633201115
137.51767039098,34.6967136363012,29180681.023724947
137.554962008112,34.7394911404563,59370519.855477035
137.104498852266,35.0837759108694,143869115.85473183
137.141529635484,35.013526907139,143595397.2741105
137.096679120984,34.898911165526094,70601270.50396763
137.025383384604,34.839820610505896,199920436.15036806
136.941606493131,34.84931448502349,142849910.07983288
136.91636550748197,34.930753713286194,160947161.9241845
137.00858795431498,35.0936645442405,47001439.082473405
136.949082015504,35.0457642137526,178065731.02273718
138.93162064181396,36.865938277142696,157210804.17752993
138.880095894804,36.8191669690746,86860218.08635251
139.00690925219996,36.714553311486604,170163219.5127085
138.95538450518998,36.6677820034185,90716406.94221447
143.61711495219,43.473503475207295,314889941.7344354
143.897429464602,43.333702240395596,521795707.2359968
143.72504765784,43.28391897455339,444110508.92354906
143.618826507684,43.805393900845495,258730862.13017493
143.96303118377398,43.909224330430796,337454474.6281849
143.69205189108,43.6599599603607,324872330.6609979
143.79651960992996,44.03975922430261,564417242.1930883
143.631330137196,43.988449050833104,372319096.239535
143.18121988272298,42.766419980295005,236280427.1448288
143.311778578881,42.802163070628495,304900808.13330275
143.40862798297198,42.673104812745,190969686.456627
143.294306662914,42.5664163863213,216632826.29032892
143.175022789161,42.6156185099502,197491255.48077285
134.070648390987,35.320545396552895,153657208.5407869
134.134207711086,35.2569210659556,108254887.32358268
134.119219206753,35.438857608481804,127157435.73080108
134.212079686443,35.407090063554,157448510.3699306
134.22610992327898,35.3190999871083,72397129.73164353
133.93060186037397,35.254178755880694,283596271.7955292
133.84492086933,35.2837262848323,201564307.2413256
133.96096993659597,35.08397638148699,101767515.07897826
133.85596589805,35.0266735246791,135384239.82883546
133.799843017566,35.1203291761773,204981013.8150976
134.133693575838,34.3372454903775,238433600.53144175
134.160380676861,34.1114202148302,201210972.71078166
134.091432525699,34.1949150358464,260652958.2689775
134.23063056117002,34.398388609787396,155687378.22952554
134.303108332668,34.3114852519923,182113784.97396648
134.261301363783,34.1265819268407,131170623.86031881
134.315695763799,34.1863694534901,101291436.01296437
134.00850027975298,34.8576790598157,236438885.43076918
133.887308340159,34.703111756425194,143172207.66922408
133.861418502735,34.922137014708895,222442765.8016183
133.807949786808,34.8406567218864,190776241.11423436
134.09137004194798,34.5720565655883,179634144.20227253
134.009069532822,34.6763295952425,212464608.15793833
134.076792756489,34.749416605810495,189287826.3487795
134.205226488498,34.532756953942496,125907180.74822685
134.271932410572,34.6267109369379,275730968.7900244
134.22579918768898,34.739097559151695,156973334.3709034
134.068319567226,35.0559312282828,249462959.8827237
134.11039730569797,34.9341704165817,281767893.2434085
134.250501253902,35.1252820825038,104144233.45566331
134.16047873038798,35.1503614863126,231330957.09320137
134.305965706902,35.035868460093596,77390046.5162718
134.324787861165,34.922807357001304,206217743.05569395
134.248800094035,34.8601380322272,229622155.56904384
133.192481966412,34.4027285990784,182168567.7070794
133.24320701673298,34.5226352348823,139563874.06662357
133.18301866617,34.5966320031321,176549691.81670743
132.948279895728,34.21942657711379,174982518.59110287
133.04984168186704,34.2335506782291,286218764.69812506
133.099718750328,34.3788121519623,209252526.1974248
132.89151213307198,34.3044448094403,135108828.01017782
132.995182488333,34.5581462724234,278707403.74426645
133.072532942514,34.5188004134028,127056169.15408379
132.87138660582602,34.424843354714994,227838674.31310517
132.90068098276203,34.524432455142296,141507254.50331444
131.385978568152,32.219017935317396,244062675.19931674
131.46448426013097,32.2871252432388,213447352.8525788
131.27578230221397,32.2441563898872,221978782.85172072
131.469426982476,32.4159841433934,294258406.2112498
131.396658856683,32.4865435524135,119729036.83995824
131.20958115965698,32.3590615495554,190046747.43688065
131.269401760332,32.4530775290172,150246575.4886361
130.344777778644,32.6517000511119,70306066.50669286
130.33523194998898,32.5529431331247,157024966.02320877
130.19538525939,32.5517351392695,193949837.9231326
130.251722241795,32.4815284583064,186140482.57747942
130.313285598177,32.7221397924333,27810060.818429943
138.967058657658,34.9477316109933,45258189.88404916
138.94183676010002,34.8979905212664,24370252.01270282
138.86669169535799,34.91393204862089,34072853.460819125
138.817263135375,34.893573601335895,84465267.49295737
138.814398201897,34.8287494693974,58906673.08525075
138.761719233654,34.8091878250908,7269438.709475839
138.671600206458,34.8793210833969,71828479.1257985
138.898793628177,34.7578464347433,51467947.64022742
138.847710916959,34.7835674973798,80260474.92780201
138.870850519434,34.6726587396981,38954652.044564664
138.794561395776,34.725128527861195,46116257.881359935
138.812011063968,34.669775802020695,57606069.3974659
138.515281413234,35.1831653932605,157679514.02702102
138.082440321672,34.71417212194469,24634018.90379053
138.107685733545,34.6900581015879,19536450.5286925
138.052312311441,34.6837262741673,12369833.676349765
138.077557723314,34.6596122538105,11870487.358563034
138.17193226158298,34.6350183634455,16177317.149800232
138.154041364185,34.623402805784096,2354666.6702767545
138.143281420287,34.648266692813394,7557041.419895434
139.12363863809398,35.3898202890375,71619956.64900547
139.062156303609,35.508946673541,73582456.79669386
139.121847227253,35.4811663341861,149507031.30421355
138.970306899468,35.4127328478858,88878030.68826427
138.978159964083,35.3239576939557,142104243.94687477
139.06507255528797,35.306291531081996,80428593.92707385
139.102823123187,35.3365193136681,48075855.37030368
138.678516038139,36.5142513290214,338791778.47151387
138.580132810779,36.486460329732594,77099651.65889408
138.72152835314398,36.2648108555634,137272009.9760221
138.76982666282998,36.3951680572062,369486951.4692248
138.59949865733398,36.2733704818485,120590610.28285767
138.524492628687,36.333259087722304,72387155.85800867
138.54230221755,36.4076789496585,114665268.15176772
137.690162646696,35.5051340531745,272227833.83197194
137.019510615273,36.4586708632905,316252960.8649777
137.51090125129502,34.9982262816879,125370484.33959705
137.60159345116801,35.0354932162884,98502250.42948452
137.605651865286,35.138590812497696,90472843.4576599
137.50911853625098,35.199476187018,136053534.88420787
137.45427839081398,35.106312650970004,238464355.15596977
137.31038058203399,35.1432136125048,113467034.82120648
137.366897963064,35.0861286639039,157573187.00475046
137.331678838662,34.97206648792889,71568123.9458866
137.24144000011498,34.95535489592189,89413349.68174377
137.22598287264898,35.028349711377,117779215.6120345
137.308608982545,35.3583462154263,183265911.94783887
137.380354020657,35.3904144166188,147062456.55750477
137.38674237842397,35.5221419728791,180515614.44403943
136.75834474780498,35.4696294616554,96971057.2600984
136.600996890831,35.5302070709553,106493685.70714279
136.641595913856,35.4181803787449,82029997.15864958
136.580448402552,35.443153094223604,77634729.15079421
136.486525472451,36.1229740663275,286681309.0200625
136.36820317586398,36.116418102656105,161157285.31208003
136.438332412239,36.327729503735995,180963581.1919073
136.51999243542,36.2513481289707,269020873.6063655
136.29422688423298,36.2814354456048,155420932.7645568
136.257564610827,36.1984981071681,79696420.04549326
137.04531027838198,36.80234568003839,137739369.1817431
137.121452643384,36.80952926760779,58821557.41423552
137.047131732885,36.7123726639065,74531393.6940351
137.335815354969,36.5924947655619,194998215.35535702
140.140628605593,36.1299598623447,123028861.93307535
139.98816242373601,36.170259541640405,147008794.38908044
140.09913438876302,36.241139594926196,119590429.21931554
140.03697427872902,36.253617215705994,119271479.78188154
140.196135081057,36.62474825322389,96700249.31977324
140.106572561538,36.829314391564196,157956682.53296158
140.026148524746,36.7115394465699,242879920.49899876
140.046247894608,36.498373324313995,253931172.20928252
140.07282739305901,36.6075433835496,184731803.48094898
139.885934520882,37.5535537060563,234993519.26194504
139.900561791342,37.706636492246695,414648520.89278686
139.58539899410698,37.5972599189979,315925857.5079867
139.656600853209,37.8214745502924,
139.79042901238802,37.8996925710414,
140.15536506179998,37.177625592960595,185018705.29719695
140.139369151551,37.06405880610839,192023246.77211905
140.33108538801,37.229168160521695,194930331.12642345
140.25168437557198,37.256658611535,107541642.07279159
141.310278338922,40.6945780602075,93464968.85450919
141.41475196718102,40.6580115072285,92388958.35399638
141.52704988626598,40.5676208528646,
141.485189446062,40.7827920049308,
141.370141888635,40.97045544870959,42547401.50723585
141.28788932138102,40.5993414521541,129828458.12760156
141.39236294964,40.5627748991751,140045282.58210835
141.229786522242,40.4559086298708,244086255.3274136
141.19783628425202,40.5672054684072,78616484.60051571
141.428579014338,40.4276690541108,205342316.96178973
141.35605562406897,40.35293876855339,200084141.47258303
140.75828934667499,41.02464669237659,233305121.02561882
140.754474764838,40.92094344573839,99030663.60667658
140.93623397709902,40.55299726603619,237607659.9650859
140.83001689653602,40.4314950778035,293655637.14860564
141.365748404694,39.955389130493096,221244450.88440937
141.511439400804,39.952183252113,193023186.48604462
141.522192405396,40.0928454871494,219693206.53858984
141.3993709821,40.1995663793262,202991467.3775911
141.312781911873,40.1027523996924,326521102.1277995
140.013255747486,40.224768110900996,33536690.608675826
139.686062723394,39.6689643888318,
139.952401956807,39.9348805495563,242477870.79239228
140.343911358618,40.149760723056595,122959723.36131743
140.434635508629,40.0331834009547,114609913.44599874
140.37666353640597,39.85819827221759,289702847.9907351
140.719815761085,39.467339025384604,218233860.13608906
140.62764519906298,39.391529004811495,177279220.35733992
141.47227381775397,38.5061834408889,49080448.80701545
141.39674006188497,38.5109844787371,103702571.08792168
141.47687263782598,38.4114147373737,77761073.1742644
140.96218757148,38.26669235205959,69168588.96854973
140.891588805396,38.3038951120782,80905739.81460646
141.041066869428,38.3817383519757,134556883.0407655
140.871352025943,38.4219984248991,67431540.77997568
140.922182992338,38.513560335125696,241535375.323967
141.021299069739,38.510503022220895,291151355.3266533
139.41642110358598,37.886699821779594,209194913.46881375
139.334816374875,37.8087273214761,226364386.16501012
139.757759986284,38.7260572543086,216374099.38539544
139.663065233373,38.9232126377985,
140.168886352869,38.2077151653681,115465267.92357081
140.133425545971,38.0992682124813,216470995.16601872
140.110055886504,38.303120711526,133136229.4715442
139.987349801673,38.404795386375,314281559.6319595
139.86989932789498,38.308749955212,
139.885777483254,38.084289186867,402370691.98100024
140.002859240574,38.0234391564786,247789876.6890909
136.351683194694,34.558285054877096,111051111.75758362
136.371348431307,34.6988580465054,121800118.3426846
136.26542889765298,34.5218011576317,175642205.99939626
136.215165067872,34.6250358657951,190241521.8263223
136.325897540184,34.807980230195696,126568596.49338314
136.25596847379,34.7706419467308,193255299.9726346
143.927342366346,43.514640827394,287462137.0241385
143.829897498474,43.651314046705195,374648395.2608142
144.047796919686,43.6327947631521,186121488.25763384
143.95035205181398,43.769467982463304,280590103.538383
130.26162488476498,32.7887176249842,75252328.78172135
130.268085645291,32.7187126565145,63118992.99418169
130.205119729179,32.7896132387472,65005536.665415935
130.16621496004498,32.711696996483994,46620862.23771697
130.207640397087,32.6666846485023,45714790.37762009
138.853918259496,35.0391044847921,37641315.95488968
138.86157222068996,34.9744773811488,81521639.97722685
138.92932196170497,34.9892293081419,57525160.892420076
138.94566853355101,35.0552399770815,41844144.707979314
138.91364919913798,35.086966295799,22969216.04190327
138.57003401076,35.1257349178824,35362068.16011324
138.63563832633898,35.1611255887947,46509099.10595012
138.536267057793,35.0535130767888,32608190.003198806
138.694855334046,35.0835946213335,135415097.0819801
138.620196444015,34.9827288722505,235485674.80228418
138.713180404689,34.97741974588289,121391062.7274994
138.518738237517,35.3202097107915,34449983.56903518
138.536587412421,35.2672500736182,88417076.02590482
138.572456085195,35.3796140530965,22712786.166619092
137.761550430537,35.690512201839,154930825.5010856
137.696783154579,35.651747339046295,173660787.41293818
137.751617883891,35.83166776820399,99826012.02516729
137.54383037472,35.434986756605696,204365975.31245744
137.59468654859398,35.5231323208344,170522956.8146343
137.459964108852,35.5394613554343,118530727.3606893
136.70462082406797,35.9742837001845,267602769.97799355
136.80295199663396,36.018157383710694,324007466.61108214
136.97697173958596,36.32931922174829,163910654.22071192
136.816647150315,36.1496531638176,331555737.4695142
136.79637695753698,36.3408374331453,217879244.57331863
136.700849324589,36.2619819841455,289830384.93784887
137.06428195102498,36.024712679448896,210558481.4597893
136.965492537621,36.141312144003,171738467.31272778
137.030289493944,36.2421227529339,211960929.44889817
136.971200700081,35.4429664835532,209267051.11955515
137.04126272984396,35.39007178821841,98858987.79996426
137.18892414222603,35.5344182307972,112728446.26475263
137.148698031906,35.378669719872605,84679908.64280815
137.214978773169,35.430583462312505,193988283.8705314
137.194010843505,35.771157449841,86487777.85784128
137.313683045088,35.6567013395967,202053263.1158593
137.23014867602703,35.6416685560254,161082093.75695977
137.24937498320398,36.7074849080643,95488378.28359535
137.25425726825998,36.6110365851945,162053882.89706028
137.177701714581,36.714481679650504,43786860.23561419
137.113482250503,36.676948117715405,97064204.13814963
137.11104812393998,36.5361489167103,245794875.63902572
137.180149873074,36.4772341557756,104084728.18639837
137.333649991527,36.442071330409796,252010598.84352702
137.452553909946,36.476790529476,229891109.65126395
137.23608481568698,36.361014475572595,170539003.91503835
140.13074362419,35.9992729436769,112129102.51589525
140.111311987548,36.0767540791218,1758480.2200486455
140.060843021616,35.968926720936004,156168170.29329586
139.989519194712,36.0493073850657,131566912.5743839
140.021005915725,36.1045761376377,1966907.97081817
140.23519212162898,36.7036536762258,87068003.13860129
140.192308470423,36.8042237515458,175639432.42121002
140.348484427932,36.7205085759006,128515501.50427382
140.388430132962,36.7910098927305,103585495.32359648
139.45165097358,37.34884718175599,134316904.59822202
139.323976255662,37.1620659000855,180846895.38115266
139.40952230686798,37.2033528006492,178493949.37653962
139.48345281307797,37.1348431916286,191789241.0196814
139.277498413911,36.9843817792746,310452163.2428311
139.44049059639602,36.443343685161594,314767372.6068605
139.39202089718398,36.2756194659276,308242986.4465232
139.43664856730402,36.1102614517161,295961773.80572313
139.53382376547899,36.099021222184795,255615354.64179167
139.618459237752,36.979327306439096,291164356.37171876
139.48396691166298,36.9984431203332,180275689.4536408
139.393007241873,36.751695712875,337286604.3057346
139.363558563702,36.8892686085429,280957865.8292321
139.31663847617997,36.6617349248535,183778922.8424925
139.351795403469,36.545725201986,198471181.143033
139.172033711436,36.633432751687195,198584476.77439407
139.27315197859798,36.426909485745895,109852788.7363159
139.181943643677,36.4661159183772,358331645.94809324
139.88577921974698,36.866374947138,204782617.5430571
139.92501387255598,36.7395090173331,189228289.83349195
139.975419874785,36.370427617164296,97253046.38727306
139.953989374716,36.4698313277991,133904656.05062784
139.88628796220098,36.3166864378197,178972653.2824981
140.91792002201097,41.0846748162972,211722408.71097514
140.876389222173,40.98396166461959,156137126.95296133
140.95244293604102,40.710822959221794,450632036.83447564
140.853957335586,40.795623536982596,157583441.34316424
140.872574640336,40.880258417981395,33245937.71690038
141.14462309277002,40.3833540103917,296245982.8872055
141.027268859367,40.43551098717239,205379057.91762373
141.12477151146,40.2256239309771,188988564.69227946
140.95600482648302,40.2003905698989,241210480.33297047
140.92105177880399,40.314008798939696,261920380.88729426
139.762216740564,39.9297183298299,35375545.83801186
139.862885599338,39.9822409783731,128954078.34610294
139.922422218414,40.131646696640395,247062526.25667632
139.788606268014,40.1585318141931,
139.89663040785302,40.290945495834,
140.046873415383,39.949852198908296,134405298.2785054
140.12310702792598,39.8027362303098,169165039.51842177
140.242183225782,39.8630861937099,389435773.90230376
140.25199589441698,40.0673485271004,384301590.91784805
140.13423686816398,40.147480406777696,325495735.71183515
140.048190586986,40.0903340419857,122243040.98235852
140.70770354242802,39.584454968619,192805122.86512113
140.627952101703,39.6493514106591,156069305.52397248
140.83049560866,39.648765920214,162790143.34561613
140.82602261267098,39.812256787825504,378204423.50662625
140.703548324658,39.8282797283712,241097870.75051025
141.45693499179004,38.306886731553,18043174.026477657
141.44475915616198,38.367669922626,29231835.864753217
141.361015091406,38.348174066073305,91876176.38458507
141.303252714888,38.4291718578174,118109944.79676388
141.379332639468,38.437215849004495,58196911.738671675
139.171737127764,37.8789663155409,168319417.981658
139.292592950973,37.8899358981396,247668.62132074687
139.183902661089,38.093327806914594,
139.34149528358398,38.146559789183996,
139.374197679684,37.9679083984431,251530.4158803806
139.852033827957,38.7455729192136,200435411.69958264
139.94728608511198,38.592168316874705,307762058.07773936
140.076854653626,38.603625705687904,326590305.57643783
140.14798836620997,39.2830529794989,200588227.7854072
138.593868720384,35.349142693537196,33693603.34815388
138.64153966614597,35.2122878520567,37253242.23291577
138.597241349754,35.260981861502096,15946285.6698283
137.6750134551,35.9661589390752,164537921.32229674
137.679557127354,35.8658205015891,122130054.02354641
137.624469313353,35.7713723280177,96970379.52849922
136.67091898458898,35.749024716669,212459828.40689638
136.75483970167798,35.8270314482157,161258890.22714606
136.68076530652502,35.6113418613315,160358139.69440413
136.776965652195,35.5757369675103,233269261.72706708
136.98630703929598,35.5839598571391,279951641.9955478
137.077671435276,35.6126284149966,169391425.33140016
136.872962594874,35.6655475458876,208848313.7042408
136.86068296629298,35.7791591712555,123726517.80733554
137.102996175882,35.756925323862596,318265117.1704767
137.029209751929,35.897231957795995,328133234.6060727
136.91672518484398,35.8823356422432,142387551.18741173
137.596057108191,36.2550192161586,
137.48953220174698,36.3220055451891,
140.252978789451,37.0303555531041,148230692.53341174
140.26516299090898,36.9145877173788,227617641.65759853
140.34799234714498,36.8845189588887,108606843.25454529
140.348375712138,37.116431888943,145116349.3763195
140.436370318464,36.9879546676167,159755945.50182298
140.44893788491498,37.1040997619457,146808569.86715767
139.55897395687498,37.35665024903789,166991923.92169797
139.75716736221898,37.4733161819445,163040867.9177761
139.65487813883098,37.477373507837996,321851698.55742294
139.783804408248,37.3457878373877,170850153.4893525
139.57814895918298,37.2312586011234,183725763.22440717
139.773878844237,37.1852349682803,277486645.86941725
139.67879858654698,37.1306328833682,306408657.0152389
139.82953336489498,36.633985840372794,171470595.25732213
139.845614449959,36.5273994090819,114353540.7029817
141.13111281393302,40.68506159928209,116355747.79692827
141.06191777746199,40.78374743071199,194131449.47077483
141.28552238476502,40.8709405065324,207534174.19091716
141.22881835240202,40.7565597447525,276327152.95516473
141.223562451378,41.039683277234396,443755271.6651182
141.095525366367,41.1168157335507,430058396.51412255
141.02118409123798,40.990288660190096,182850041.72270322
140.28484546913097,39.4979287951017,240333992.8915248
140.51255514255297,39.598227528558596,241099267.87545732
140.500136021256,39.4575210659454,188220635.78830114
140.393358673392,39.3875031721017,326177150.94719434
140.37154508830199,39.7056847527615,347562073.4746962
140.49247741386,39.7359655923747,230956057.65887994
140.51070590749498,38.9489075483838,264119556.59666318
140.407098739248,38.85114959748989,258764847.426941
140.28100884616498,39.168291613116594,243252702.13508198
139.88393958039597,38.8862034124245,163890736.91420418
140.09696112277797,39.666586279666504,261896607.7311793
140.173956419145,39.4906874466423,335960786.1624115
140.11197231484198,39.40415876104289,143111259.48704213
139.968546172224,39.7441875630954,274384171.4666893
138.67830798228,35.2648116548178,94499156.63647231
138.70220089275,35.438139868596295,132162378.05620155
138.64008760803299,35.3628358840812,114069963.97981201
137.360940528867,35.7541662451314,159061165.89446387
137.542684029366,35.7820162521855,168842662.41682452
137.454400298622,35.6790433175088,93643565.2154658
137.51952177249,35.680389530873995,144117571.2748089
137.591498804067,35.9757769828413,104451137.41107072
137.575690441728,36.0538695031416,96295798.37764812
137.514257192334,35.886082469523,89569295.16482162
139.72813686222597,36.656329655434504,222757629.4564574
139.629486044961,36.8355866446095,367222520.7473544
139.745789103492,36.8036311011501,263371880.12601775
139.524442397043,36.7171295628357,155809493.51193237
139.53676882427698,36.5247872579898,221804065.49854803
139.79918175702602,36.3503973350595,196558765.586652
139.77993874485298,36.4617065956869,111740146.78398998
139.710594993255,36.227292132810895,220832964.2953823
139.621195120803,36.2577861807678,240918583.13024595
139.61537141989797,36.4506855965637,299096604.80791575
139.68552828017698,36.5315008092342,106811324.06298497
140.433378667659,39.2707824873375,166686326.72507578
140.39590183904997,39.179918058355796,188333755.05762997
140.51384702001897,39.0978723140841,127429612.12326026
140.60307778605,39.128475602782494,115998813.21179834
140.579808609867,39.2201666704254,141309499.58463103
140.302511235711,38.9131259205711,303568786.78250635
140.250262677756,39.0483177627015,298709166.5231572
140.226909709953,38.7711523523478,169991335.4477566
140.106465408921,38.771528084104204,369730332.3053636
140.07699833592298,39.035517298875895,270219911.01407194
140.008802592846,38.9007011885019,304504381.5925597
139.989314378529,39.373496221270194,81609205.99972856
139.754144457873,39.4236375826326,
139.922883532278,39.537626190298504,
139.740787427043,39.09149372634,528265739.7910622
139.867387932393,39.034968836061,120117071.6096952
140.025330429897,39.2523904397262,263051845.90179828
139.985086568019,39.124828609518296,227943865.61293012
138.72596853574797,35.276438666000395,45157117.42394059
138.837512220264,35.2421951266968,120568585.9873745
138.78414763392297,35.192862141488696,136616318.92237797
138.808241550957,35.3710401105765,103786092.46749099
138.75679753587298,35.3840943253578,60283164.91880922
137.406852880506,36.1750286376831,154291070.54083237
137.464129322289,36.070977614826,146116765.10680428
137.195984726097,36.0590240653005,302900276.8122025
137.430811181103,35.9714038961937,216093862.60307348
137.178154715943,36.2003019251016,262147447.85732856
137.27230941286498,36.2487567671328,164718004.81863263
137.251927194624,35.94577546962599,135443202.26885313
137.335322510925,35.9137514813451,333443767.6156428
