lon,lat,area
143.76847110172798,23.153161739937897,
130.88113346771098,23.667593406959703,
144.0305451717,44.5283231733549,
143.025193313607,44.96716006327709,
146.108150240415,26.147908645296898,
146.097534235455,25.994993521671898,
142.169911646994,26.929515394138498,
141.588438293478,25.5390853197183,
141.87972010571698,26.1671446428381,
145.516060881939,24.6045634472517,
145.80734269417798,25.2326227703715,
141.06857384178898,28.0999328136912,
139.030932113007,25.877357906076597,
128.404064506047,23.077746903175797,
141.545443520052,45.39475982669099,
140.918061644514,31.7580894281112,
137.19257184075298,28.785454548995105,
123.49796357853899,24.3114735055104,
125.105641471338,27.1687801446039,
125.06656594594799,24.7384207731804,
131.14132941884696,34.7916764157402,
137.488229861994,33.430275039493196,
137.894292005052,41.2031326233318,
134.573261241342,38.7350622287211,
124.43498779007999,24.3820576760541,
124.733822196984,24.5754101318748,
123.907786772121,24.273119080336503,778438494.025602
125.748733372383,25.3071026136423,
125.52163684763998,25.2699379398147,
126.67098305819098,27.871783929527997,
137.11027031172898,33.1498612453437,
137.159438414427,33.185846486459695,
140.90142485835898,44.3368052683941,
131.87560490728802,30.092469597085497,
132.798448263723,30.655465482199798,
132.85322523214498,24.067757841847502,
133.83656506499398,26.5458136774809,
124.07625030408299,24.431478205840197,
124.376354797299,24.503252127730196,
125.558340263598,27.1963348368591,
125.858444756814,27.2681087587491,
128.076517570683,25.5568829121144,
138.252999397392,33.7699876638333,
139.020902472738,33.7517559238563,
136.52144982966598,38.7282225977526,
138.279012835788,39.4061730542601,
141.389531759454,43.9640650408113,
141.164338677681,44.9424139688007,
141.782827239306,45.4370971035399,35836153.60045698
141.39871006153197,44.814591140028604,
145.06431205134,43.955018901849,219539211.3003056
144.89424479976597,43.9205246019573,426306290.53641707
143.93005668488698,44.235056240981095,
142.857016486305,44.208473479189806,344855154.7819088
143.064639681909,44.3148752712798,242632817.70929697
132.074819650488,32.6979266779869,
127.517295181848,28.5188066394528,
127.919224178262,28.717672700857797,
129.060288393762,30.019076786433903,
128.47345056008098,29.128885004514895,
130.83605572926902,26.716019379875096,
130.379770159056,27.4960242412548,
128.91084818261098,32.921937752305794,
129.36058043822098,31.3362943828341,
130.512816176457,34.568044413843594,
141.496717149843,33.7037836532298,
141.56949864763197,44.320150961991295,482056245.1922418
141.48752693895597,44.138855649002394,
141.84382476560998,44.754066658415404,295934457.6458317
141.612600287037,44.4838589415561,461304203.8153379
141.607629134202,44.6486792665419,
141.488092092435,45.078804483051904,
141.42644878738201,45.2966542385643,
141.25372070858398,45.20662731182399,306869559.53456324
141.663832506636,45.3389915154132,55082132.279286854
141.919771860141,44.8461038961045,214423859.42309672
142.044266802735,44.470896182295,704530396.9049246
141.79328698989298,44.4474010590423,137570351.51555884
141.887411763141,44.562486597337504,383043427.5505811
141.75018535048798,44.283693079477494,160661242.80526158
143.423642174736,44.157648918820804,290142108.8621283
143.387138638788,44.3003233132878,167388735.6120331
143.244043133103,44.148389926812605,316812656.8863903
143.207539597155,44.2910643212796,263611361.5066552
143.21912028563702,44.79660519113669,
143.570565904227,44.4959218998063,
142.70662154397,44.24267857867109,243507922.1704398
134.064325286694,35.8298089990995,
132.10204013816698,35.283260287436704,
131.193159745296,35.167518350121306,
131.88891876576898,35.67444890866229,
132.55363711728597,35.42378220084,
131.798422256325,32.0306474542494,
131.885178833133,32.314503744448196,
128.893897611171,26.0286653018238,
129.00298532130898,26.1261080195775,
128.09967311823002,26.8346830116585,301182433.5831014
126.473418723267,25.757336348432702,
126.782465642151,25.6727307925011,
128.483903531346,27.384713882070603,
130.727878261431,28.238354640124196,
129.496480506855,34.2187149312855,
129.00589207393799,33.38275084738769,
126.94527960912598,30.449097589053,
127.23281713916398,31.122789280146304,
129.311745182235,33.625369412438104,
129.514796085114,33.7876418052426,
129.495059955591,32.765712255084594,
129.519967071297,32.4087719963469,
128.81672590244702,32.7264889154775,218760110.19128144
129.073066699137,32.35421109798239,
129.208712966487,32.437987342186794,
130.369505888919,34.289863700030395,
137.791882470363,37.4319566526444,
137.473721316327,37.7003703885864,
136.113469601769,35.398332429738296,154548896.55828673
141.726298012794,45.1095994712451,411602571.52080715
141.867467551095,45.008375595645006,400816671.005582
141.72931034819698,45.2797595768661,219772938.65740675
142.010232896466,45.1561491848082,458929638.3513547
141.988058090835,45.355478648535,322412538.6717202
141.848305080867,45.3778651649928,217490765.83415624
145.043913801369,43.664049942321604,123217421.62239344
145.110284296989,43.820629282821606,151356137.13697147
142.147043137407,45.0762900265227,449456255.7677982
142.350628916793,44.9026414074546,279581109.7698467
142.17527876356198,44.6078266218816,362282815.8908368
142.094370818499,44.7914542746132,171252398.656304
142.178876750394,44.8738668158682,302116880.3254109
142.49250059487298,44.832537389557494,483308353.1618945
139.95588941135998,42.7155885496131,
139.987322884365,43.1590217431923,
140.298000290184,43.579046527846494,
140.02597335559798,42.4556684522223,
140.02336362992997,42.270857688147,437197412.47434074
139.78237097160599,42.4256275392807,
139.77976124593798,42.240816775205396,695581808.5538524
141.784994529222,44.168423029302,236441282.04784882
141.66440697585,44.0138874524052,323772464.71918213
141.734149280922,43.877930020174794,498736547.0089104
142.84607606378998,44.021532119862,829769279.6886624
131.077459289832,34.46356678165169,
131.235243633153,34.5119793062484,529273614.50813246
131.796015810327,34.884667615690205,
131.700748194708,34.806186221947804,
131.54690788027798,34.716287233745696,
131.76619230964198,34.66962507009539,151602202.23700508
131.378058310257,34.6071367422198,562730250.9927591
131.374510408416,34.0714068748977,240976905.08557987
131.299799120292,34.3203797214564,271992617.84769547
133.75492576974,35.7658731923196,
133.903639120251,35.7993646101762,
133.37559587985598,34.3210365914295,
132.13529566894798,33.165518504127895,707439934.7199647
132.354052647729,35.070048162781504,120079150.3397884
132.73169893598998,35.553703532407496,
132.347849708085,32.9015205705615,
132.28284062630996,33.0560281642569,447563163.7191336
127.02543990229499,26.4319019514594,
127.063310404866,26.297221169884498,
127.227455102088,26.3755620393474,328619543.7915571
127.67894350539899,26.738048941031998,
127.61738640839101,26.5274789494704,
127.98304699534201,26.779843902451198,334539892.15266174
127.40129063013,26.322364075009197,
127.539647329743,26.3670000569646,
127.546192851792,26.159417649614696,211671747.58616215
128.023897346565,26.5231289045184,117754122.35348022
127.99215810414,26.625940325681402,292682568.29941595
128.195761885059,26.942642241655797,375057413.1469461
128.329869406299,27.123255769830003,
129.42400753821002,26.7522019159263,
129.20501313650698,26.4139378573818,
128.26208107581002,26.8639120111329,53276015.6573578
128.177194195347,26.7062614807626,
128.80482119970299,27.676420950446396,
129.61648573179897,28.8309938636082,
129.688454194233,28.3905881499174,323523078.19772077
129.796444877418,28.8216759918219,
129.86841333985197,28.3812702781311,208255345.2004839
129.886822395429,30.612071679014097,
129.43811766039002,33.2237081712459,
129.26791081944302,33.0648658503999,
129.466291456062,32.9261534833572,
130.02396500313003,33.6395562796095,
129.82491523009801,34.023689149480795,
130.154114376891,34.0860380389683,
130.485650186661,33.7777917656784,124442035.39380783
130.03014782478598,31.212199074605998,
139.550095804779,34.785561812595,147484862.82730752
140.11902030330597,33.7665580674939,
139.548181582887,33.2574045016092,
140.608932993804,35.5787400495054,
140.325765040098,34.6930454798202,
137.920295817744,38.0607020138202,
137.840297128413,37.8929042066124,
141.93995283184202,39.5848225181937,26723161.803047575
136.22521794581698,34.0624426140801,79971893.49805132
135.889359495021,34.305633499559406,114442556.68539888
135.757152297063,34.2339351451119,199262855.8067623
135.789879537345,34.3374212524662,113020856.89942285
135.846906397422,33.8270458944396,40359373.73207329
135.923171003532,33.80240541206759,72945307.6919017
135.783102535113,34.6696344101613,128059135.1654055
135.791987063238,33.9727005821808,119852135.58268927
135.80160814436698,33.883839871473896,130644393.82927524
135.50986045538698,34.0792987412988,210826007.0287108
135.668936986143,34.227223002726596,220662303.65294114
135.679270922646,34.087630776012,106624008.22296587
135.612874279641,34.0406302795317,255754524.6553398
135.68882971667102,33.840711887036996,168581106.84296954
135.612811992537,33.8825721012636,184755613.6090814
135.344601909561,34.140747755782805,116729655.22976865
135.276403700064,34.164807635220896,81350098.98454678
135.21300398733598,34.08789935315159,65063044.82616109
137.315083488363,34.5319243618767,
137.166585406323,34.524041280263695,
136.15850454782398,35.4777766578543,130117959.23895665
136.10553035244,35.538505247388,75019556.37050177
136.30352402775898,35.534393214632395,226795262.23764792
135.11634118458298,34.8504805614042,148620388.763776
135.114964958886,34.7645542585605,137407838.05951196
144.187383826266,41.9036050960791,
148.418583170682,36.9470101884741,
142.33865394107698,45.1504834411059,71262761.00858918
142.257051768777,45.14651931522479,162695547.6601161
142.37949045368399,45.0353876065071,143018103.15083277
142.696596109947,44.3866811693052,355575821.58388895
142.503858898929,44.680586605488905,432531639.25664234
142.472847040425,44.397624455533794,385824807.69399655
142.35274517181298,44.5422525049491,491436021.85330176
139.84080715406998,42.000018215802896,
139.656949148376,42.1168462671627,169299688.42746013
139.471035608256,42.0934006202952,12246535.031618886
140.191466294649,42.470208818706894,
140.04682967642398,41.9764498258776,117794375.07754412
140.16924694347298,41.911124314415396,261392032.63501385
140.106574054722,42.123318790179,192482797.4480951
140.228991321771,42.0579932787168,334362374.22036254
141.04122264384898,41.6760787733202,341045120.5490271
141.50714265385497,42.284128554594304,
142.081921493556,44.2254329017446,599606092.7929637
141.947342016183,44.121102890455795,346535569.49227786
141.947900453667,43.9288475909085,400858636.7290801
144.802767028458,43.7475068391306,606455663.2907377
144.90646378441198,43.6254217985223,293303273.5053007
144.270124721349,43.3888710219657,418385820.7558036
131.661946058643,34.6193468897496,11519392.236558652
131.53070271762297,34.5578577479454,16105839.279607225
134.57033366746202,35.5276379925555,131684688.45587593
132.49585156975198,33.4987572212568,96908852.65176272
133.299972749592,33.86252405660189,175243990.38052797
131.902482215955,34.6507852525989,178433124.53193206
132.27739791730198,34.9170449492997,256844178.32495055
132.84268295647797,35.3945434563402,154497151.388405
132.86990873362797,35.655678713202896,
131.40293985185403,31.676660696465397,76212474.93385258
131.368611305052,31.7650286747838,123927138.82640201
127.656974985804,26.1646783864884,8086136.724315944
127.68829996632599,26.2375800122634,16704382.006029041
127.710627816651,26.1497739190842,84371881.15602018
127.76338680689098,26.1782650543524,8725341.113000158
127.741449567501,26.2262959011207,103097274.09071521
127.86872410210799,26.2421813914128,11900193.501641324
127.81773355167299,26.482166452173296,50698892.65067193
127.88840175747899,26.538832866965098,178240713.39769113
127.7931440742,26.310403448524802,101078385.54412374
127.92014099990399,26.436021445802098,78581022.87425046
127.87090680381598,26.334944540503496,240660692.97883323
129.028039022355,27.9218443039899,
129.293959187679,28.5203290175331,
129.492122276055,28.7144601931407,
129.564090738489,28.274054479449898,
130.14362369939698,27.418182338223602,
129.720017437593,27.120631428956997,
128.946796974039,27.783392351236497,
131.168621309385,31.680760693424702,510093876.0821944
131.28439420760398,31.6595066730393,200128529.41829506
131.208275646888,29.3509193631918,
131.03960170263602,28.9581946729218,
129.640957417719,33.4536464931141,
129.626269839957,33.22715114591399,160013632.7364922
129.774984130374,32.715547080103796,164412643.33766145
130.245409569792,31.3737731095866,192609659.5826197
130.380340002066,31.360889523740695,211952151.7453052
130.41883626205498,33.6346919817546,224112776.69478828
130.589915162454,32.3931200536977,161186402.79293138
130.573989411855,32.2301671136214,209989105.10958362
130.672576432167,32.2100079534057,250610156.94285896
130.685929723371,32.48563377839999,159507001.30007896
131.259290708205,33.4690225680195,134690497.42277133
131.14405369639198,33.7204110063282,
131.25741154614,33.6669895260105,
131.125424636151,33.895156739673894,307644447.1784186
131.235263684481,34.0591691507925,200877807.05750674
131.19864073714197,34.1806148206776,328652135.28599626
130.89101515610997,33.3257065307232,137253014.07272184
130.80213457839,33.3244200237201,243447574.0078532
131.338608498966,32.860965787445394,237717544.6639948
139.610298760548,34.9435731728787,648011267.3836422
139.56762741477598,35.248022664884694,121887940.21514946
139.69344790813497,35.1870380669544,127734956.61480053
139.74680266545897,35.070948919030194,262775262.2055129
139.59267358324198,34.562990708597994,
137.84866037867098,34.9033393906593,41055736.51680706
137.978237759637,34.6450205141304,36664345.970629424
137.606000197116,34.5060407651619,
137.442060016107,34.5290914828596,
137.876924508642,34.695762176456704,49053095.786231115
138.642408279276,35.65867709133509,51038254.379520886
137.52996111845098,37.136338504749006,
136.88923597404,37.5424447420638,
139.425568272111,35.808644703407396,121080128.39790283
139.320737992854,35.7100916220345,92069187.44355416
139.394107845135,35.7056296452768,111417655.3106087
140.479301821551,35.550742760514304,
138.166674057456,37.0239223904847,157006169.74491307
138.068569225587,37.336887340193094,
140.90102651153097,37.5730489750011,123379251.29119816
140.84265973212598,37.4732283970572,269263995.2066237
140.92380714657298,37.374372806604896,255122090.41042942
140.954007909528,41.5498579466652,280705721.61699164
140.83070925395998,41.655013572051004,279074984.021693
140.23876225791298,41.77478805407159,431299193.5041702
135.95455074524398,34.413978325326596,235654597.93906826
136.061786907222,34.447832091611396,189283165.02432457
135.893629721289,34.507659621593405,212134639.58806273
135.89787680987098,34.6258713269073,204514874.6160958
135.971880058806,34.671415419375904,128092194.88825096
135.22591765583996,34.9077657253149,106901450.2306514
135.656535743058,34.69560535647359,43358921.19125111
135.738723696774,34.600391809447196,76384692.34206429
135.787178664126,34.498390462601996,87802320.69138983
135.748619730405,34.436496919242,112794164.71610576
135.671716721475,34.6160746723374,80412402.19188403
136.49845544933402,34.1523323225436,
136.33924415205598,34.137239781282,
135.926798670729,34.187600101413004,182384733.7705883
135.86816528132098,33.9955926350799,181656980.78861895
135.843664451649,34.117234971296405,195334030.43130618
135.831502727943,33.7576383105588,58688940.50147149
135.865392165327,33.5875584012507,50611261.16248846
136.038636419169,33.7735593126327,28918189.154028278
136.22368343595,33.8293359960732,
136.308514028709,33.944264264096994,
135.910872596829,33.6344618627688,37144329.380069286
135.93726715710898,33.730346869975804,69775434.64381158
135.894333927528,33.7061776881357,59084581.8632736
135.99214641863398,35.2484591005701,179521512.54498735
135.928146319284,35.187820229397,195610485.92438778
135.996301816386,35.3753007388044,109653177.70550025
135.713538782184,34.7825893412052,52995296.7161163
135.77309859893998,34.77230125778309,126846269.45043239
135.973360807383,34.7721700409061,145670269.04230326
135.613519145148,34.3415443431159,120839193.39325635
135.68003371302598,33.7299527993868,150341118.76911536
135.79475923932603,33.6053091160017,124854871.07850428
135.777408471243,33.7036731999429,146855220.39900622
135.50130860732398,34.202968020134094,118870052.3409727
135.42393035259,34.214403854436306,167906707.18892854
135.554916392676,34.3160602424475,62749120.48055619
135.518660791932,34.4178775197015,91452006.32663281
135.25294065327,34.2433372258098,118447803.56248476
135.12823916466598,34.1435846860614,91686104.36379226
135.18007320074398,34.10566275530039,16541408.319561658
135.145637164692,34.2439320053259,135401296.57615644
135.19747120077,34.206010074564894,25967845.623846475
135.157731028518,33.9268858164489,12050655.947924206
135.19920263760898,34.0066299072423,74165202.31888343
134.986984611534,33.8990181044988,
133.49538395985002,34.1935943739258,
137.33928666780298,34.7015153824119,105020703.68597095
137.587144199571,34.6814685446295,38914768.33601538
137.04180177926702,34.500329112717594,
136.943115092256,34.465416986945996,73707617.11905779
136.870809436878,34.4174715503025,128699237.78245261
136.15343493483599,35.6473261955382,108938406.40730038
136.10611882691998,35.7404868015459,155133977.7043729
134.91019179491698,34.8392050300701,116996682.53252278
135.01784533181998,34.98708956647079,180042169.08472678
135.026059596978,34.8918098390631,156241973.94183764
134.35005751728,35.882692707533096,
134.948053681683,35.6826420332679,76506283.5461351
135.09728086413898,36.6257162230839,
135.776765225574,36.0352826600118,
135.723738082152,35.932103320311,
145.02795342090002,43.1026680407928,95640773.6356907
144.022910455248,41.849444269036795,
145.009714281663,43.3790335898073,203058858.2466739
145.653045442113,43.29237797723519,43555304.88214779
142.80954251751,44.4824963368302,429287380.52730376
142.73690717510402,44.63177372359859,382353275.12871665
143.027191147137,44.444895538286104,305722562.9023185
142.89428629895102,44.6682410688327,
142.725548871048,44.783724507667195,
140.477458932525,43.219048680564896,244934646.74614376
141.08512889278498,43.776941503369805,
140.7543928197,43.6757432642058,
140.561056741908,42.6118893742344,516638278.40693927
140.18570736059996,42.6511096838112,350070753.6710495
140.193732861303,42.926530327658995,
140.356181531478,43.0503487149153,
140.382934715892,42.690233059749,500647609.62691
141.535842640236,41.902468013465395,
141.94327706605202,42.076753451178604,
141.213957042015,41.564127921525,
142.11233636843102,41.9989103426013,
141.895204623777,41.3484051672912,
142.25935682158197,42.459901158575995,292179753.036246
142.428416123961,42.3820580499987,199084532.69753373
140.377141075314,42.2746514527326,435250132.86676854
140.382819977367,42.0881674473315,371187727.4600287
140.715195089865,41.85728397132149,22818244.65406991
140.786486863308,41.7785933881668,46421372.19021091
141.66048776447698,42.5579459437836,
139.25817818279398,35.799289489688995,111848873.73854023
142.258146532623,44.1747082170537,317486686.1833896
142.528324702104,44.1870774830034,165898237.6357836
142.41609674268898,44.2706286133881,277114524.5546182
142.345423714032,40.3959034846521,
144.4774014816,43.87136518472399,384611200.1007849
144.61930111021798,43.72375957409459,317853155.319117
144.28389232111797,44.0969785234671,
143.96268140208898,44.096591701819804,
144.63724746206998,43.99564470119609,
144.403870062144,43.970232548998794,49853219.70800559
144.89618098612797,43.3877530137777,306598724.68594044
144.81229468892997,43.49698797518911,165999367.47014803
143.985941192544,42.8417402521812,
134.023828766751,35.4897223841622,92540763.94286974
134.42781453080102,35.59697184647669,14723409.62899319
134.48632982202002,35.5776203014914,117290696.36407006
134.452978897446,35.441060312855996,162689241.15733516
134.368975052004,35.4910426217919,183866319.28493437
134.26540259695201,35.491446257091,144003703.8793351
134.310459760785,35.510394166777196,16631323.061142195
134.48521335367798,35.356974665595,201179263.89346394
134.397604052151,35.244617449107,349721833.4933278
134.867751866001,35.6170914189849,199447894.99284893
133.524970847532,35.3749383493803,214510980.59978428
133.10740585487397,35.9770797778821,
133.277641116312,35.781674863994404,
133.00145361115798,35.7126463135398,
132.35906828278198,33.3485188549293,232725094.57394075
132.4013532072,33.4849763204847,232646247.83003205
132.21599849119198,33.343051186750806,365005062.03104633
132.362353850859,33.6601456657983,411208283.16434926
132.70756376641498,34.3337829763302,233199258.58507437
132.565385642316,33.611487406444205,146715355.05424392
132.63409752710697,33.556549516116,179861054.65255648
131.88287386032,34.541588297053195,176375497.51931944
131.748492689781,34.5567306739974,189893512.12297714
131.723499376029,34.413720607767594,432451138.14306706
131.51675106626098,34.4432518573473,285915684.6164173
131.62300109352898,34.361730932921695,314947451.7581611
131.596486115292,34.175331445068,214267083.452965
131.428662146034,34.3009312668297,243221969.65260527
131.466750486819,34.1734040901561,235562615.8777977
132.01973930574,34.8107198008779,115294051.5105547
132.002188897623,34.7019809951793,190646127.49976382
132.115006921359,34.8892011946203,109513516.61939362
132.18537318402898,34.8324024600618,217536785.2581396
132.626586134988,35.267021932767896,112782986.01438917
132.758363692581,35.3082748687284,159364152.29610398
132.611980002414,34.6724326013142,237046657.10197207
132.920112099456,35.176665320666096,128979214.69108538
132.76867094175302,32.8513066084599,118929681.34271473
132.67667078268897,32.77716183967829,117097294.94727649
132.382217860926,32.3616991601013,
132.245240246724,32.355990630677994,
132.917501157243,33.015435926886596,103857734.7084764
132.806393875749,33.285914785295695,145021873.94087332
132.773304068394,33.377612123978096,153203566.24422058
132.710067782655,33.1876101927381,128967237.98782262
133.34508506790897,33.569447025569396,150826061.55116913
132.72373114951503,32.906497943107794,75116997.27298158
132.631730990451,32.8323531743262,81872540.44276705
132.45105979604398,33.136430519883895,137997660.57684693
132.44658463027199,33.2513885279334,187364951.3688137
130.871796668151,32.189709027501294,201038991.7655991
131.12235186345902,31.8459684453306,305386444.3954474
130.96376945995198,32.098509937989,325182740.5839191
131.561076706587,32.173724599104,
131.509830338403,32.0876701947384,
131.40221053812598,31.880087211112798,202526334.89205408
131.348212895097,31.5477174330813,92116098.6189585
131.28424801889102,31.511856928157098,152624079.608067
131.21334365337,31.165862486394897,
131.08645390361397,30.8913421761714,
130.89220303064403,30.7937184661854,
129.734904595395,33.1308887044542,181161166.1145083
129.745133052447,32.988733362743396,201006176.4113102
129.893289561981,32.914737999686395,220242403.08877325
129.803640857748,32.8794163338729,253750653.2050803
129.875108530266,33.5705639591982,330765721.06684804
129.74537271847802,33.491599165134,
130.19597988658802,33.5707254357156,122080407.83325046
130.12942427281502,33.4403828382789,189563531.19590387
130.192567154562,33.364328325490796,229882644.6906266
129.840253419459,32.2223282865825,
129.86383679755198,32.5444409290968,286867300.15029484
130.51457367068997,32.472498548721,302549931.2716466
130.430438515047,32.742639328941294,228697144.21270522
130.528202994288,32.6839237277553,415645744.4320568
130.02744348858002,31.729432425431398,
129.9779599041,32.0328520637664,
130.106017810362,32.1756346670781,177511103.9259861
130.43599106307002,31.4406075054786,105273602.3962725
131.065963856157,31.5882718492341,214420841.892877
131.127554553138,31.13387350128,
131.190479426688,31.3725333065793,146501204.08361173
131.08796816217298,31.427694207270896,308492356.1785117
130.97504162595598,31.413006662505595,258757452.56286305
130.48253046199798,29.665752364409702,
130.083407631606,29.404662739983298,
130.13983233523797,30.1013459020329,
130.379353484061,30.361462207134302,146088880.67431426
130.286174922849,30.5442112677339,416093389.61626613
130.22372103552897,31.1519296504845,
130.18997920338296,30.884222358224402,
130.46109490243498,30.759128310213598,
130.32198241840797,33.077655193337705,408240297.8160776
130.902963284511,32.7927219401793,233689534.45611537
130.775426396142,33.1730447317632,317346299.7544709
130.859036214324,32.305818138429004,144147813.8838888
130.749079664412,32.3228562821109,133617840.73717664
130.746507205017,32.4355291670289,169986149.99896792
130.920537266937,32.4512996614884,318035377.69575053
130.856713299972,32.5460671307937,197321579.83794653
130.820354732859,32.7388898959221,167925582.05022043
130.830390055893,32.6504410743555,156385099.5329992
130.71655233080398,32.607527974761304,110393336.33946405
130.634167093485,32.7264394290933,289512271.0411825
130.673895983532,32.8249927121127,157392151.2772193
130.532635677642,31.9269402930027,195031508.43428168
130.938868583622,31.637600052920394,156448321.6134671
130.89122767818898,31.532608684440596,152240205.6588213
131.467504818045,33.5708583120933,138005525.22477183
131.447197928937,33.8986587121083,497897480.0311086
131.389142788365,33.7253037180081,518868305.05547845
131.030957200506,33.460670448315,218674499.29581156
131.047191826881,33.582764704335,126076283.45117801
130.917575126514,33.450413875741496,186694280.1964966
131.18079720834,33.3800810523939,170894374.14297456
131.072855916882,33.3625264180329,193910575.5616398
131.048553840666,34.268728197791994,166375100.0736055
131.105179800837,34.17737582160989,129192055.14530015
131.01767782857598,34.062210329644195,168497760.29842576
130.846647030033,34.070220575872796,282210176.62872624
130.961051868405,34.153562705826296,204087333.67189223
130.932189098304,33.6308363710209,125336158.56556104
130.869602350938,33.553529854779,152738307.14688262
131.80864863691798,32.686396030167,
131.01445469758798,32.7589089534828,110972301.24377087
139.87397500362,34.9550602490562,10154936.16424186
139.88019131526,35.030025337131,111462395.30634664
139.83020610761398,35.0020281577956,41317463.24034014
139.99354376221498,35.0826432598125,77974991.11890665
139.91498517219298,35.093258500182294,89035626.19614835
140.259295397727,35.593676620032305,123873577.00111723
140.346533226405,35.626409560410906,124168589.5462368
139.485660648939,34.297109741687095,
139.39146335961001,34.049476390832105,
139.497598928325,33.7308979565283,
139.790240651226,34.5984426453831,
139.652545628772,34.295463703974,
137.758723326609,34.6914078032709,34746152.33360653
137.88672544845,34.870846739916,34810859.80119195
137.874882029577,34.8219657934995,52679637.18087102
137.941619685144,34.733780634564,49904525.933015384
137.986697053623,34.704122430347695,65697930.473073795
138.025394596815,34.7190647509662,11453618.180307198
137.939856258171,34.7915872246602,44480707.5642378
137.828101824732,34.8049605115311,56971271.52341208
137.82838087682399,34.7365634845845,67383682.82249276
137.78152607943898,34.731578422807196,21384372.83472521
137.780201705223,35.0568569893641,171493199.74879956
138.667022720919,34.824400256362196,148105981.1589212
139.306274472684,35.6040486020637,93918416.82031497
139.00402168431899,35.0417777987673,41349238.35525567
138.92466544740302,35.5403813094297,122666353.99037744
137.623710709221,36.942463737164694,160348671.61697593
139.514970277683,35.6282625927558,139940749.76986668
139.428061169463,35.6125079050488,102773924.00506426
139.372837425723,35.5366056646986,88563770.33560823
139.573865044284,35.7071280177579,70693085.02955028
139.572944149716,35.870080647865194,168092195.83978045
139.51841636304,35.7943883881815,174434033.49290866
139.635555417963,35.658143535029396,27255107.76389448
139.696270649166,35.6969785441401,167492548.4436801
139.853195035158,35.8685708245293,117755100.82158202
139.683500366322,35.8602366067011,131057021.54358505
139.73714534462098,35.8078230275832,99587838.75561655
140.081325793134,35.5461555739455,144038482.72225326
140.353939479039,35.527644171937496,82050500.30426657
140.376160150083,35.4320296546788,152249593.22466338
140.30978530156497,35.3140518536388,111031130.01080824
140.266701650361,35.494911231558895,70832395.87316357
140.243677949628,35.4143420859459,155481258.4775712
138.84653559783598,37.6743146307561,112989061.15500851
138.63918886791598,37.751768375940294,
138.697017657792,37.8321463050102,
138.43771671714597,38.1316227257064,119088386.64732257
138.47278791634199,37.8008415104694,
138.294248455407,37.8809926532202,8866546.442104617
138.360446631594,37.96344355797179,86407759.40056174
138.330680458509,37.1279158800957,162166879.66583502
138.211635624183,37.145816060232,169160905.2394103
138.22179599471102,37.398863990241594,
138.28214536583698,37.6168309713636,
137.70106017350102,36.706307893110896,353395624.09694356
141.14188612649397,37.80844567797659,
141.146879250465,37.6843806123906,
141.257792114736,37.4277003066549,
141.09041577404398,37.081996147861496,
141.88948410255298,39.715149527522705,141524668.90060773
140.699287104156,41.6452588682856,336539648.7422928
140.39334575801698,41.74422358682399,311472442.36378646
140.64426906317698,41.819038301937596,173778424.35711882
140.477659099173,41.910734015782495,326945874.5996608
140.59238142912602,41.9246772899823,280366446.9076327
140.62137305634,41.4464185863024,
140.43318658353598,41.4943232263593,
139.20698543924698,40.1033082434358,
139.67861367837298,40.8559972660059,
141.82933609128898,34.847504851005,
145.988219574681,30.177614459747698,
147.096737995086,35.544152059983595,
143.089353143649,40.59966190643879,
135.096792179679,35.043449244939296,169535168.1370945
135.224090961861,35.1836172410712,180196020.21719474
135.214582916094,35.005454681442295,120717098.38492405
135.27807257316,35.0784454799658,162875993.67417693
135.277019638464,35.259667897244995,156691492.2940869
135.594029347656,34.688796464430894,99220979.48257728
135.525999221349,34.6052952483876,87603589.98984885
136.67109185063399,34.2749458799616,41068976.97957538
136.607026814445,34.3342741205442,108947977.71939304
136.007522847504,34.166931149848196,146564641.07509598
136.077319833774,34.3188183142794,195857206.01417774
136.199141707035,34.1461740857622,165532809.16013336
136.190737614195,34.290564401286595,384637843.79609555
135.97425186826797,33.80951909429489,42923594.93244558
135.958532597019,33.90847299658169,89748440.10507056
135.944577722646,35.4471050793189,132770263.09078687
136.008771312645,35.530865359786496,118009136.81250107
136.00954363540498,35.6543711423064,250583748.7923203
135.970866250197,35.7685077111747,180962472.42304978
135.55475086256402,34.7611045259016,144609121.52967438
135.839357849019,35.2281248401995,118805519.53735463
135.735658746633,34.8673499123004,46639726.8472987
136.174112613528,35.3327238165891,138833725.85251132
135.83980408439098,34.8527157325314,101346022.70688333
135.928122121704,34.848481451001895,160239575.4683751
135.80922199290598,34.9212659451579,46718876.22224488
135.925798734066,35.0506165438044,161009346.88326305
135.98713252007403,34.9613877295782,158195736.20481288
135.645487997943,34.5430064002287,77531651.29182355
135.562276893219,34.5390358683216,103442172.29608975
135.551652832398,34.4736279194373,50323001.010950886
135.673936039521,34.465429993978496,71503885.59149158
135.62592270800099,34.4272961224137,39985879.712402165
135.777003065121,33.4897799827371,4325541.89920718
135.75553824181802,33.543515938604095,65780301.85333889
135.441448490601,33.992589743399094,111795855.48403753
135.43245588328497,33.915597950015105,91442988.70220275
135.353568199509,34.0426029235809,87199914.46755184
135.27156864028498,33.9853933571097,158793264.60099235
135.414142814775,33.793145939440805,67252195.85296711
135.537224961996,33.821247301356905,73943907.34205833
135.473629028892,33.8568754015239,103273135.56892769
135.699774625404,33.5347568925963,74361976.12926108
135.721239448707,33.4810209367293,3253847.2883091043
135.10020333519603,33.434768327786095,
135.295141872726,29.058918998481897,
135.826781366793,29.128852998049197,
135.300490657794,34.3262510755956,108123516.9537083
135.444404801607,34.411759026612,157757643.77752367
135.403282147617,34.3213775836602,128997584.28353709
135.238605593586,34.4698533006036,284553469.6974958
134.812415833491,34.3890329851101,108831655.87244144
134.917081592535,34.7503966287984,112744376.01897173
134.87166544127098,34.64654131136879,185191994.47220153
134.347612711785,33.5332170219321,
133.498800424836,33.9902359698,144787070.4004841
134.26355321857497,33.467447551870194,74649967.00862502
134.30466745673996,33.6418991746299,113276542.39619318
137.14125346977,34.680788329657794,187791825.84671563
137.231478676347,34.739674667101795,155941146.48379418
137.238844912983,34.8300274542528,147515719.2828219
136.801985393304,34.589455554182095,226210288.1183315
136.669603976103,34.4025772962102,87951900.58432192
136.872062838192,34.6727972745099,135814827.0947394
136.910094447984,34.579659413227496,147814128.793197
136.982400103362,34.627604849871,100499456.58445314
137.02814538504302,34.7112488366358,156037054.95813382
136.583493048057,35.1243467580456,143078131.77828678
136.610319731787,35.3313827970378,137114970.09708244
137.179431101625,35.222607444660895,146448424.9941858
136.223305593738,36.289771406592,44812274.52326799
136.10998524024,36.194873282353505,29092412.210861582
134.823555326097,35.075896245248096,182829150.46846196
134.881486959021,35.0003857627182,145948042.1174608
134.833555249338,34.8991218464559,162980996.6959661
135.133370174847,35.65887851519069,161813921.965338
135.232517119161,35.3883606623481,215133584.99555358
135.26061832542598,35.59126405931249,165576525.2038139
135.31644079928697,35.4516469824165,162200684.86919606
144.84857882682,43.01997547054349,76346310.83146422
144.93243062413498,43.0985072032515,148116258.15491796
144.848205754131,43.223835230195405,252043279.76345775
145.10525363343902,43.1691410101644,202750872.79106814
145.100367498768,43.2732798312408,204588055.04435274
145.288491351168,43.1614668646557,212693571.90784627
140.621725281114,43.1396870245242,321176776.3128166
140.75191762391097,42.91010800338899,303671640.5593365
140.89436895402,43.0351408315224,254350983.44930908
140.71820313569697,42.66252771156089,137286194.1342184
140.756772168408,42.764687352908396,254627430.95700997
140.81661900645898,42.5809407960684,55047105.348872155
140.913902073846,42.7197446432955,234510940.22422412
140.919052802055,42.6197691395124,107572782.3858487
140.41139660941798,42.93854256764819,141289338.2210257
140.44617529453498,42.853847556329704,311478714.68972605
140.60401565892,43.0372532769234,106298041.03589769
140.638794344037,42.9525582656049,247021701.06646395
142.23642631486197,42.5833335004407,298287570.43919134
142.13266206899098,42.7098241784412,
142.24656705401998,42.876219546573594,342066769.33001995
142.39577091880798,42.8618416168437,193092541.08486652
142.393755063747,42.7197714072855,260284333.00247726
141.98873534310297,42.7105582843566,
141.82797154775702,42.617820116100894,361570003.5275558
141.878895884814,42.8778660782373,377520761.4430599
141.44279977545298,42.6552395211195,223030206.46237117
141.267049278927,42.6593544065898,316075348.1085105
138.737944531362,37.168578432100496,263285634.8584176
138.280280519007,36.773745038055296,220187516.73857754
138.27865429831198,36.9042405591981,238829026.71576503
138.364874732073,36.9847926001884,318518538.4480285
138.8961193323,36.411610615452595,262190689.8890382
139.25857749619198,35.8926059417772,146565838.21379918
139.345665869817,36.0131287952865,144024642.87884417
139.35259773322798,35.906423132253295,160224313.7940453
138.969028337337,36.2927203773321,155142888.46725857
138.482226715701,35.999639855982,151048286.89959136
138.568475159994,36.0980745305301,231691653.06605938
142.679724837243,43.92702909610949,314147665.38165027
142.512368417892,44.05836935976959,188822150.4956429
142.486171197876,43.00776362684999,176138930.8053324
142.248818112225,44.0161119575991,190293865.9801701
142.390812038079,43.983324230699694,406388270.79330987
142.038411365004,43.82004250750499,326515155.9530492
142.159297318533,43.8695212448031,116680386.93298893
143.21258583248098,42.244500780768,265084570.18922728
143.154434274885,42.1392649440708,281593910.89542055
143.78221109759102,42.5854565734455,
144.141176717439,42.68620439532239,
144.339520517742,42.709336912172695,
143.418329349405,41.5346448731247,
142.79489351922302,41.1924086974983,
142.27350075371402,40.764192588725095,
143.02767816843,42.1410474881319,227516112.6550098
142.391087903823,41.5904583138891,
142.12758624995698,40.9419891862872,
142.60866706706398,41.4754901368566,
144.29055791449198,43.8421641131232,364683598.54274577
144.129192975933,43.96605680794799,251995223.34000885
144.21702649503598,43.94103147739799,29740585.85624501
144.705471042363,43.111413963113094,223021268.0180441
144.723862316385,43.253438750213995,311104864.5029094
144.442786973397,43.3449332618478,296469655.0215455
144.574111399641,43.4492537670873,269104463.37751234
144.682539909039,43.4161997398206,134496426.6928814
143.282830420653,43.8605016498528,233938769.4988882
143.18141885949,44.0210252442213,275518510.32062393
143.03787281553,43.9429643314266,431005903.3747404
142.867059701883,43.5795559902285,238206159.91066113
142.74410622846,43.7711975661543,247795226.34206927
142.603940096475,43.710618281688596,421528288.6914712
143.335096983474,43.2915725354541,189385900.11261725
143.362514864745,43.451076193493094,648696685.2468015
142.997926137264,43.4860865611062,
143.07461264117998,43.667834648479804,
143.233951515699,43.6474732931523,
143.354943865254,42.3287094463926,100183227.3004797
143.45864637396602,42.448265203287896,
143.295208989339,43.0621100406651,330747122.7431463
143.525431674768,43.1430159532647,118946709.12382932
143.425815074091,43.1789686566348,283426728.0197275
133.84855957209,33.92621243879339,138766397.85649508
133.614335666823,34.6424142437835,293299847.57546073
133.94057661613198,33.9866347869543,147373679.9458922
134.840620832709,35.1859562448141,172161114.79299942
134.712507498657,35.2501360958538,169394459.1750224
135.00449397375598,35.549872660533,170858635.60116312
135.10484987049597,35.5479469794537,229816603.4863367
135.148174340949,35.4170462035071,143544631.25435275
133.61179595081998,35.423221533579,215065934.20057267
133.589709176385,35.752721309639405,
133.464850653486,35.757298965828,
133.367956893831,35.1643076315586,193168055.84026325
133.506101824623,34.9874066320944,336303116.2918785
133.547920082379,35.2625247658629,175142206.78232104
133.453101211881,35.166003169987796,260578321.14325237
133.37246025345,34.533692511044094,170936879.65022656
133.41103896519297,35.425593098065505,106660003.6686492
133.310654531307,35.4982521804306,174129933.4498652
133.34884388199,35.3114839761189,150266079.4714283
133.02620951532,35.4928900197003,112372420.28513862
132.94781908181398,35.4082953573459,131060864.99182251
132.972293654112,35.3095395085851,147853734.54635254
132.625978785729,34.3356091220307,149862374.31889158
132.20531651283,34.6899570066984,131389939.07893203
132.145793382405,34.50216318895829,264887267.34853795
132.117399842043,34.6380169355583,266593527.9985343
132.254536493673,34.4441639817924,141775820.71333814
132.43526031948298,34.07662089244379,232276097.39480597
132.58641829884,34.1946537786414,196453276.8536058
132.507621092682,34.2200798604456,148265267.29831985
132.44582885585697,33.8602000640244,
132.554362284762,33.7977609038982,
132.942446535789,34.7024383894353,191608865.54730815
132.785576371041,34.2397688230191,131093810.13649026
132.86939632820702,33.6661172055846,153538961.93524048
132.712030976316,33.6006707912139,158729878.4266337
132.873064011402,33.530975393117394,134746738.1280441
132.79158241704297,33.49015962676889,261903828.24425003
131.35741074522,32.9922867130395,112153741.09988941
131.53971130667398,32.9093678594208,121083431.80000153
131.457986503305,32.984897484369604,162714292.53910363
132.14229368240998,34.2137738674413,165244472.575308
132.237979942827,34.316092648873195,136036827.13472062
132.33110660922898,34.117266408152396,389515437.5441926
132.32493528975598,34.27962152701679,205637107.43778172
132.23993378742298,33.7382454200418,514103332.0272128
132.135863352174,33.5576084065497,
131.930526771219,34.4198455995405,196942453.20313343
132.040629119883,34.3967232013449,350036699.18431085
132.053685970734,34.2364052127471,264860117.5316781
131.837792308926,34.294594740879,230194056.78624302
132.619017308613,35.1427537478292,186534235.71566755
132.73914020845498,34.892550889284,145780291.44637865
132.81144449397001,34.9520336844096,201682793.73496473
132.750794866206,35.184006683789704,271530612.13305104
132.828482016714,35.1180578016708,252404833.395202
132.54765394566297,34.8059251633896,232075532.86276248
132.43682756607598,35.033333766255,141753347.40414795
132.36017283564897,34.880330552773195,187565047.52093577
132.548462988084,35.029291424529596,358688311.6744747
132.60773638681798,34.9195663404687,194827198.7509394
132.95095627806302,33.633821030191804,121452633.20389433
132.954623961258,33.49867921772459,99159781.71942842
132.966670153185,33.4129905124521,90103806.82020642
133.35853091318998,33.4705968445761,95850267.13653345
133.45763783483997,33.4908444052842,106652466.2594535
133.237637230434,33.372933070930195,9200514.005842036
133.22459800448698,33.3077723286561,4645305.454155983
133.29580263331198,33.3998617524594,96663782.2164156
133.28276340736497,33.3347010101853,49202001.1563113
132.924328014489,32.937300537206994,103234995.013872
132.90645342546,32.79249455225369,92581099.21046346
132.861475970322,32.86093079161199,165510046.75755814
133.18631346998998,33.2684204212404,35552861.12400498
132.76317777112502,32.979661644006,81574984.0196319
132.845533434735,33.108581479399795,87266283.2597219
132.85845605901,33.03839641794119,73714526.23965585
132.73619561627697,33.10597331657549,103316387.19510949
132.697243705191,33.0246634380432,156509732.96118927
132.522090662247,32.9107022059728,87758606.30466807
132.584434447245,32.873448031096196,134408588.80912852
132.610500540375,32.992594593914994,91622903.61883047
132.51819807487797,33.057012935769905,73799396.7874111
132.56648232930297,33.0758853720042,91821970.57799007
132.644841792573,33.23343397790129,160651077.73765516
132.57820467695097,33.190948977826196,83622193.21114138
132.664763426877,33.3503145840051,106292215.34646043
132.605108326317,33.418740811698,122958323.91345076
132.532427271816,33.3979457774094,113791907.11474997
132.52544525675398,33.2870345496414,103301697.7598601
131.01257773197,31.8578662164345,93691311.3217795
130.96062238802398,31.960323935304597,141430778.64330196
130.93175190536098,31.741986668214896,162882562.61719212
131.615156831367,32.393526530379305,29446759.21225229
131.673087944343,32.5227750279036,61179456.76169032
131.56885318552798,32.436331026168304,97129053.96851075
131.420130489285,32.710321104087,301885090.9365182
131.52065753890798,32.766112404732304,311445832.5548238
131.62575174510297,32.7011590827141,271969627.56357545
131.626784298504,32.5655795236926,209226252.92068285
131.47749701539198,32.005303106271,35671234.968995385
131.462108431071,31.9557490551717,20273238.593538657
131.07028925357397,32.164549240731596,317978731.28202593
130.79160361492498,31.509793590511496,165444856.65708223
130.822193862261,30.4340437772514,181152112.82106763
130.762142198028,30.6698629909716,
130.685650171329,30.3358822600515,197357245.63488907
130.582213422705,30.624830629658096,
130.52604848976,30.334908940726496,172042069.68996036
129.81803971438498,33.1751938881594,186529867.54053864
129.81382025970598,33.30940900163909,329321844.26727426
129.91791687566996,33.0683602122621,131598736.72211847
130.308321411312,33.3824878590225,243741807.0237615
130.379704705602,33.2362395053205,233848841.78694105
130.408086447144,33.5066270575278,251195455.62682453
130.317716108415,33.5185471080702,191838329.84718367
130.140354789654,33.2184538637292,171739911.49756515
130.19838675920997,33.078029085278104,367580305.93990916
129.99498174507897,33.076722228310196,174712141.51114938
130.030822360659,33.19218283709459,155733851.75057548
129.96656481372298,32.525377381975495,333360959.40300626
130.23829834765198,31.5246870436839,298827742.832414
130.23045977825402,32.0997065379837,168742653.89309448
130.475388606255,32.1484818079689,280439105.1419472
130.452999288744,32.01838899088499,218534390.96177137
130.535081156403,31.474593979157998,132888262.87669192
130.61272378803,31.472055264388196,85780475.85687152
130.931312982591,31.3057317300717,211535294.30570015
130.801949120271,31.3849300934433,176591212.24915576
130.85983523774698,31.0309883161608,
130.98131464525798,31.081759469537698,
130.53177429712198,33.027025010529,117085781.22291878
130.67744521190698,33.1295698060239,195580232.74303153
130.631698553697,32.9419486210188,177712520.81769854
130.69865697718498,32.9678773745508,107043593.50947638
130.34439395036398,32.917058832246596,154010969.2026271
130.39894633458,32.813079070262695,89315344.15570793
130.436515447293,32.9379931416063,240362234.1667771
130.832588216055,33.0626259197487,128610219.01127218
130.864804504104,32.8996357430631,168720463.06350878
130.782279114135,32.946479035932,107490628.29753155
130.56058998193203,31.704581711418,177785551.44841975
130.573176079863,31.613977647063898,72854038.80061777
130.511369267829,31.573872195010196,153434567.04396114
130.412279174496,31.539885721330798,113429394.80970791
130.425994499493,31.7901402677067,56528967.76109876
130.489852413063,31.7994861840216,182979994.76089635
130.37216297318398,31.7263262954088,107893576.70464595
130.349516891352,31.611081673690197,254908351.44007164
130.73493029282398,31.5652987121109,62992527.479224585
130.65286414692596,31.586227008071997,23891962.49680923
130.668699966519,31.543582841248497,33950727.045576945
130.63929703044,31.9091715113919,196394737.67302898
130.854334611198,31.923820586337897,206683269.2784493
130.844480313393,31.7803872474396,280484361.0291325
130.706966489484,32.0473619556321,370081465.64878446
130.796230175556,32.0441011734096,169471397.22862625
131.947873669689,33.1779353836491,548593305.8693246
131.193417832818,33.2572963374267,175791867.57530728
131.18231769627602,33.025870695638694,142690908.02547672
131.02046224677298,33.858259143135896,159154310.8382529
130.986164830191,33.957966657387296,139436831.5579261
130.924088578437,33.7315850764761,181350802.9788185
130.782122529795,33.8872056335307,189815367.56496263
130.636517198451,33.7986024843984,260296132.8806558
130.865014369782,33.86630409122729,183259085.21619666
130.835104384413,33.7476182999934,165959946.2057313
131.235492968217,32.84300261094269,294537822.38545656
131.173238544282,32.7535521978786,133431617.4155483
131.157437247903,32.931599670683994,117254556.11361383
131.060825310063,32.8855103377449,69368585.71188752
131.062784804094,32.815516647813894,78041552.21646436
140.36100737217896,35.8268124244536,78790585.83094838
140.376121600605,35.7174715809648,92038568.28370698
140.48666952470697,35.737419298326905,188286403.01626644
140.08719581607298,35.077836993153895,84487155.90629187
140.12985626293502,34.494075560801996,
139.931738640012,34.6686325186938,
139.87252887158098,34.041081603394794,
140.114221369914,35.438144340149094,124395562.82334596
140.180157352323,35.38501625915519,117955400.91237938
140.14449173257498,35.1879417149139,184415905.85475087
140.20111757609098,35.2467765695067,82024610.42163008
139.532315646306,34.002938767393196,55608537.05596237
139.559965960998,34.0089323069793,24776529.567644045
139.49598498640202,34.0819124272374,17983536.513041407
139.523635301094,34.0879059668235,12312051.7771203
137.66657710215298,34.7053527723012,28596869.5646693
137.71117970144698,34.71812490995969,33908544.26820795
138.342136282812,35.1944464777059,146498345.79896837
137.95149957038998,34.870720869170995,22579324.637883015
137.97506942983497,34.8320240519064,39147289.50649933
138.03598863397198,35.3949098640291,311308906.1951135
138.281171756541,35.2673113264923,147938739.36670116
138.89326705089,35.439809561610296,191757269.12870964
139.351009228761,35.3374892416656,77432989.41781749
139.303183641798,35.3894705783454,66493876.614758685
139.419385103823,35.4096517936887,98726367.33203134
139.37155951686,35.4616331303685,75141486.62985149
139.249456501716,35.4018128926572,89349236.71886113
138.216495514812,36.5213263604475,228309671.76107818
137.73302571995998,35.190973276060795,239922600.8402692
137.809696978734,35.2702491830106,204582659.19928896
138.39335840342102,35.960254283266494,140631085.7469711
138.31678901779202,36.0006603809193,263009293.24309006
138.166350796452,35.57450349253679,
138.14956917478202,36.141535912623894,143071874.998775
138.206168747592,36.369112343371505,250839449.35293525
136.71243106629902,36.8235202970316,83117992.28785759
136.82871995291399,37.459458226212,
136.256792464716,36.916171808287196,
136.00001427177,36.384251249662796,
136.40521652082597,36.5982642655542,
136.53580856031599,36.692485551816596,
136.62279922038002,36.78212850729119,
136.700135425986,36.93659744085299,
137.060718807375,37.5725021710203,
136.937489634858,37.5590706519732,289414624.70832735
136.927456188303,37.403046331632304,13863798.697483497
137.284884335247,37.223595194874,
137.13380317820702,37.3913451252033,152418145.77788404
137.042485064265,37.2837322912296,182459042.5657676
137.039982257904,37.1128326948984,170343768.95975965
136.91804793922196,37.0107594019152,243011773.75257993
136.837916499834,36.9088770571686,236707184.05254793
136.58499382129799,36.5199297064602,131252868.3805418
136.49800316123398,36.4302867509856,172225712.567141
139.594685941986,35.5452347700351,107424352.27321379
139.52618866906502,35.531238292156196,122324958.14298162
139.6023840321,35.469504734129394,82607200.79714993
139.47133297851602,35.418911043671095,53973322.03001099
139.536991145376,35.334147889167596,109630438.3084436
139.599544926039,35.370745101747,113461954.07014784
139.703572642227,35.433652785682796,122280801.7863817
139.764000248862,35.2373113427907,140310475.5176696
139.70073353616598,35.3348931533004,139810555.69274372
140.201720842425,35.708175913624494,248365811.20178595
140.11271092097402,35.6880959321568,205935760.42749205
140.058780707868,35.768861898419104,88418661.48085454
140.040326693454,35.8632142879032,107044380.17296617
140.232410813121,36.4234673909898,287935717.09872156
140.272127891016,36.552553592078695,148743631.68180275
140.378215244553,36.6194833557663,219270537.17670304
140.484342870729,36.582607116759,264622476.0907063
138.99060390956402,37.7266755668055,86726727.5520855
138.939398317302,37.6725720150351,141457708.1122872
138.41931531747002,37.2278603629812,183296724.5221619
138.36061985427,37.463727524239495,
137.800981730346,36.58479414470099,140323934.1249373
137.881985302512,36.5517886029186,120128143.03916281
137.892144419832,36.4237693357923,89292557.80604534
137.94218171560198,37.048572952182,116704368.978722
138.05044691799898,36.9886559324832,403452593.4237027
137.759244551148,36.949767497048995,168374115.28462735
137.75873984829,36.8368770045606,405160194.66654503
141.12690675791399,37.90735163072549,
140.73521712412796,37.041012684951,176497777.2755431
140.74785276377096,36.9134310393915,126119022.68414883
140.64188953115396,37.0646262943539,178791817.8294845
140.56909392477598,36.917952760840805,269702538.2275849
140.79493530504598,37.1997763673283,183370170.80610362
140.80600063840197,37.093704092283296,94240248.50936688
140.88910952001598,37.2267283798575,196513885.72979584
140.898696644541,36.690001699893294,
140.81715806921397,36.53546804180459,
140.81863627804498,36.966122446723794,34119609.92842652
140.756172505047,36.408106758873295,
140.595619695267,36.6601787861496,204037918.8506692
140.621723594616,36.7910635013691,241438498.29323146
140.707154840637,36.8101553893227,51444539.65862894
140.476808104281,36.8944456014585,182145811.2384818
140.72783546236798,37.403828275763395,164102104.4045213
140.71480866184498,37.2780206727819,105488392.6101818
140.63254640222698,37.1955620071398,133290486.8607693
140.39911498103697,37.3353498366255,155527061.1848472
140.54421191989198,37.204718392743,188742065.6964347
140.511679340142,37.3232321958441,235975598.2127179
141.555613449624,40.3931528460768,246165726.463866
141.64413040037698,40.3220839393449,151400527.17822498
141.237654372045,41.3864037707175,237428275.60352853
140.54484441663598,40.8824643023709,261436187.28510907
140.512027378668,41.04204991088069,212257981.00823593
140.128579570617,41.61864466730519,410236287.605
139.644702473166,41.864366727641695,
139.853041733823,41.778549317574296,
139.790997225561,41.364034461872095,
139.97926167723298,40.920787398678,
140.064035279025,40.623751738881296,264680354.07055104
140.373094943301,37.472058559386,157820216.67656836
140.28697676264701,37.5290801179932,211101120.189229
140.562998577705,38.0562157248273,219088302.19664088
140.28445441824002,37.6530919322382,94048955.90210868
141.682251611208,38.8223776503057,
141.58255133223298,39.8013719020896,380971470.08097446
141.69962679684897,39.801424664146204,244743253.8541561
141.79221666027,39.6685796969715,333920171.0778114
141.84268538955902,39.538252687642505,142410473.69738755
141.503878236996,39.6908532130638,254581290.4374614
141.531291085437,39.520354693620895,336359808.1751557
141.33374977487702,39.77588597060429,287003556.53414196
141.24026538091803,39.69174529551329,309894244.01970565
141.086403468648,39.7123181000271,248148329.893928
141.04967661836702,39.5492570710941,290631214.3610768
135.045336432435,35.141135288357994,152067279.7365593
135.109145557551,35.2083124859664,139037154.02082214
135.077731455942,35.31304868329919,112150651.30529745
134.924216712285,35.210999358252295,170330979.48619735
134.910784045686,35.365949495688895,291518821.18036294
135.000489664227,35.4008216231274,187102138.89925343
136.534124092113,34.3755084556983,109917771.55614322
136.597843506201,35.019656230478695,147889352.15875906
136.730450440848,34.73891230367909,454876519.68319905
136.331347988418,35.0981353397829,409379869.3559713
136.05329282338198,34.046950121151,200296283.62990063
136.157570141274,33.9707154983757,24352783.68329462
136.131493902492,34.054446970057796,102609441.26175196
135.40560118569,35.0692120390689,204791309.3722477
135.450286370058,34.9606268263428,257032549.07838163
135.45307031496898,34.7432436874974,108211209.84029531
135.446526966036,34.6396910168001,114446485.83728763
135.39508725718798,34.5492153019431,179686225.0714296
135.29207953898998,34.6024360839993,333059650.38129705
135.845247013377,35.4538663684557,141490324.11150867
135.800973754479,35.344624052113204,209334713.9466917
135.87076321816798,35.6517632177916,
135.71386952243998,35.134808883061794,108726657.58484115
135.792727359201,35.1287620438062,75052813.4765807
135.836508860613,35.039755270707,112454419.493287
135.803707587735,34.978295489299796,68186129.33195916
135.34956414662096,33.8584735143633,57884220.13690155
135.27655719471298,33.87825574127609,182451027.61157984
135.34645326773997,33.7877851509066,40255930.61707063
135.20358062976598,33.8415659292909,50555263.41299207
135.416433082392,33.724069824409796,75482372.82717568
135.348743535357,33.7187090358756,33809748.95823569
135.27887784929098,33.752707587347096,44751505.78471527
135.01326713635203,33.4859133781029,
134.69223564937798,33.5427999985386,
134.770941148041,34.2991588307577,82743631.1926391
134.881191151938,34.278205285321796,176641064.39882776
134.97658711472099,34.170090273237605,438902738.61107254
134.843873384088,34.023031184617196,
134.936757458085,34.576578726327,101840361.14198074
134.97702803062498,34.395987983207405,270920937.1344638
134.90870081736298,34.4699328823113,127954278.85947333
135.08982199343401,34.3882202903877,251933840.80848828
135.125256532959,34.526714824215894,298666324.1488497
135.05102757993,34.686183694734,186651546.25465333
134.982173609349,34.6804340437566,54989240.58002813
134.678782914786,34.2398456856654,74775436.1651357
134.82987181438497,33.7124567455005,
134.794776280956,33.8156115096591,
135.040819917465,33.7546208796654,
133.873169987469,33.4685376708474,116035423.07956855
133.547006050458,33.489780730329,63814510.49858925
133.706298882915,33.4358638385574,
133.789456656306,33.5641180921827,137104665.07898915
133.405375354944,33.686087291043,121436818.65541951
133.37837595515398,33.8288874705969,144646219.9376165
133.43690140868998,33.9070051410486,129766195.35629614
133.608985058604,33.9777386056614,96174958.338128
133.721224966824,34.0114280393811,148436577.34015974
133.763081650737,33.9454811863926,114731244.32887939
134.449748970471,33.7184831094705,106771871.7594989
134.52275356261498,33.7706932366023,41357758.207605034
137.391336752274,34.7735596299333,92562171.03064075
137.343836402784,34.853339840781004,80187154.01021321
136.75825664328298,34.304445672354,74066078.88417712
136.727464209501,34.3832918149512,93606776.14125408
136.810898225265,34.3606990794507,38812213.04514816
136.78010579148298,34.4395452220479,63662360.43214935
137.10909398937298,35.1651325430592,117340090.6469888
136.781599745406,35.0716296569496,164004944.99131134
136.84040591753399,34.9005543745221,27190696.75671179
136.508129845131,35.400292836678005,43669373.86209716
136.30992491427298,35.3463078263856,165300023.9117317
136.394301382449,35.468532996312895,291934142.2714492
136.487806937625,35.4884319135555,93203909.62177168
136.389587090592,35.241120072879596,317273107.40121937
136.508852239551,35.22727632006,136264739.41261786
136.524179446677,35.316249977471095,60236200.40733688
136.75696057623603,35.17710029783069,103506806.51313135
136.67850589582198,35.189698696531494,211721586.85026476
136.690005372426,35.3077610781126,124951062.14058828
136.792188433098,35.4071400068925,126560417.59053431
136.132511180754,35.86258336200209,122092059.25288272
136.12202783586002,36.0996539342406,169803100.94111836
136.198685915952,36.1116147200424,133640785.55923167
136.060963419579,36.0042741518394,153845971.44058475
136.06330802176197,35.9133191482494,113635799.82620177
145.183572230796,43.38587015474909,183873302.30027407
145.098409961208,43.5847133881038,113459418.37496121
145.092919013691,43.4916239133156,178690545.01544723
145.16478045682797,43.74129272860379,
145.38799013696098,43.6429793715894,
145.55301245641198,43.4126424462522,
140.88679471485298,43.152335762190596,104672334.44961707
140.74219486961698,43.19057553216449,169443336.6451446
141.07326443934897,43.33289565739529,
140.928664594113,43.3711354273692,
140.949280412325,42.0795160758885,
140.94492337140602,41.8683291923556,350244764.251393
140.74219447298998,41.9443787649711,72337305.98332305
140.813486246433,41.8656881818164,204536999.05937842
141.180787362648,42.26388635634989,
141.041109991782,42.205363550549094,
141.158381976744,42.5418186310095,320053661.17671585
141.004169146236,42.5445289866135,201832968.33749476
140.95999057120198,42.446651619329096,125685397.13320743
140.83351352683798,42.5234836986861,49619096.81127445
140.8917687474,42.4644346748457,35585723.12304208
141.552501214212,43.372258095091205,252437973.67398426
141.458696188986,43.506722909598295,210251455.03536704
141.485092635744,43.6564849145667,328976265.2108819
141.65283012031801,43.695318090527394,515085055.99051964
141.51477122425499,42.7667719970898,189837545.37961042
141.709851837576,42.86142070993859,236324258.40881807
141.667052384616,42.7521905843769,280893875.6911165
141.23502869130598,43.34323472405189,
141.368435265981,43.4188360264989,129054624.00699382
141.46224029120697,43.28437121199179,234174035.10754725
141.243335690523,42.799866235334996,355332897.33835286
141.068769508887,42.828096509691896,449821045.12043065
141.05409093355797,42.9980720474382,514181006.70863825
141.410805935157,42.8720441498217,212176850.18773663
138.922200407265,37.3625640785958,168400143.15190196
139.029345714996,37.43889853572001,90208240.17335805
138.97858388835297,37.5694918674141,110659385.67061657
139.042300959342,37.5530284579197,86520155.04709683
138.74495666341198,37.4448554952978,64802594.05477804
138.741798339276,37.563579636362995,60311757.319475144
138.81290488124398,37.5815461255344,116055193.78195336
138.88539926108098,37.514951143365295,118982222.56553982
138.841971024339,37.4221532767467,199349680.82558477
138.927922671648,36.9952500223416,275634845.2290365
138.90077223363,37.2620133573402,170675696.494212
138.83764213393798,37.153220730357596,195875517.20860758
139.11237005506499,37.335541459461304,319140249.01366484
139.227057815142,37.3298512778697,317510381.3465934
139.05313262939998,37.2107854399776,241170977.6156452
139.06666401612597,37.049963128817105,502776148.3647459
139.16371520336997,36.9178619919186,322494283.5315169
138.55304789954099,37.12906432057349,102906665.86704548
138.677530763343,37.0911931823994,156870950.08678094
138.959890141248,36.5050102075593,159694438.61104634
139.100262469278,36.711763919787,243712358.3631437
138.72086846913902,35.8800620909544,365836249.62516755
138.72348642398399,36.0311772729249,414851036.0782388
139.27579120464898,36.127179699055496,108578372.45959868
139.182957455619,36.1650824024061,249923136.9564109
139.29614292594,36.2664633262998,124918830.56189914
139.098760486158,36.295606426365,158859838.74157324
139.095459169656,36.397125769082095,196112698.7319915
142.475685976503,43.74115380416429,167253469.60927764
142.393715041083,43.8410214747318,244564679.90663892
142.24526174123102,43.780111810307396,196995582.18606186
142.345664663268,43.61222392110869,219278964.12167278
142.22895358220998,43.6575527564385,256530305.6472191
142.340911015347,43.478151154059596,308974434.7998413
142.440539434842,43.1562924881451,270808827.157579
142.279744142646,43.0792082560059,
141.887878256487,43.0508389508868,461104566.4566472
141.743701942227,43.1465368001448,265981620.7772658
142.10941470062698,43.168497925146,
142.14374864022298,43.36441344830099,503069670.97884625
141.893006676927,39.81413593655849,94666327.16880977
141.880554062313,39.901126145334295,90819138.20222169
142.343846888397,40.532961550808096,
142.33139427378302,40.61995175958389,
141.73755372377698,39.9805166968185,182582099.7208135
141.826741334124,39.989144253643204,180070681.91553053
141.817739717709,40.1401161396114,104653299.97748736
141.669450181479,40.231508440800596,234379276.59276932
141.631231263753,40.1211261697983,316475122.4696917
144.340671252657,43.7186249376096,212708183.78634873
144.52278224973597,43.5529516435959,134616685.511399
144.54191393637598,43.6245841746264,149599899.48802665
144.30966285713998,43.517257962321004,184862310.43510544
144.19842290891398,43.623986605056004,606829959.4674138
143.480159829072,44.040684851397295,311433235.91773397
143.401972348602,43.870902265020604,243911638.62369958
144.53473799737498,43.02743871981059,236491927.2810061
144.589974013221,43.142009729230494,235006710.4170273
144.458615087094,43.2254559181104,160136127.04170802
142.62571951498197,43.5517101707556,262701521.78431883
142.492711747089,43.448172926182195,245299321.65006742
142.520894005248,43.306650251865,265011491.04179367
142.659007535847,43.2497437520841,292168001.37475425
142.785520969905,43.3058633502297,290224998.15335006
142.78041520719898,43.466307094583996,361085420.31172293
143.039502892506,43.2860787885504,187685863.20560807
142.913742219831,43.219104473318396,161743463.75265503
143.151400514958,43.109673590834404,323605535.8313045
143.156894325522,43.2521961358212,195298660.7060711
142.904261068041,42.455610394362,
142.74265320710998,42.21440971517549,156891363.62436116
142.89816265461,42.2314979388489,195168235.35917583
142.562849682594,42.355504275975,304926559.6633533
142.55111912910002,42.569785291397096,
142.73702106704698,42.6528031861107,
143.06152864304397,42.8095412794005,194642902.65797582
143.01602001436197,42.5962743558924,
143.55646662762902,42.979989524538,227840721.62111244
143.727168102441,42.7874393271501,142054349.53379667
144.22900239732598,42.94015451477069,46790157.52318804
144.129736781547,42.945618285339,94949938.7570858
144.418833582309,43.025105160523196,54658291.522435255
144.383202312459,43.1149871060964,181864518.12673372
144.162642317331,43.259799832042205,308824937.15983146
144.25989179474402,43.1053932599103,254501325.1212684
144.196257448815,43.020975084905395,151422339.18622565
133.975257950985,35.3714101722333,250494317.02745193
133.618832623749,34.990605529172704,282082410.68150944
133.64638692471,35.148344764004996,196100940.53081825
133.675191220659,34.5003308862069,231879915.5022584
134.769661969305,34.7113294469073,239189983.12519777
134.73844157498996,34.8751015807227,145554751.0451023
134.65750984897198,34.9775885616663,170550126.85808176
134.635000836765,35.176662071991004,176155131.05422357
134.694691890396,35.0771193099294,165531279.82980907
134.03568202463998,34.5013074192105,135247024.67113435
133.93649706412796,34.081727311417495,107936396.981778
134.001639165933,33.9325656650739,107978565.90864195
134.76598317055502,35.542493608512004,188186931.26372582
134.81301965976903,35.4404027226216,192689521.40752348
134.649397416963,35.5028526573369,124191989.99550179
134.61967734593398,35.390244533942095,113743127.1208669
134.698338992316,35.349632436224695,184392951.1179956
132.992616744933,35.0545856518539,220575272.46338725
133.261686671916,35.0302923827571,261560577.78429082
133.013145578511,34.8056873445072,361055495.2412893
132.944672409846,34.9265951385186,270701223.0390334
133.06874892762,35.3098619576703,199723453.99598515
133.089271891785,35.146403325834896,323033245.7491262
133.193631034827,35.1360581507892,269330742.289688
133.26652428810598,35.2998708452148,181228033.00411576
133.209648766227,35.43284428654079,220935177.02440646
133.116232548783,35.4324902239506,136363219.80239123
132.344132669826,34.5004288040808,163708495.0891015
132.32330622934498,34.61036808238679,151733814.79621002
132.38613781889097,34.716099139223694,328569579.50120753
132.47376439535697,34.700072988665696,142338240.76586947
132.53809045210798,34.5665804265903,151278120.17254904
132.54982240879497,34.4537711479797,162423690.90714508
132.48490315803596,34.37670623724149,167084610.56183234
132.406371065364,34.395602388104095,169727910.74250856
132.751572888396,34.462658360836194,207689037.6599772
132.847945030218,34.668724572154204,94087164.00068143
132.70655750371802,34.63659806512619,308347412.9123421
132.773635268604,34.7430751760169,209229478.01302642
132.772751033703,34.1146474517409,233195538.27518803
132.81735473955302,33.7961872012842,197262583.67940152
132.741470982021,33.771556553262,179672665.0948615
132.655177942188,34.0677062616627,237864503.87863266
132.65251417525798,33.913708775618105,358549691.9676947
132.88135269578402,33.941860038543595,254525372.44643024
132.87226735440902,34.079703715797294,204684499.2259573
131.47247249789402,33.3694045264866,238182198.5868983
131.26879118139598,33.251887102737605,130556295.3080759
131.31873308003998,33.3883002810555,87495404.49984023
131.395215947655,33.4318218331317,241072969.7370036
131.325997410201,33.11065698949469,102189962.33125143
131.266926914508,33.126990956268,138281219.58817312
132.11222614946396,34.082027783034,124650479.1786573
132.21408372935397,34.02199144560149,319558036.6754925
132.18102714867598,33.9069152883681,163023394.13936898
131.828023282593,34.1626303593036,201324812.3526881
131.93381459573698,34.127563229367304,211926202.91311303
131.98419437392198,34.0329018384531,140422393.42322826
132.006600416427,33.9515288345673,172709697.33380023
131.687215371459,34.095356738338495,229004769.00999436
131.630167263507,33.9206812206372,599115824.639722
133.23457627656,33.74015373519119,298378493.1202398
133.252689195087,33.58987688371259,211860769.3148716
133.274552018586,33.2751201978624,82279689.78316428
133.54599099863998,33.306611609073,
133.44111715707302,33.055561806564,
133.183112233479,33.2110359169314,62323729.91900078
133.009054750968,33.055663716038694,79985471.53463405
133.13790294486,33.1473302894646,69465663.23078482
133.015881608214,32.9775283263591,59376463.89540597
133.004941762308,32.8990384931274,55619472.70364529
133.083832349127,32.9941145355723,
133.011628283589,33.2369104508859,96069863.8205364
132.89554600631098,33.152916493454995,81662329.03562145
133.00002222431098,33.1229592211485,67935016.67320468
133.055666522658,33.160128778821,105607433.17806475
132.882534280947,33.2486129231883,189162171.0585352
132.942972259878,33.2954373229467,32319149.235806394
131.361355294059,31.9887153172158,192131421.04317257
131.421253187004,32.0643771612747,37993181.59919315
131.436641771325,32.113931212374,80140513.89297284
131.17881033371398,32.6241114065856,322918293.17685443
131.09371941032398,32.3283967563414,210217879.22967678
131.027699406318,32.4714842754918,323679091.61042297
131.065331529396,32.6208875796672,182631422.20470852
130.61372442795602,31.3664001209592,181465207.2696541
130.533080693136,31.038923004279297,
130.730435152383,31.191605310855,157880397.25553942
130.72255069757398,31.3215748276035,310089074.71485573
130.480430735325,31.2892208539911,239976499.78923464
130.39190254569598,31.091713254059698,
129.948478512534,33.447084926669696,137198127.16825148
129.90208896528597,33.344759387246995,102881499.20513181
130.03077937162502,33.3857346496443,147623714.40593877
129.984389824377,33.2834091102216,135651770.60258776
129.925284892128,32.81305436240039,80185061.70249525
129.957115392093,32.6727173338401,139283616.21987233
130.02535101118198,32.8332468542826,186685515.49400303
130.07042055044397,32.9432925076167,221458484.473316
130.16429313557998,32.91832833795,192921396.1620342
130.102604378406,32.2936775512758,171218712.87840405
130.07111856063602,32.402819843955,178263111.29946613
130.175273324118,31.775254755740097,
130.20460827033,31.676642631272095,
130.25023170753002,32.00274626498069,117410870.16612722
130.29534512907,31.8033395263155,144887510.07682982
130.349176655379,31.8671534986134,118313933.93165024
130.333398180051,31.9679481128106,200614241.5580298
130.47833699472002,33.213249540213596,139840412.7996042
130.53741403642502,33.1178088629025,107266121.88679938
130.616126527722,33.1944249048654,138631162.166056
130.582861397901,33.3411576394578,234294720.01377338
130.497324039159,33.3475778433732,151694457.17111698
130.649322344475,31.7274726984237,120898361.50524482
130.685246128404,31.8046083894165,89959470.02815694
130.68563418292797,31.650073878079798,49875813.98437745
130.747019917074,31.647833369819697,98341513.71048614
130.76406255263998,31.7357201959248,75024232.92883949
131.64216197724897,33.269244158191796,136664925.64412498
131.50396700812797,33.094730031016496,251013046.72227952
131.491914503499,33.2741126356287,146929041.97838175
131.423786550309,33.1837827971826,205513460.7891462
131.641995620553,32.9751281723985,135421070.82409364
131.62541590869,33.1005164623155,205536161.48000106
131.695482924621,33.184700751044694,159048927.37123173
131.10793093236296,33.063510119653195,128616301.35985461
131.11716680201698,33.1700396149716,108775530.81827578
131.037745441614,32.9778196772211,99060289.08837315
130.96905753775798,33.211216702851004,125682462.12444668
131.037516224538,33.2377800175872,135771684.52223608
130.937338779951,33.0995113838334,163647187.80469713
130.964163577203,32.9929125934452,204136751.6717811
130.545077576661,33.60026150747971,200757656.27350938
130.62093403359,33.6819632328234,226828703.40164843
130.61986512049202,33.465776379337505,210471164.4798653
130.736629379565,33.651880590721795,103334928.37413202
130.72211902407898,33.454138364922,184395301.68036696
130.76302682622298,33.5585408509626,135119316.84480503
139.399580784453,34.1861399904387,88999250.45223181
139.384386594024,34.3897876699674,
139.306755367923,34.5226292288163,110911414.23405325
139.356117657867,35.1351530896377,
139.19838587262302,34.8639134969763,82708720.15463604
139.46247168140098,34.8987867333039,127524865.84296289
139.473155092953,35.0871470773857,
139.10351821367098,35.0014731329703,20730933.34617892
139.119913014027,34.9789601084979,22096978.569861207
139.25778221572799,35.039811418091695,
139.213941256929,34.9179592935228,160020881.32315817
139.232669660568,34.4047528313016,32882536.23569361
139.25750560672498,34.1991269979414,297765470.1474433
139.301953691472,34.256816937703796,114688742.67214195
139.114458572859,34.7130144333918,340011091.7940709
139.030861720047,34.8473689729275,97497602.66545463
139.143313553739,34.5312481958334,
139.03278941392497,34.5909990681486,
138.757141748115,34.754266998056096,13168050.815443844
139.05755498378699,34.913498159014196,25467687.913429625
139.086205925073,34.9486728108639,7105060.0165654775
139.094566238958,34.9190206533762,19262631.827506896
139.06981112471698,34.9711858353363,7459710.095774885
139.03603010982297,34.9869800457573,24834654.366686117
139.015413655008,34.9589445269229,26275618.319056034
140.28667039328698,35.228985297145194,79653718.00411372
140.28676763689498,35.1759904681581,14308370.137996927
140.24152326511796,35.1910358398038,14992419.663286986
137.64956664003603,34.7596869746709,20720097.091562882
137.63392644754498,34.9472715263397,131606468.18945427
137.714734195962,34.9484945663568,167729543.66486362
137.757179567667,34.8811017019839,49962865.3937584
137.748464432601,34.8316037692722,57715492.41711751
137.73117058549198,34.786056009503696,36316308.0724801
137.69416923933,34.7724591123294,37549990.13797046
138.432525699633,35.1499271167539,160843961.4375743
138.45904866373797,35.0113081270392,56483612.915272415
138.41005990310398,35.0502916916262,87417395.43830658
137.911026121473,35.1661876058757,125323326.4779892
137.98199299074298,35.127669005121,150149963.70296267
137.90126544430498,34.9548090098493,91258345.37007295
137.875252142562,35.040933744181196,157045649.49236193
137.96758765808698,34.9332682294761,50354788.97600299
138.05552260704602,34.7495105987436,37719713.23527239
138.11974473085797,34.8468088866084,60763696.04123873
138.043318780884,34.8033267385914,54960678.71071277
138.237529027917,34.8879876586527,72291260.91812906
138.304705982883,34.93502013360149,68646209.95707028
138.31846560345002,35.012608565315695,75235230.88941033
138.033483141213,35.151797723341204,119904912.6284707
138.068179751205,35.2441854933069,285682633.2649482
138.177582663153,35.205467594484,106011001.2067051
138.087389996655,35.0273324911092,28826617.404993344
138.61298969476198,35.5656252861129,73097319.85546863
138.689894983464,35.534379604993504,177543658.280989
139.178131131633,35.201188909062,143607891.27385026
139.235390721768,35.6019973952049,165513041.7947391
139.214303950656,35.503594182177004,120903635.74741066
139.03905043776,35.578272460935594,98436000.54266241
139.188603081,35.7357864869577,138217294.677624
138.54056298815698,36.2015862973182,172777307.0603495
138.09555662991002,36.2858452365816,203083840.1042666
138.116146017432,36.3934291251168,138178439.10897553
137.96384598562497,36.6207418719021,274326402.4068963
138.02387142581398,36.53830572267479,109311424.7901022
138.076231242642,36.559472317137,70291132.84561217
138.049291993503,36.83728999792379,282615168.2579101
137.940522088248,36.784316525134194,271994216.6574848
138.167145353655,36.7420609347825,139782400.31338808
138.141237924657,36.628139050776895,132027341.0065797
137.90026977721496,35.805555285713396,158840945.22369036
138.018252497763,36.2960315761791,95003015.91365838
137.936615745588,36.3368657523531,81458274.97046873
137.98648206845698,36.3824488702521,97328063.64849898
137.74462652643,36.2870900260902,
137.90591790234598,36.2596305053169,51240292.94622469
137.80078654653298,36.425443891986596,169881961.5951635
137.86144657658997,36.346534088756094,51689463.908494286
137.639337226413,35.219819759124,127946416.04300833
138.19504522338897,35.916594932304896,176724525.589103
137.99400357623097,35.8391798922498,141106208.7591082
138.02550366923998,35.7167085629409,137026014.80352193
138.136328455653,35.759932818416395,362922445.2382104
138.10931314412102,36.0315305279292,218508673.84993523
138.345076732071,35.3481701751321,202125110.0657841
138.301980472128,35.536990505544,
138.47094779703897,35.3615032400256,91756150.14972118
138.531286275921,35.496985888405796,102905675.31218077
138.524665644717,35.4209075823306,80808541.3603578
138.28785947103597,36.281582328915,104806170.21999414
138.428260372875,36.2218247679354,97852482.1942562
138.33333704949,36.13564985062229,210115625.45574975
138.25184928574797,36.1615897867026,135453530.28276864
138.37500390238802,36.338737471162496,95696377.0079716
138.433917040485,36.304919846263196,65925702.99762525
136.723662223071,36.687324450978295,157002799.0042906
136.673561183676,36.5382027939687,243705738.69694468
136.76375817974096,36.4510339127286,316465242.8911067
136.90593243422697,36.5441889476268,245539936.10788903
136.930271533407,37.343288240705704,115704792.51989624
136.965902066664,37.25689050501,152104985.59378296
136.825221326145,37.2514593941754,152759801.2538228
136.878831904551,37.1130585766413,166523124.85369447
136.78640482485,37.124253375716094,164599226.44927263
136.91238240916496,36.822186347439896,224533377.48280445
136.931119425276,36.657091547237705,112111769.87219323
136.839046210185,36.713058169349104,249283754.73799434
136.53682501865998,35.837241045487204,273758393.9854705
136.835528928615,35.2717073221821,85697878.3584596
136.85925730887297,35.383684649662804,141359004.20425534
137.13165897598196,35.29880632467749,104336606.78033611
137.02422367391998,35.310208393023295,110615095.61511989
137.455616340339,36.8397356333358,98568338.08030137
137.439839534844,36.722996559744,187027812.4417692
137.60894825228098,36.663145536778195,175999848.4515271
137.515317279648,36.6696718147518,224696424.2269299
137.65270978902302,36.4032779224719,
139.78219985871897,35.669459353001095,170918200.21275482
139.786434095253,35.513304423389094,375566865.18223107
139.977741869229,35.7028072932069,92469006.78781678
139.986599080086,35.5899245472771,152987839.5516557
139.912414509285,35.4747684263742,361145716.6481085
139.888647042936,35.7950760970704,166362201.64519852
139.959287854815,35.797159682691,112360564.10265322
139.92974073648898,35.3345640612129,153327594.30202243
140.03682088407,35.3417089483194,149029091.16156605
139.908137243721,35.1772554919764,70112013.24679439
139.86049228536,35.233216365996,104116152.3538841
139.986695833743,35.166640251606594,59940789.360159166
140.046131022963,35.2297460127327,188316948.76546612
139.735292933214,35.94451716846869,83743366.97393674
139.848902704434,35.9454571701258,112310082.75680017
140.29282668759598,35.9028083031057,280507958.4209465
140.20701521293498,35.8705580977821,178758364.22059214
140.530178570034,36.351563587422596,176310813.16315562
140.477253973023,36.4497349496379,176718238.57155013
140.207975470233,37.4636795263731,198880490.3694274
140.00025637088697,37.2663649781346,309475388.7793309
138.52226583138898,37.218856494791396,180302284.9160334
138.480242160843,37.266995544405,11640802.186085368
140.891466220989,38.014324430708996,159527564.87445882
140.725062543021,37.9424215000545,172646813.19959772
140.696793336891,38.0694560253315,214548836.97192115
140.724613191294,36.1265173586295,
140.649491627535,36.3976812738594,
140.59113940000802,36.2219382422535,
140.70036953256897,35.8161196451718,173425868.75125098
140.52151556308797,36.0321178815213,281007844.144973
140.556975586731,35.8417757213076,215875521.41297212
140.47569355907999,35.906138234412595,214016822.08678344
140.210338683888,37.3560531667521,98180290.07783407
140.114019370116,37.2770201481777,178590034.51884213
140.49308231669698,40.1392294866189,295054025.65672016
140.469458459319,40.4705740201851,264575470.50464877
141.334720227822,41.284671685276805,235714903.6480775
141.308181955248,41.139198219411604,166107216.98610917
141.50132557895398,40.9861760984874,
140.97216695010897,41.369566085321104,259013165.37926385
141.08307901446,41.318062761168605,232438811.40033746
140.64284930183402,40.6204298617689,187044571.8487052
140.101052436939,41.102129767294194,
140.39791766744702,41.0682146738094,241254779.0638179
140.352696203379,41.2978084728,
140.202672690564,41.3915654464983,
140.49239587868098,40.742852400957304,158812330.24244624
140.53458700914598,40.6140236341224,90707457.82805943
140.436520060155,40.5703305565338,109825018.62233372
140.371392476898,37.6755409207815,69096236.606694
140.420458009854,37.579208939943,108692025.19876377
140.822485959705,38.1567464907453,145634554.6484492
140.73314625790198,38.1605604296466,146645054.54870793
140.964678379041,38.104361142804,
141.153602381418,38.1285307925973,
141.237347492736,38.3267140609551,275459102.29329467
140.694393433572,38.3412589136577,177644369.43109143
139.30397816900398,37.505930095226994,607480344.6199768
139.443025276236,37.4836390985496,214112528.6473667
139.546671200607,37.9589563107414,
139.39427870804698,38.2469269367988,271375487.44447744
139.557231201168,38.140532035019696,217199738.14458898
139.435063719138,38.7342198289695,
139.240824011718,39.1450888506249,
139.090803791907,38.6528978259831,
138.96718786806898,37.8047260616421,126210011.03588146
138.90455614520098,38.2232447735853,
138.644024660955,38.089221320937604,
138.766464335763,37.9084541841258,389853005.3033246
140.516027221977,38.603042959635,399848777.1828992
140.44401764365497,38.340672240997506,222438836.69404563
140.56455309557097,38.4209242073316,611882000.4674497
140.329506489249,37.9535086009002,310897814.4604568
140.069559539877,40.493352036489,409981526.63274384
140.40235816668599,40.2558068087208,166994440.43721297
140.36464087212596,40.3864165361085,442025733.15832514
140.181397631616,40.3911996020874,348727121.2342315
140.099302028664,40.28191447569299,95902220.0746809
141.706848594597,39.0059973171693,3795408.458468462
141.761959432962,39.0632175332421,10535792.61305907
141.63724801201798,38.829902322763196,
141.58088902848,38.601587692176295,
141.29139470747398,39.1154402907774,168962340.12791333
141.17600249451598,39.2320656514083,218975850.0939356
141.647597160333,39.0470985023064,69845422.92835158
141.459889609632,39.23470462748429,227789009.00840545
141.415241374902,39.126259409423994,243191881.09068954
140.92337124350098,39.276165969268796,317729925.0362434
141.06827297854497,39.1959477508929,248258422.93283767
141.099561429387,39.0737757669798,123512422.76241186
140.87266030510202,39.4186351075968,274026759.15233696
140.937758088006,39.5352207372012,270677216.3292958
141.05114547813298,39.83114307300809,167309225.6338436
140.964482705277,40.0309198040037,168576955.90576503
140.93717030679,39.895714279574996,335271420.54265726
136.53751724942998,34.4628251271579,95124860.07450648
136.472036688141,34.5201168990744,98421331.51015083
136.622098720437,34.486048013636996,82003001.70460361
136.62479920369498,34.6468188506121,356596473.03097075
136.410325543206,34.2602922804681,72658720.68018092
136.454162935695,34.3310080778478,100627865.47666347
136.704527970021,34.95273076969409,133069308.80833639
136.779936548409,34.9762587833241,81720343.70087545
136.82580759084598,34.9274216158626,3192939.847214957
136.827438364419,34.873747616132704,3375849.4515329115
136.762319346972,34.87688649388019,74325619.34730054
136.383891253566,34.959969177114296,166150706.57169703
136.21618441926,35.094790882928706,185663243.62208718
136.07381281117802,35.162958581143805,137094914.69124633
136.138611220689,35.22419160622889,171696709.7016248
136.011059963757,33.9078509371272,85780582.80974968
136.04959684301699,33.9453546770448,81401640.80822249
136.026779235006,33.8088970348404,21232396.42810611
136.07706763233,33.84499579527,40635488.35702025
136.120086140049,33.9088810897683,11619123.313665908
135.37604584152,34.8650771995944,153923087.28995007
135.394172268696,34.7809059485613,63092645.42439266
135.281032593795,34.85647478358871,117065635.59341079
135.22980172406102,34.7598839369727,84728881.26912497
135.284621201565,34.730574059920194,77779190.45574732
135.569195774595,35.1660241742205,75730075.67492765
135.48010265146502,35.168892091733404,191502383.2671869
135.421809771336,35.3603080152267,178533800.03973576
135.405502715538,35.2541761888041,171227483.55585843
135.663822850941,35.27466224166059,228446251.29924718
135.70429659316198,35.385114614318695,188083795.4515115
135.77594188458298,35.631208376147995,
135.390526476645,35.5655449074849,
135.58181841887097,35.7197929814682,
135.67741626479696,35.062123475996096,101160034.0730652
135.72347282867997,34.99461685533329,54609432.47838568
135.60782977080896,35.070271107818094,71017839.2540709
135.69419248700697,34.902859933276495,110565740.83309345
135.603727984362,34.8646492587261,191143095.68115878
135.563421832047,34.9645538126049,151133569.4768929
135.465132558624,33.6166404257574,66218550.601774
135.469198885284,33.693658443852,85075475.84161626
135.530504550771,33.727106458716,48321868.013516255
135.552068757468,33.5654953754406,103123070.65740542
135.597295577667,33.6776721709725,86434626.43403377
135.622926111024,33.593079105791695,133627161.63225356
134.506080753396,34.1464231555194,131618688.20675474
134.45684422754098,34.087054681960495,139650449.47137037
134.38746206645098,34.0994144768574,87089289.91013065
134.66329188071097,33.990068383227,118250988.82076432
134.642371306311,34.1039133655902,170442584.1692277
134.58357818621099,34.049330911048195,68387158.38744222
134.61480533985,33.8405750703867,49761522.19287144
133.86420330756,33.5907026141313,74770824.610876
133.870517499411,33.82048030306439,132302100.07868567
133.82628201006898,33.74558497034669,162108136.13431436
133.876609646802,33.662953931276995,64149047.98429877
133.96553930628002,33.8229138616842,96888229.48750655
134.0243412255,33.78815449430189,106935305.05131751
133.50031500003,33.5635366976613,68937638.0587241
133.461498365415,33.659929402426805,127033161.3149485
133.692973292274,33.84945889291559,93009255.88531706
133.73421572428498,33.7552948125987,139889715.52784222
133.709796709764,33.646079251580396,133362088.9406969
133.63421720846998,33.604415722016704,133388405.61414078
133.577953128774,33.6321689707476,97024390.45761594
133.614692641122,33.87227213969609,135964595.76381314
133.54153893722398,33.83283723458099,151612210.14158103
133.53913649415898,33.728561675513106,177097020.59458822
134.34076480997697,33.7589443816053,109396784.83587906
134.401786830498,33.769758846384,132653141.18967205
134.430209031327,33.8948089617885,76166379.20095997
134.386020197319,33.9864702744072,98029586.70172533
134.310337583004,34.0013787974058,147117580.98089573
133.975591804263,33.4302952718031,12465525.163581453
134.040808208637,33.4274203706553,46254900.818991855
133.931565673983,33.5152578050334,70421627.92596227
134.160763758549,33.71925851592209,163762536.8562336
134.216302557447,33.6369957370227,242485057.163678
134.040576398487,33.696920777919296,150217747.14219972
133.977226190808,33.6461669244789,95912009.74181095
134.05771142148,33.5062137851925,48041133.717302404
133.999311808692,33.5479384196451,175175041.12678227
134.208060361749,33.392920203683694,31147583.93023195
134.184327035319,33.505463385906594,148525836.56900203
134.12383764153,33.495247676912996,62494102.55212613
137.507528425278,34.866918981731104,84725854.51079178
137.60742535458598,34.778580251154295,74995161.8992575
137.58696596073,34.8570920181924,74348594.56003867
137.176724398989,34.8738317700498,91169710.33236066
145.415775418155,43.234479370341596,109403260.6931999
145.315742432454,43.3547438393586,378724834.54062796
145.55651501612098,43.26647554407089,73436351.53473443
145.45648203042,43.386740013087895,255401613.6820014
140.79085975264198,42.1758886873302,261263363.930774
140.814467508297,42.3195192175074,201812636.03686547
140.636323921104,42.0619365813471,71424491.12300377
140.71521093828,42.043392386952,75486576.90109281
140.756212287735,42.3785682413478,248507349.29049367
140.58217137356698,42.38538700140359,782217093.8314558
140.515922689098,42.2344773125484,202326361.76034373
141.62677496609402,43.0896016295646,171337268.95883924
141.601907233116,42.9774584120079,150812700.96935356
141.498550266513,43.175351684701496,207964601.06999317
141.455142491058,42.9735004391781,236565240.92724863
141.377997496329,43.092187819919694,277430239.83593076
141.179270501016,43.181939591844895,102221933.863508
141.160730458539,43.092231563878194,116742348.92931968
141.26573428377299,43.113121321360204,148307075.62675476
138.923078626101,36.6055602168861,124704217.5492762
139.01497817856,35.65894894614689,117635715.73594587
139.083753127044,35.745840098496004,297900780.6946096
138.844364148336,35.8066609231386,229295816.1587101
138.900593188203,35.621057794641,120625369.04245062
138.76581407746198,35.713200373128295,126128891.18969175
138.80544486732,35.629779998000096,267132936.46543825
139.161825762333,35.9546294328078,108650861.64767542
139.12331131083,36.0714917274096,240795732.56846818
139.056576494979,35.8713665922579,187320241.7934857
138.97120329648598,35.8866581932782,140047797.17748493
138.934267240461,36.208531120766395,111249339.08095887
138.81305992573797,36.19706415724409,108203925.87314357
138.833273304198,36.0873737130522,218554534.04990587
139.004353244493,36.1178264948028,195271685.24393743
138.95749449750298,36.0162558012213,163560280.2045765
141.690368626092,43.4135752922916,294087438.47218645
141.781747403967,43.3283155974471,307828933.82689434
141.76430108544,43.5868732827594,214276627.5796432
141.960257657823,43.4285332713441,430059870.0098764
141.936131157381,43.6606801290033,247438075.53938097
142.04070895188897,43.5875998124325,312317807.736296
143.492870451216,43.5524097184605,339069877.68243456
143.483449030119,43.7592074332875,203450038.11684182
142.983803892963,42.9143252559549,258243418.64041716
143.008493630409,43.0369764576081,268004635.16741654
142.888226768298,43.11252468736289,151223620.5927722
142.771055263287,42.8982511241955,368885621.4826378
142.73466613923,43.11043050113579,166585349.81287023
142.642184371665,43.0188081396216,400415300.072795
143.30037538931398,42.4489719609384,286111013.1833696
143.158017356541,42.3647632953138,242590470.44473287
143.082109231446,42.490641870863996,156557740.75694054
143.52222658864198,42.874204208460895,161084778.3458711
143.360585551029,42.9203720212179,305207343.96165997
143.518399218084,42.6752161442574,190216359.8167666
143.58319085160602,42.7581065893839,87957124.98036242
143.973281515305,42.9876545449593,204097984.70801598
144.039802182573,43.0630113445257,143764110.76837662
143.70403682913297,43.00434242767079,439444890.73081225
143.813774040981,42.92788984935989,266107570.25594208
144.02164156215,43.216056343495204,327124555.01745194
143.67300187627197,43.1673688563975,224377659.8422469
134.28066819357298,35.2387911071328,113456158.59328791
133.77388944984898,35.412171564353095,195723384.8693555
133.710899669457,35.342097154494894,118855866.75849813
133.72254140849998,35.179633968438296,152657834.60905766
133.829970077892,34.6323730406709,171864394.63552856
133.705145294952,34.70550147009659,179117824.08891183
133.69764127209598,34.8467587892853,248170295.55815327
133.909280776029,34.487987099709,149994613.7378313
133.828734411471,34.532546646642004,156502779.49567306
133.764765182367,34.4635917184911,22668571.046380814
133.73248387415398,34.1049920593767,183691923.08799803
133.616827500948,34.2746610297828,
133.66120880904,34.379758718962805,269083987.88394815
133.82513693125497,34.1370199126044,147644820.40610608
134.42376734555998,35.1233470410273,216716446.6690119
134.512531631577,35.121618135935094,173244321.10412923
134.38985637033002,34.6307622604317,238603703.67912143
134.468576237556,34.734897712178395,97916091.28293836
134.395628219754,34.4499049196412,
134.492558525754,34.3497269297754,
134.606467567044,34.3885670053794,
134.563084229145,34.7694599199453,51266717.76884769
134.691774658815,34.4957260107405,389485318.3487255
134.66660175969,34.6723054836939,463114401.7585123
134.571639566859,34.845247980714596,64402040.144601
134.58349554780898,34.9484516539818,121273344.85624775
134.49820838404497,34.992938466188996,161950625.04966468
134.47713157527,34.8106857729477,100161403.77248642
134.428266252291,34.8816062681889,184186911.80274478
134.052601485858,34.4008646881548,145587236.3739714
133.985951121561,34.164781370181,135327476.45092735
133.884878099874,34.3998736636005,119610952.88978012
133.81221703670698,34.379190636110096,38132500.4488227
133.960414568805,34.3499979196737,94399887.43331131
133.936025254647,34.256245056230995,97480196.55899742
133.784997102306,34.30547310226739,119837361.14028364
133.83326885131498,34.232403266315096,166865842.22412008
133.271386311855,34.9013776228557,286800730.8888367
133.43065714651198,34.8567963337638,275483303.03134084
133.248828204558,34.6840129471638,195685951.80809152
133.175148696579,34.7944179228954,309863029.28931093
133.47455552956802,34.7086224459678,333766206.2070439
133.38896420288998,34.6427987593281,156263261.8840515
132.969897153786,33.9167344796841,161941213.10132897
133.07486199958498,33.957657290993694,190128614.66232148
133.12950631793996,33.8000823620625,274029662.8014558
132.987459147411,33.7387654670319,233983274.8631231
133.06839979586996,33.6756136401795,192426271.24727175
133.122090756237,34.0804306650951,371790529.45695174
133.26264568933797,34.222262517824696,
133.24213154762398,34.0452260575746,222489995.6104287
131.683678098555,33.722136359109,
131.679454264314,33.34694277088679,179569057.2552589
131.83199299891498,33.35298084301919,355210410.29702896
131.587158624801,33.4385654093733,126034278.79072438
131.57907079366498,33.5456684446653,149324395.29077235
131.939279859156,33.55512118329689,
131.86892356215597,33.7803717429882,
133.08244629774597,33.5198205457137,88613346.47756869
133.135569121599,33.3163365134853,126279703.6135901
133.18632317901898,33.4006511578443,125733999.6110793
133.161665738343,33.494012416118096,170508397.80225214
133.022296659978,33.421533634721094,102008888.50021951
133.050762043155,33.31141086076649,141181256.5276425
131.289623081331,31.9820653472793,107709778.26360163
131.24926557081898,32.11663770936389,158806172.99176228
131.199991782024,31.9331229913377,157194790.39289352
131.159634271512,32.0676953534223,238402267.56814075
131.26726836036,32.55321267016829,190425601.5841953
131.394525456711,32.5866786935646,141491343.61299208
130.053241418529,32.639986203947096,161793200.9621188
130.08031882718402,32.7303664423527,169497203.39762488
130.12688241369298,32.5063672488456,112289246.67702621
130.274955608226,32.237369149345795,291238846.707823
130.214705213868,32.327018275203294,127725849.39521219
130.407263362794,32.43245723191979,219550283.57181063
130.384004048958,32.27139343124399,289153356.5899999
131.740973328459,32.8236600947211,238146438.28938645
131.738163436143,32.954373729717,268028875.02901465
131.87756657443498,32.851701537962995,178692029.52315047
131.89130650697098,33.030156658999495,270439124.892243
131.794437358188,33.0834312720054,139101296.88875625
139.23736944054298,34.708436202594,321871521.3330226
139.2741865218,34.7966891710812,71937694.35736044
139.34031012877796,34.6445463625503,105362576.510233
139.39466669591098,34.725175112535595,28549044.141209412
139.377393936693,34.757716295091896,15157317.494951282
139.107236808441,35.0618554791318,59037674.68478891
139.04152129398298,35.0863659345078,92948837.11410737
139.03064534502,35.165912496389396,77622438.82639414
139.086822320094,35.2173850779498,52792696.06048005
139.1273832036,35.1490958802192,54231537.0994031
139.143773504406,34.253832299530806,9232669.020447897
139.08203715865798,34.4205375373398,
138.96349849370998,34.8430742511093,76319795.66407768
138.93657120670798,34.7684705838888,47312109.214549534
138.71220074933098,34.4671838065797,
138.591624948117,34.6310061067113,
139.019612188446,34.3461161202258,
138.957875842698,34.5128213580348,
138.79214062787696,35.0812158852309,161619138.9546935
138.08578718028602,34.8769337288229,12440113.074021868
138.062428559715,34.8546043189872,73359190.74876091
138.010267296363,34.9458489926073,57117862.35898474
138.067378787976,34.9726331652555,6334865.950917828
138.031851111099,35.00189924535481,53415052.37995131
138.42257578139098,34.70638703853089,
138.522709413693,34.8341551374432,465664199.63008523
138.39455781013498,34.9342353017592,108339304.30374873
138.33180942893398,34.895630434632,11203713.444910755
138.16593809772598,34.7783481646986,45230046.54191631
138.16801079710197,34.7211335220684,31501580.61403083
138.22943122111198,34.8159820905963,90193909.31747837
138.28091702535,34.811566607522096,20397928.255578652
138.19411866938697,34.669604216181,26113609.70962881
138.243531774249,34.722403375736995,67264506.85234478
138.135908047698,34.6893346739379,29993304.502082214
138.08018206752,34.635361510127396,26637018.96145048
138.023946185004,34.656444968237395,11312569.264364667
138.14409852190198,34.9498709877009,114849017.38033792
138.198389695575,34.9534158338475,63113680.1625532
138.13015218000902,35.0346951557691,69909596.86962168
138.18564823651502,35.1204424891782,59136350.22682483
138.26357209335,35.1202914549498,99708642.33813016
138.262367210517,35.038088967687294,97953458.88512266
138.92080243041,35.139344873750694,33823324.65331653
138.89006681427898,35.2084836181848,37957712.422747634
138.969957594402,35.1845071814016,64615150.068607956
138.939221978271,35.2536459258357,81365846.94737032
139.196136330933,35.353006864748096,53379841.40267267
139.175320816026,35.2997058893787,37329964.015165515
138.512929768422,36.6383433765756,119200579.95489605
138.43722159999598,36.4210652028993,101751787.06809634
138.36040393586399,36.516124077727795,364805467.9002422
138.398281511061,36.654620871329996,354050837.0158496
138.53677367045998,36.754562196531296,215047955.03727266
138.492083629911,36.918134620653,278553171.1016988
138.549598267872,37.0106009077662,163972460.75298306
138.674081131674,36.9727297695921,237571304.67148668
138.67400204958298,36.68445863925479,310442373.99641186
138.77325069039298,36.8453730032091,354216763.4570672
138.77893161224398,36.711358932956394,193834579.31127033
137.79185740287,35.390450815978504,241543166.20829096
137.912485578846,35.461242327786,248402963.29576847
137.932022954913,35.5976117008182,200597969.04799202
137.85741726289498,35.6714058639972,219661612.1968508
137.766163502517,36.0822693768702,206228022.42324966
137.834125458975,35.8783173234486,130070289.19787759
137.932646939175,36.192549867051596,66284968.77366483
137.995115211723,36.1833678200148,44270707.275374316
137.890298087817,35.9928308419515,160789189.62480253
137.866281779688,36.0944168470017,204063487.3826073
138.03216331320903,36.063176095722596,137306339.3821867
137.99371134879001,35.9707721377092,159195111.491838
137.46379671222,34.9198315552779,77722998.0152263
137.371954727337,34.913855748585,66820363.02029041
137.290100366925,35.230233592969796,124986029.60296945
137.563457555139,35.3256333390411,125928437.00173518
137.47320293150398,35.2983803816094,128581838.15754093
138.39197344859699,35.807953986486005,151336120.4574973
138.39231697090798,35.6541849832575,172629424.40293077
138.481275164199,35.565646106364,151199557.28618535
138.48084176087698,35.8473395592015,165155134.54123843
138.56456213133598,35.666734602170095,146323247.59074423
138.564472250325,35.7946590517791,313178319.12119985
136.534832027979,35.579478411995105,95277041.26272851
136.57231148965798,35.7199159898328,166254804.85668924
136.585213635981,36.0136020242922,191892823.61937147
136.430782140675,35.8328423504007,281030258.53296494
136.328466166629,35.690331014626196,427523597.9788355
136.23135126909,35.7425354059983,167971415.90270352
136.22703400086002,35.8797069554715,131373808.07853998
136.25421521913302,35.997307579233,174701467.7088884
136.360848461409,36.00264736553431,242276333.3100074
137.013183091422,35.1750211764303,48911599.442372665
136.976084901612,35.2438981463778,103292810.31050734
136.89451537937998,35.2275731820375,111181939.35121009
136.872107630379,35.1107958816021,138676106.21019638
137.34670987540798,36.8056821620235,152635536.84202495
137.269727461086,36.9956669559774,
137.116143497685,36.992517289975495,
139.682210975274,36.0082633808766,116470984.5298065
139.73509521965397,36.0969881585115,161256205.64569536
139.570339393551,35.979802396592994,141545281.97846967
139.89595017588297,36.202775565046196,137146355.73677287
139.89406972394698,36.0183977120088,146662468.76274967
139.833344197107,36.1061824879866,121194757.73100834
140.129838504711,36.3864919928994,136338316.47470525
140.302161317373,36.029290236314104,108618465.18669619
140.225940450222,36.1269006349647,172280702.84352207
140.41616400596402,36.0792740047707,152422987.01783797
140.44062346644003,36.2039149294317,192631586.62192366
140.287018541802,36.275055765636594,354281216.8817372
140.38769886942902,36.302086291647,199001910.36652073
139.890222088749,37.11807149596589,271907085.9616576
139.946158754523,36.982472595212094,309746739.9642195
140.124080070612,37.5320475042249,108050656.38807298
139.912571566911,37.4260253614995,251599570.15883705
140.012680285038,37.413765974560796,236040858.87147465
140.06581744412398,36.973381610401496,169681976.53434187
138.519251082894,37.3638506669241,4178445.2215938796
138.507022729185,37.5789972064518,
138.440887643355,37.5192410180016,
138.56127475344,37.3157116173105,67510246.46445292
138.652470589611,37.303304692793695,171231492.42664024
138.67658200489498,37.41119993085749,202611283.03165343
140.812536891378,37.88118158099219,194402656.06284314
140.890530517902,37.8831277486893,69297607.27710365
140.93704705244997,37.7519852989125,54101148.859926656
140.86818830901296,37.6620326644089,212212305.10968462
140.78289913544998,37.724829656081695,229694077.59428707
140.88134923278898,41.2627052138103,218773596.11625358
140.717016914331,41.257844023644594,488875276.8347728
140.63548782805498,41.12049865388849,192424639.9195949
140.66449028418597,40.85720979874049,321291707.06994176
140.72030403891898,40.7240041249734,194044008.3572946
140.63355729446099,40.3506704787384,197526213.37734458
140.70888118798499,40.456833242733595,444734302.2901292
140.70130971854098,40.0565870020272,253049694.86575717
140.61946385727902,40.1499356725599,422156022.46634936
140.871491911953,40.1183654142348,190850709.01137578
141.174298451604,40.122133172088,303546057.79445565
141.098522559951,40.009454200778706,118283841.92032035
141.13798948952999,39.9242948359002,89554534.217149
141.266731874004,39.889610538010196,177406619.7664162
140.32533066354,40.932863154981604,273756089.6278535
140.17848894584702,40.8730212747681,416600764.9162591
140.178978286908,40.69085899448459,255430303.69338885
140.38699183680598,40.7670864906393,255857288.61533266
140.33480738910598,40.6554327624621,180821586.958426
140.63788853129398,39.901176526962296,270317777.85441124
140.388053350644,37.8486524678955,101706929.45337972
140.396022903609,37.7464554252885,105187557.15937026
140.497651773039,37.932146742632995,154810280.94002557
140.59267389321,37.8770415850332,215663137.88220757
140.53296088177498,37.7766858766077,205296728.101355
140.48670218477397,37.56932990527859,124041807.50799789
140.648910805623,37.488617849291394,225365507.72940728
140.551903477326,37.450061883940194,205424819.05228636
140.67076208027697,37.654977755637,233310171.6655664
140.574574629984,37.6958923374363,190634923.88141826
140.71190257914898,39.0401273171613,140733926.93978247
140.81017929382799,39.204236176300796,274093732.7915638
140.831514903387,39.065159267049296,267698626.2191843
140.667297793407,39.2708952940557,199322977.88674062
141.03782034077997,38.716816107182396,95937171.68665282
141.085877271273,38.8199147099577,265556890.10210752
140.923353195306,38.954883268085396,235119025.6310072
141.02845629727798,38.9753589536454,238565063.5855218
141.350775915426,38.8083181760604,142546831.95870563
141.378434572617,38.8979381291688,174178920.0726101
141.23985212224798,38.7647013828426,134238186.7205814
141.183407017323,38.8487747126688,211689112.71424398
141.281905666473,39.0043043714808,160023678.8870816
141.19780190435702,38.9987577481986,99573243.72759408
141.246922678455,38.6340177728439,171796379.71817178
140.825099351673,38.2839859628589,146561436.1209985
140.795869021665,38.5067649900615,81129916.38764928
140.764048670685,38.4098093185983,167983891.61659092
141.09013831512598,38.6248710582735,93129987.84497082
141.127302788307,38.4175904110779,122506286.99155553
141.207550112772,38.487596268792,77517853.82505007
141.19015343927998,38.566112245742396,93878489.73478878
140.779137881613,38.6192595338154,113255493.75892991
140.861086995882,38.828873085363895,158597408.43824038
140.661509085669,38.6870889121992,261407641.15716594
140.871335064306,38.657362432144495,181368219.79367727
140.918133167361,38.7462501681486,122215834.28389898
140.62879803710098,38.8471026768891,442188137.05562335
140.740763942724,38.9077191569682,199175987.49897668
139.254817505562,37.6790601758208,430474922.3466228
139.102729672533,37.7417577624351,57614969.41952994
139.11524115126,37.6711908011703,135067459.82360592
139.079313631038,37.8198082572717,130059894.73652568
139.43045227366198,38.5094541841152,68180311.69215085
139.418322286782,38.3985823620729,375754594.6325161
139.581274779903,38.292187460293796,327463077.28301287
139.62324124617,38.552330879683495,70232305.42876925
139.688664783162,38.413290525109495,
139.670138232669,38.6156475753807,171303210.85585395
139.57544347975798,38.8128029588706,
140.35519319698798,38.0990073802338,113358255.40297028
140.329699679928,38.212694198415,99236792.30350113
140.479086863049,38.11822022942339,227113374.4375326
140.453593345989,38.2319070476046,199452013.68798795
140.26504970223903,38.252204583981296,128231780.83277486
140.29638560166902,38.3684164293012,133946451.3246517
140.15769610867198,38.4467289316011,187674567.67299277
140.24786247446698,38.4675352307631,250917518.76927522
140.379709005162,38.665298773431,224114792.8113115
140.28746532045298,38.6240562730935,153570767.20421773
140.191338800733,37.7673726543564,253741949.49439678
140.109965745519,37.7117288179632,253527642.04498452
140.00122719379496,37.8132623115984,410135643.4440895
140.213166554406,37.9447352039943,400088397.43298185
141.28297798923,39.5629066456668,184513729.48628533
141.159168554745,39.470464580797795,209504061.55705714
141.20569047875398,39.3500770090923,270632571.46881473
141.40387523163,39.4765488013149,282924491.4902541
141.36573092644198,39.341896866521694,254091107.67269954
141.776884536969,39.1411249390557,67717628.81303906
141.690339695652,39.1361955580431,214516393.62308505
141.62199916038898,39.24075085813409,228809595.52845398
141.655256331006,39.39174898947749,382350486.7951633
141.84867534717,39.28590451131719,108349898.23126821
141.79538767647003,39.431973261648,377250720.71834695
141.406166589138,38.7352465372884,81954925.01315537
141.462507374496,38.6826852289449,40494109.6872659
141.343132853142,38.641372358978394,152165092.34946054
141.3994736385,38.5888110506349,99617972.97780006
141.474892765833,38.8982456247495,133619897.37214181
141.59185045889402,39.0067956513279,111212688.14251192
141.502210527117,39.0154309857081,199879328.66949868
141.577032717483,38.7909350742111,
141.51607491387298,38.6573891471394,104949120.65617509
141.503574894,38.7560643632976,74796963.65422405
136.269819305235,34.374951769705795,182000520.22776586
136.341593007147,34.3096435171842,56322749.70108622
136.39991099476498,34.4821514643309,128029608.22424735
136.385430399636,34.3803593145639,93127189.87758246
136.42885354022098,34.7356039128846,120432911.76103507
136.481313996984,34.6329963559998,114192975.20206256
136.549495041531,34.7364754210584,182321888.29965052
136.533863488176,34.9223615762505,234086339.6723273
136.452791146221,34.902729693968396,191960274.4406088
136.078303065441,34.67005027690381,104666122.13556564
136.12205002364098,34.5977996316909,159458327.61029428
136.079783814018,34.770804898434,111988641.27778006
136.18599568176901,35.0004479175021,86373428.82968935
136.114161769212,34.862708530485,134264555.68056345
136.19440128112498,34.8831754925841,174945038.18477905
136.066749160947,34.976979951533394,106951633.95644549
136.10121360082502,35.0521060541718,63546912.357667044
135.583980752616,35.2943888534688,116065236.0584764
135.60851993178596,35.360008668831,23378365.52362897
135.51119468528398,35.403388597404295,187482230.41575348
135.535733864454,35.4690084127665,11155577.634347215
134.515094818566,33.8399225043165,66754438.99138917
134.562221552088,33.8747569571895,91099289.3140167
134.47051242725098,33.9127624925892,37908441.6407096
134.495705754333,33.992064010311,49973474.86474934
134.55191497284898,33.969667815487796,77172752.23712729
134.28714876211802,33.864288802776294,106652724.77907363
134.26340568333,33.947242438249795,100287321.03951927
134.19551260998298,33.829506374700294,146466021.74210224
134.114429872401,33.858831650546094,97652015.3873728
134.150108730825,34.004759543964006,97609314.60313983
134.092769072031,33.951131184336305,139586870.64547
134.07913499557498,33.3901235283792,55656029.85067096
134.12891025088499,33.3992930323371,87301053.0045377
134.15517330765002,33.3223053658737,44288703.88617591
133.826317386531,33.2422616437131,
133.785680847258,33.2760114113988,
137.450052860076,34.750941057016796,69538321.19742881
137.48734447720798,34.7937185611719,66581313.7889527
137.51767039098,34.6967136363012,29180575.10333945
137.554962008112,34.7394911404563,59370508.25374817
137.104498852266,35.0837759108694,143869323.14542478
137.141529635484,35.013526907139,143596119.45708495
137.096679120984,34.898911165526094,70602009.87211813
137.025383384604,34.839820610505896,199920498.08773455
136.941606493131,34.84931448502349,142849911.10967475
136.91636550748197,34.930753713286194,160947471.24483263
137.00858795431498,35.0936645442405,47001439.95931466
136.949082015504,35.0457642137526,178065955.1037847
138.93162064181396,36.865938277142696,157210127.78345618
138.880095894804,36.8191669690746,86859695.10132809
139.00690925219996,36.714553311486604,170162722.22137105
138.95538450518998,36.6677820034185,90716066.81289604
143.61711495219,43.473503475207295,314890721.3953609
143.897429464602,43.333702240395596,521797004.62408346
143.72504765784,43.28391897455339,444111459.7229774
143.618826507684,43.805393900845495,258731272.82025823
143.96303118377398,43.909224330430796,337455013.88105065
143.69205189108,43.6599599603607,324873195.08828425
143.79651960992996,44.03975922430261,564418024.6003137
143.631330137196,43.988449050833104,372319390.822069
143.18121988272298,42.766419980295005,236280926.20290613
143.311778578881,42.802163070628495,304900701.2458605
143.40862798297198,42.673104812745,190969509.0780472
143.294306662914,42.5664163863213,216633151.3430924
143.175022789161,42.6156185099502,197491608.56752256
134.070648390987,35.320545396552895,153657366.18655753
134.134207711086,35.2569210659556,108255163.574868
134.119219206753,35.438857608481804,127157180.84325701
134.212079686443,35.407090063554,157448473.87087068
134.22610992327898,35.3190999871083,72397164.37682582
133.93060186037397,35.254178755880694,283596063.3950502
133.84492086933,35.2837262848323,201562995.95885116
133.96096993659597,35.08397638148699,101767668.7675061
133.85596589805,35.0266735246791,135384540.12539634
133.799843017566,35.1203291761773,204981260.42527348
134.133693575838,34.3372454903775,238431683.1673052
134.160380676861,34.1114202148302,201210046.75244984
134.091432525699,34.1949150358464,260651034.94327745
134.23063056117002,34.398388609787396,155687612.51930255
134.303108332668,34.3114852519923,182114150.05686384
134.261301363783,34.1265819268407,131170782.44918898
134.315695763799,34.1863694534901,101291573.62633385
134.00850027975298,34.8576790598157,236438634.49536905
133.887308340159,34.703111756425194,143172475.35099635
133.861418502735,34.922137014708895,222442585.60567138
133.807949786808,34.8406567218864,190776379.11540642
134.09137004194798,34.5720565655883,179634576.1325106
134.009069532822,34.6763295952425,212464906.01444075
134.076792756489,34.749416605810495,189287574.46708408
134.205226488498,34.532756953942496,125907480.60266688
134.271932410572,34.6267109369379,275731429.3999708
134.22579918768898,34.739097559151695,156973167.8587472
134.068319567226,35.0559312282828,249463057.72295853
134.11039730569797,34.9341704165817,281768012.4899753
134.250501253902,35.1252820825038,104144179.15201207
134.16047873038798,35.1503614863126,231331118.03488004
134.305965706902,35.035868460093596,77389650.55530387
134.324787861165,34.922807357001304,206217781.62146902
134.248800094035,34.8601380322272,229622240.20421645
133.192481966412,34.4027285990784,182168623.76768848
133.24320701673298,34.5226352348823,139564084.50944167
133.18301866617,34.5966320031321,176549650.5894184
132.948279895728,34.21942657711379,174984298.72197708
133.04984168186704,34.2335506782291,286217841.473972
133.099718750328,34.3788121519623,209252748.35362536
132.89151213307198,34.3044448094403,135109346.07741478
132.995182488333,34.5581462724234,278707837.5644008
133.072532942514,34.5188004134028,127056149.46946073
132.87138660582602,34.424843354714994,227839090.03267658
132.90068098276203,34.524432455142296,141507496.6078221
131.385978568152,32.219017935317396,244062896.70697123
131.46448426013097,32.2871252432388,213447536.40209123
131.27578230221397,32.2441563898872,221978462.78157505
131.469426982476,32.4159841433934,294258059.2300483
131.396658856683,32.4865435524135,119728647.69217457
131.20958115965698,32.3590615495554,190046986.42202026
131.269401760332,32.4530775290172,150246944.62436816
130.344777778644,32.6517000511119,70306023.19553483
130.33523194998898,32.5529431331247,157024704.7818928
130.19538525939,32.5517351392695,193949551.44211236
130.251722241795,32.4815284583064,186140844.8751374
130.313285598177,32.7221397924333,27809915.733871467
138.967058657658,34.9477316109933,45258973.81461686
138.94183676010002,34.8979905212664,24370668.273797635
138.86669169535799,34.91393204862089,34072498.538296044
138.817263135375,34.893573601335895,84465088.52389623
138.814398201897,34.8287494693974,58906678.14024911
138.761719233654,34.8091878250908,7269161.871093072
138.671600206458,34.8793210833969,71828084.58107102
138.898793628177,34.7578464347433,51467679.570825756
138.847710916959,34.7835674973798,80260577.09798145
138.870850519434,34.6726587396981,38954468.14760104
138.794561395776,34.725128527861195,46116364.53998533
138.812011063968,34.669775802020695,57606145.99051688
138.515281413234,35.1831653932605,157679433.49068427
138.082440321672,34.71417212194469,24634006.252531264
138.107685733545,34.6900581015879,19536607.321563102
138.052312311441,34.6837262741673,12369850.723659256
138.077557723314,34.6596122538105,11870536.623585831
138.17193226158298,34.6350183634455,16177486.380343987
138.154041364185,34.623402805784096,2354544.578733007
138.143281420287,34.648266692813394,7557044.518263254
139.12363863809398,35.3898202890375,71620000.75873409
139.062156303609,35.508946673541,73582179.61884809
139.121847227253,35.4811663341861,149507155.3412457
138.970306899468,35.4127328478858,88877963.2656269
138.978159964083,35.3239576939557,142104429.60254267
139.06507255528797,35.306291531081996,80428558.00248691
139.102823123187,35.3365193136681,48075962.1547017
138.678516038139,36.5142513290214,338791368.94093084
138.580132810779,36.486460329732594,77099532.04001494
138.72152835314398,36.2648108555634,137271356.21952444
138.76982666282998,36.3951680572062,369486041.70388484
138.59949865733398,36.2733704818485,120590168.98891796
138.524492628687,36.333259087722304,72385485.27202827
138.54230221755,36.4076789496585,114660023.27431549
137.690162646696,35.5051340531745,272227975.8909314
137.019510615273,36.4586708632905,316253095.73531574
137.51090125129502,34.9982262816879,125370570.98429509
137.60159345116801,35.0354932162884,98502194.21155642
137.605651865286,35.138590812497696,90472708.71584848
137.50911853625098,35.199476187018,136053367.20974082
137.45427839081398,35.106312650970004,238464260.2252369
137.31038058203399,35.1432136125048,113466988.94254269
137.366897963064,35.0861286639039,157572994.55802348
137.331678838662,34.97206648792889,71568129.22035222
137.24144000011498,34.95535489592189,89413032.66319296
137.22598287264898,35.028349711377,117778937.13322292
137.308608982545,35.3583462154263,183266093.56353864
137.380354020657,35.3904144166188,147062331.04992327
137.38674237842397,35.5221419728791,180515516.9679324
136.75834474780498,35.4696294616554,96971121.88984796
136.600996890831,35.5302070709553,106493707.58314721
136.641595913856,35.4181803787449,82030067.55098973
136.580448402552,35.443153094223604,77634788.89076385
136.486525472451,36.1229740663275,286678793.9026924
136.36820317586398,36.116418102656105,161158999.97014722
136.438332412239,36.327729503735995,180963692.5441346
136.51999243542,36.2513481289707,269018525.98819727
136.29422688423298,36.2814354456048,155423705.83062124
136.257564610827,36.1984981071681,79697441.42485791
137.04531027838198,36.80234568003839,137739406.22771832
137.121452643384,36.80952926760779,58826137.62038059
137.047131732885,36.7123726639065,74531465.26000027
137.335815354969,36.5924947655619,194998062.44131505
140.140628605593,36.1299598623447,123028330.05509953
139.98816242373601,36.170259541640405,147008659.63247043
140.09913438876302,36.241139594926196,119589935.18369472
140.03697427872902,36.253617215705994,119271174.36570747
140.196135081057,36.62474825322389,96699630.48088455
140.106572561538,36.829314391564196,157955302.58634782
140.026148524746,36.7115394465699,242878049.30784947
140.046247894608,36.498373324313995,253929900.2423732
140.07282739305901,36.6075433835496,184730344.744953
139.885934520882,37.5535537060563,234991139.35270393
139.900561791342,37.706636492246695,414646082.3158714
139.58539899410698,37.5972599189979,315923637.26444244
139.656600853209,37.8214745502924,
139.79042901238802,37.8996925710414,
140.15536506179998,37.177625592960595,185016180.70221367
140.139369151551,37.06405880610839,192021035.68599054
140.33108538801,37.229168160521695,194927744.0837548
140.25168437557198,37.256658611535,107540134.24158399
141.310278338922,40.6945780602075,93458150.47160803
141.41475196718102,40.6580115072285,92388421.63616458
141.52704988626598,40.5676208528646,
141.485189446062,40.7827920049308,
141.370141888635,40.97045544870959,42552362.53233685
141.28788932138102,40.5993414521541,129827515.9534253
141.39236294964,40.5627748991751,140044500.04566017
141.229786522242,40.4559086298708,244084774.35608232
141.19783628425202,40.5672054684072,78615994.27578057
141.428579014338,40.4276690541108,205340979.40268528
141.35605562406897,40.35293876855339,200082810.8985863
140.75828934667499,41.02464669237659,233312175.6412465
140.754474764838,40.92094344573839,99031436.35330181
140.93623397709902,40.55299726603619,237606197.78438237
140.83001689653602,40.4314950778035,293654886.1415198
141.365748404694,39.955389130493096,221241704.77837533
141.511439400804,39.952183252113,193025353.5601364
141.522192405396,40.0928454871494,219695287.9848448
141.3993709821,40.1995663793262,202990438.95929056
141.312781911873,40.1027523996924,326518029.16346914
140.013255747486,40.224768110900996,33536530.814145215
139.686062723394,39.6689643888318,
139.952401956807,39.9348805495563,242476097.68838167
140.343911358618,40.149760723056595,122959183.92242725
140.434635508629,40.0331834009547,114608527.73508522
140.37666353640597,39.85819827221759,289700184.2537175
140.719815761085,39.467339025384604,218231949.90734115
140.62764519906298,39.391529004811495,177277170.8147468
141.47227381775397,38.5061834408889,49105381.31515296
141.39674006188497,38.5109844787371,103705833.6052579
141.47687263782598,38.4114147373737,77802057.99499907
140.96218757148,38.26669235205959,69202218.0717555
140.891588805396,38.3038951120782,80855940.88545781
141.041066869428,38.3817383519757,134621230.08433792
140.871352025943,38.4219984248991,67399330.2881466
140.922182992338,38.513560335125696,241450831.86848268
141.021299069739,38.510503022220895,291140865.5699084
139.41642110358598,37.886699821779594,209184977.47294575
139.334816374875,37.8087273214761,226346915.7313283
139.757759986284,38.7260572543086,216371900.78767812
139.663065233373,38.9232126377985,
140.168886352869,38.2077151653681,115464032.87343897
140.133425545971,38.0992682124813,216467904.7522786
140.110055886504,38.303120711526,133134697.29846571
139.987349801673,38.404795386375,314278005.9089429
139.86989932789498,38.308749955212,
139.885777483254,38.084289186867,402366542.9705044
140.002859240574,38.0234391564786,247786491.81444475
136.351683194694,34.558285054877096,111050930.50845082
136.371348431307,34.6988580465054,121799972.76747154
136.26542889765298,34.5218011576317,175642410.13967848
136.215165067872,34.6250358657951,190241886.17886087
136.325897540184,34.807980230195696,126566570.12611169
136.25596847379,34.7706419467308,193256550.93444946
143.927342366346,43.514640827394,287463252.29960984
143.829897498474,43.651314046705195,374649162.5665633
144.047796919686,43.6327947631521,186121991.49883637
143.95035205181398,43.769467982463304,280590411.2771217
130.26162488476498,32.7887176249842,75252227.84175545
130.268085645291,32.7187126565145,63119067.56107856
130.205119729179,32.7896132387472,65005556.20741862
130.16621496004498,32.711696996483994,46620715.34572374
130.207640397087,32.6666846485023,45714751.58257792
138.853918259496,35.0391044847921,37640912.74693503
138.86157222068996,34.9744773811488,81520868.90343009
138.92932196170497,34.9892293081419,57525157.25743409
138.94566853355101,35.0552399770815,41844110.26633246
138.91364919913798,35.086966295799,22969243.954123966
138.57003401076,35.1257349178824,35362496.323252216
138.63563832633898,35.1611255887947,46509365.87938729
138.536267057793,35.0535130767888,32608468.928666152
138.694855334046,35.0835946213335,135415655.86959752
138.620196444015,34.9827288722505,235486119.1050552
138.713180404689,34.97741974588289,121392668.3126403
138.518738237517,35.3202097107915,34450992.034704946
138.536587412421,35.2672500736182,88418097.0538208
138.572456085195,35.3796140530965,22714230.781692035
137.761550430537,35.690512201839,154930872.27213076
137.696783154579,35.651747339046295,173660841.435901
137.751617883891,35.83166776820399,99826123.54332235
137.54383037472,35.434986756605696,204365951.61467937
137.59468654859398,35.5231323208344,170523094.19615063
137.459964108852,35.5394613554343,118530602.35065326
136.70462082406797,35.9742837001845,267603104.01073885
136.80295199663396,36.018157383710694,324008388.7947175
136.97697173958596,36.32931922174829,163910741.21410328
136.816647150315,36.1496531638176,331556141.28981054
136.79637695753698,36.3408374331453,217879479.57986847
136.700849324589,36.2619819841455,289830850.5411511
137.06428195102498,36.024712679448896,210558450.964334
136.965492537621,36.141312144003,171738713.34664172
137.030289493944,36.2421227529339,211961352.91564572
136.971200700081,35.4429664835532,209267162.73607972
137.04126272984396,35.39007178821841,98858995.5230944
137.18892414222603,35.5344182307972,112728539.67857668
137.148698031906,35.378669719872605,84679859.2153536
137.214978773169,35.430583462312505,193988320.70764133
137.194010843505,35.771157449841,86487887.46840137
137.313683045088,35.6567013395967,202053303.39663836
137.23014867602703,35.6416685560254,161082215.72379526
137.24937498320398,36.7074849080643,95484813.08090913
137.25425726825998,36.6110365851945,162049115.60733274
137.177701714581,36.714481679650504,43790783.59983447
137.113482250503,36.676948117715405,97066265.87940124
137.11104812393998,36.5361489167103,245798983.19441834
137.180149873074,36.4772341557756,104082159.32542865
137.333649991527,36.442071330409796,252010672.65976134
137.452553909946,36.476790529476,229890551.67523393
137.23608481568698,36.361014475572595,170539174.07461542
140.13074362419,35.9992729436769,112128214.17475279
140.111311987548,36.0767540791218,1758497.1358846747
140.060843021616,35.968926720936004,156167807.2010634
139.989519194712,36.0493073850657,131566642.62583263
140.021005915725,36.1045761376377,1966898.762597682
140.23519212162898,36.7036536762258,87067629.16094272
140.192308470423,36.8042237515458,175638516.59010366
140.348484427932,36.7205085759006,128515015.21440023
140.388430132962,36.7910098927305,103584636.69268325
139.45165097358,37.34884718175599,134316438.8429592
139.323976255662,37.1620659000855,180847173.97811827
139.40952230686798,37.2033528006492,178493237.37713015
139.48345281307797,37.1348431916286,191788345.1213359
139.277498413911,36.9843817792746,310452131.9904562
139.44049059639602,36.443343685161594,314766256.9761289
139.39202089718398,36.2756194659276,308241937.434787
139.43664856730402,36.1102614517161,295960820.0050816
139.53382376547899,36.099021222184795,255614019.93216813
139.618459237752,36.979327306439096,291163489.4452148
139.48396691166298,36.9984431203332,180275452.5288508
139.393007241873,36.751695712875,337284646.4466742
139.363558563702,36.8892686085429,280957465.8935608
139.31663847617997,36.6617349248535,183770987.69941154
139.351795403469,36.545725201986,198460306.0314124
139.172033711436,36.633432751687195,198595719.3506043
139.27315197859798,36.426909485745895,109844431.83677298
139.181943643677,36.4661159183772,358344142.70187163
139.88577921974698,36.866374947138,204781355.09641683
139.92501387255598,36.7395090173331,189226953.56275353
139.975419874785,36.370427617164296,97252630.48299392
139.953989374716,36.4698313277991,133903615.86820984
139.88628796220098,36.3166864378197,178971719.07597095
140.91792002201097,41.0846748162972,211727094.45501554
140.876389222173,40.98396166461959,156140384.35968825
140.95244293604102,40.710822959221794,450624090.55838746
140.853957335586,40.795623536982596,157587581.73491806
140.872574640336,40.880258417981395,33241536.51444789
141.14462309277002,40.3833540103917,296243934.2685477
141.027268859367,40.43551098717239,205377546.47389632
141.12477151146,40.2256239309771,188987214.90167844
140.95600482648302,40.2003905698989,241208113.79463848
140.92105177880399,40.314008798939696,261919193.64151427
139.762216740564,39.9297183298299,35372550.72693067
139.862885599338,39.9822409783731,128953688.3846412
139.922422218414,40.131646696640395,247060967.09920195
139.788606268014,40.1585318141931,
139.89663040785302,40.290945495834,
140.046873415383,39.949852198908296,134404537.35208014
140.12310702792598,39.8027362303098,169163381.93252125
140.242183225782,39.8630861937099,389432934.57323277
140.25199589441698,40.0673485271004,384298737.3254552
140.13423686816398,40.147480406777696,325494006.44792616
140.048190586986,40.0903340419857,122241955.05862421
140.70770354242802,39.584454968619,192802630.1837301
140.627952101703,39.6493514106591,156067748.4106487
140.83049560866,39.648765920214,162788458.9666157
140.82602261267098,39.812256787825504,378202364.1178832
140.703548324658,39.8282797283712,241097167.83223656
141.45693499179004,38.306886731553,18014098.047022242
141.44475915616198,38.367669922626,29188319.136545528
141.361015091406,38.348174066073305,91900007.29554713
141.303252714888,38.4291718578174,118140907.0717783
141.379332639468,38.437215849004495,58186854.25019807
139.171737127764,37.8789663155409,168328778.23084015
139.292592950973,37.8899358981396,239392.10873638903
139.183902661089,38.093327806914594,
139.34149528358398,38.146559789183996,
139.374197679684,37.9679083984431,242086.81142682247
139.852033827957,38.7455729192136,200433265.63208666
139.94728608511198,38.592168316874705,307759370.28072834
140.076854653626,38.603625705687904,326586110.10675853
140.14798836620997,39.2830529794989,200608247.7439823
138.593868720384,35.349142693537196,33692838.76845752
138.64153966614597,35.2122878520567,37253713.8592742
138.597241349754,35.260981861502096,15946869.03948614
137.6750134551,35.9661589390752,164537889.7736826
137.679557127354,35.8658205015891,122130251.25316066
137.624469313353,35.7713723280177,96970538.68070783
136.67091898458898,35.749024716669,212460229.8049187
136.75483970167798,35.8270314482157,161259117.3453289
136.68076530652502,35.6113418613315,160358322.10480794
136.776965652195,35.5757369675103,233269585.83854446
136.98630703929598,35.5839598571391,279951629.008338
137.077671435276,35.6126284149966,169391411.35290617
136.872962594874,35.6655475458876,208848547.815876
136.86068296629298,35.7791591712555,123726806.82052593
137.102996175882,35.756925323862596,318265108.4998707
137.029209751929,35.897231957795995,328133821.4788184
136.91672518484398,35.8823356422432,142387978.47767973
137.596057108191,36.2550192161586,
137.48953220174698,36.3220055451891,
140.252978789451,37.0303555531041,148229522.67329502
140.26516299090898,36.9145877173788,227615631.21117446
140.34799234714498,36.8845189588887,108606245.44090019
140.348375712138,37.116431888943,145114748.71563235
140.436370318464,36.9879546676167,159753581.15403774
140.44893788491498,37.1040997619457,146806305.18205088
139.55897395687498,37.35665024903789,166990676.2731846
139.75716736221898,37.4733161819445,163039470.94341737
139.65487813883098,37.477373507837996,321849500.7637407
139.783804408248,37.3457878373877,170849187.98107812
139.57814895918298,37.2312586011234,183724433.99697912
139.773878844237,37.1852349682803,277484720.1738081
139.67879858654698,37.1306328833682,306407572.06440645
139.82953336489498,36.633985840372794,171469912.77003545
139.845614449959,36.5273994090819,114352877.74994294
141.13111281393302,40.68506159928209,116355367.07766272
141.06191777746199,40.78374743071199,194122938.5633116
141.28552238476502,40.8709405065324,207542808.64910573
141.22881835240202,40.7565597447525,276330250.59552115
141.223562451378,41.039683277234396,443754668.3910318
141.095525366367,41.1168157335507,430056728.4560356
141.02118409123798,40.990288660190096,182844692.97650436
140.28484546913097,39.4979287951017,240325841.41730782
140.51255514255297,39.598227528558596,241096106.39218155
140.500136021256,39.4575210659454,188218152.23412907
140.393358673392,39.3875031721017,326154544.3589139
140.37154508830199,39.7056847527615,347559673.8689815
140.49247741386,39.7359655923747,230952561.35252547
140.51070590749498,38.9489075483838,264114066.99279875
140.407098739248,38.85114959748989,258761198.0241455
140.28100884616498,39.168291613116594,243249460.73423985
139.88393958039597,38.8862034124245,163889179.7704191
140.09696112277797,39.666586279666504,261893681.10315993
140.173956419145,39.4906874466423,335980402.6820932
140.11197231484198,39.40415876104289,143124783.66276312
139.968546172224,39.7441875630954,274381981.71231824
138.67830798228,35.2648116548178,94496814.48252456
138.70220089275,35.438139868596295,132162343.95442769
138.64008760803299,35.3628358840812,114068820.11925818
137.360940528867,35.7541662451314,159061210.44399196
137.542684029366,35.7820162521855,168842552.63396582
137.454400298622,35.6790433175088,93643459.20357254
137.51952177249,35.680389530873995,144117779.0291078
137.591498804067,35.9757769828413,104451341.02767229
137.575690441728,36.0538695031416,96296245.61504701
137.514257192334,35.886082469523,89569436.71337171
139.72813686222597,36.656329655434504,222756414.55901307
139.629486044961,36.8355866446095,367220078.83891153
139.745789103492,36.8036311011501,263371000.46193922
139.524442397043,36.7171295628357,155808768.5346488
139.53676882427698,36.5247872579898,221802998.1870419
139.79918175702602,36.3503973350595,196558070.6609114
139.77993874485298,36.4617065956869,111739634.48242797
139.710594993255,36.227292132810895,220832401.12343976
139.621195120803,36.2577861807678,240917674.67829147
139.61537141989797,36.4506855965637,299095332.6184948
139.68552828017698,36.5315008092342,106810962.95041104
140.433378667659,39.2707824873375,166667624.27676305
140.39590183904997,39.179918058355796,188312643.2713241
140.51384702001897,39.0978723140841,127426088.14157902
140.60307778605,39.128475602782494,115996971.5438469
140.579808609867,39.2201666704254,141306433.4634129
140.302511235711,38.9131259205711,303565467.90603316
140.250262677756,39.0483177627015,298705035.57397944
140.226909709953,38.7711523523478,169989130.86677244
140.106465408921,38.771528084104204,369726808.57561934
140.07699833592298,39.035517298875895,270217041.7104626
140.008802592846,38.9007011885019,304500970.7864916
139.989314378529,39.373496221270194,81607898.35887206
139.754144457873,39.4236375826326,
139.922883532278,39.537626190298504,
139.740787427043,39.09149372634,528261782.5936581
139.867387932393,39.034968836061,120115544.40637319
140.025330429897,39.2523904397262,263049023.76998425
139.985086568019,39.124828609518296,227941725.1257687
138.72596853574797,35.276438666000395,45156858.07445768
138.837512220264,35.2421951266968,120568358.98573749
138.78414763392297,35.192862141488696,136616142.53100652
138.808241550957,35.3710401105765,103785763.35440853
138.75679753587298,35.3840943253578,60283001.72350068
137.406852880506,36.1750286376831,154291118.64669293
137.464129322289,36.070977614826,146117182.34373704
137.195984726097,36.0590240653005,302900320.7736389
137.430811181103,35.9714038961937,216094017.4342281
137.178154715943,36.2003019251016,262147648.03991196
137.27230941286498,36.2487567671328,164718139.78533795
137.251927194624,35.94577546962599,135443124.1961359
137.335322510925,35.9137514813451,333443835.48653436
