lon,lat,area
143.76847110172798,23.153161739937897,
130.88113346771098,23.667593406959703,
144.0305451717,44.5283231733549,
143.025193313607,44.96716006327709,
146.108150240415,26.147908645296898,
146.097534235455,25.994993521671898,
142.169911646994,26.929515394138498,
141.588438293478,25.5390853197183,
141.87972010571698,26.1671446428381,
145.516060881939,24.6045634472517,
145.80734269417798,25.2326227703715,
141.06857384178898,28.0999328136912,
139.030932113007,25.877357906076597,
128.404064506047,23.077746903175797,
141.545443520052,45.39475982669099,
140.918061644514,31.7580894281112,
137.19257184075298,28.785454548995105,
123.49796357853899,24.3114735055104,
125.105641471338,27.1687801446039,
125.06656594594799,24.7384207731804,
131.14132941884696,34.7916764157402,
137.488229861994,33.430275039493196,
137.894292005052,41.2031326233318,
134.573261241342,38.7350622287211,
124.43498779007999,24.3820576760541,
124.733822196984,24.5754101318748,
123.907786772121,24.273119080336503,778438480.7982696
125.748733372383,25.3071026136423,
125.52163684763998,25.2699379398147,
126.67098305819098,27.871783929527997,
137.11027031172898,33.1498612453437,
137.159438414427,33.185846486459695,
140.90142485835898,44.3368052683941,
131.87560490728802,30.092469597085497,
132.798448263723,30.655465482199798,
132.85322523214498,24.067757841847502,
133.83656506499398,26.5458136774809,
124.07625030408299,24.431478205840197,
124.376354797299,24.503252127730196,
125.558340263598,27.1963348368591,
125.858444756814,27.2681087587491,
128.076517570683,25.5568829121144,
138.252999397392,33.7699876638333,
139.020902472738,33.7517559238563,
136.52144982966598,38.7282225977526,
138.279012835788,39.4061730542601,
141.389531759454,43.9640650408113,
141.164338677681,44.9424139688007,
141.782827239306,45.4370971035399,35835759.076050535
141.39871006153197,44.814591140028604,
145.06431205134,43.955018901849,219539175.37053588
144.89424479976597,43.9205246019573,426306297.53212833
143.93005668488698,44.235056240981095,
142.857016486305,44.208473479189806,344855234.4125396
143.064639681909,44.3148752712798,242632918.4263792
132.074819650488,32.6979266779869,
127.517295181848,28.5188066394528,
127.919224178262,28.717672700857797,
129.060288393762,30.019076786433903,
128.47345056008098,29.128885004514895,
130.83605572926902,26.716019379875096,
130.379770159056,27.4960242412548,
128.91084818261098,32.921937752305794,
129.36058043822098,31.3362943828341,
130.512816176457,34.568044413843594,
141.496717149843,33.7037836532298,
141.56949864763197,44.320150961991295,482056704.62621796
141.48752693895597,44.138855649002394,
141.84382476560998,44.754066658415404,295934415.12012744
141.612600287037,44.4838589415561,461304287.340156
141.607629134202,44.6486792665419,
141.488092092435,45.078804483051904,
141.42644878738201,45.2966542385643,
141.25372070858398,45.20662731182399,306869397.9965745
141.663832506636,45.3389915154132,55081689.384992875
141.919771860141,44.8461038961045,214423923.82175034
142.044266802735,44.470896182295,704530392.3893553
141.79328698989298,44.4474010590423,137570374.30006608
141.887411763141,44.562486597337504,383043363.58342606
141.75018535048798,44.283693079477494,160661180.2421236
143.423642174736,44.157648918820804,290142121.36292696
143.387138638788,44.3003233132878,167388681.98114118
143.244043133103,44.148389926812605,316812683.9467201
143.207539597155,44.2910643212796,263611375.62867132
143.21912028563702,44.79660519113669,
143.570565904227,44.4959218998063,
142.70662154397,44.24267857867109,243507895.28738555
134.064325286694,35.8298089990995,
132.10204013816698,35.283260287436704,
131.193159745296,35.167518350121306,
131.88891876576898,35.67444890866229,
132.55363711728597,35.42378220084,
131.798422256325,32.0306474542494,
131.885178833133,32.314503744448196,
128.893897611171,26.0286653018238,
129.00298532130898,26.1261080195775,
128.09967311823002,26.8346830116585,301182118.6041189
126.473418723267,25.757336348432702,
126.782465642151,25.6727307925011,
128.483903531346,27.384713882070603,
130.727878261431,28.238354640124196,
129.496480506855,34.2187149312855,
129.00589207393799,33.38275084738769,
126.94527960912598,30.449097589053,
127.23281713916398,31.122789280146304,
129.311745182235,33.625369412438104,
129.514796085114,33.7876418052426,
129.495059955591,32.765712255084594,
129.519967071297,32.4087719963469,
128.81672590244702,32.7264889154775,218760184.73432967
129.073066699137,32.35421109798239,
129.208712966487,32.437987342186794,
130.369505888919,34.289863700030395,
137.791882470363,37.4319566526444,
137.473721316327,37.7003703885864,
136.113469601769,35.398332429738296,154548904.9853543
141.726298012794,45.1095994712451,411602577.1931059
141.867467551095,45.008375595645006,400816726.1039276
141.72931034819698,45.2797595768661,219772956.55309725
142.010232896466,45.1561491848082,458929701.6698125
141.988058090835,45.355478648535,322412556.4103208
141.848305080867,45.3778651649928,217490754.08861616
145.043913801369,43.664049942321604,123217486.91372146
145.110284296989,43.820629282821606,151356162.2763058
142.147043137407,45.0762900265227,449456262.71136254
142.350628916793,44.9026414074546,279581174.28280514
142.17527876356198,44.6078266218816,362282886.5456532
142.094370818499,44.7914542746132,171252480.03742716
142.178876750394,44.8738668158682,302116902.0767342
142.49250059487298,44.832537389557494,483308416.43801713
139.95588941135998,42.7155885496131,
139.987322884365,43.1590217431923,
140.298000290184,43.579046527846494,
140.02597335559798,42.4556684522223,
140.02336362992997,42.270857688147,437197348.045484
139.78237097160599,42.4256275392807,
139.77976124593798,42.240816775205396,695581844.647337
141.784994529222,44.168423029302,236440942.48650324
141.66440697585,44.0138874524052,323772021.1251532
141.734149280922,43.877930020174794,498736581.8178789
142.84607606378998,44.021532119862,829769296.316652
131.077459289832,34.46356678165169,
131.235243633153,34.5119793062484,529273509.2938369
131.796015810327,34.884667615690205,
131.700748194708,34.806186221947804,
131.54690788027798,34.716287233745696,
131.76619230964198,34.66962507009539,151601890.2077238
131.378058310257,34.6071367422198,562730798.0242779
131.374510408416,34.0714068748977,240976991.0414087
131.299799120292,34.3203797214564,271992595.9849976
133.75492576974,35.7658731923196,
133.903639120251,35.7993646101762,
133.37559587985598,34.3210365914295,
132.13529566894798,33.165518504127895,707441586.2628888
132.354052647729,35.070048162781504,120078922.37003419
132.73169893598998,35.553703532407496,
132.347849708085,32.9015205705615,
132.28284062630996,33.0560281642569,447563153.60434467
127.02543990229499,26.4319019514594,
127.063310404866,26.297221169884498,
127.227455102088,26.3755620393474,328619467.2939045
127.67894350539899,26.738048941031998,
127.61738640839101,26.5274789494704,
127.98304699534201,26.779843902451198,334540044.3229561
127.40129063013,26.322364075009197,
127.539647329743,26.3670000569646,
127.546192851792,26.159417649614696,211672092.91622818
128.023897346565,26.5231289045184,117753996.69141898
127.99215810414,26.625940325681402,292682557.9651594
128.195761885059,26.942642241655797,375057311.6843288
128.329869406299,27.123255769830003,
129.42400753821002,26.7522019159263,
129.20501313650698,26.4139378573818,
128.26208107581002,26.8639120111329,53276040.32242872
128.177194195347,26.7062614807626,
128.80482119970299,27.676420950446396,
129.61648573179897,28.8309938636082,
129.688454194233,28.3905881499174,323522688.3661005
129.796444877418,28.8216759918219,
129.86841333985197,28.3812702781311,208255559.0191965
129.886822395429,30.612071679014097,
129.43811766039002,33.2237081712459,
129.26791081944302,33.0648658503999,
129.466291456062,32.9261534833572,
130.02396500313003,33.6395562796095,
129.82491523009801,34.023689149480795,
130.154114376891,34.0860380389683,
130.485650186661,33.7777917656784,124443709.32654598
130.03014782478598,31.212199074605998,
139.550095804779,34.785561812595,147484675.86486426
140.11902030330597,33.7665580674939,
139.548181582887,33.2574045016092,
140.608932993804,35.5787400495054,
140.325765040098,34.6930454798202,
137.920295817744,38.0607020138202,
137.840297128413,37.8929042066124,
141.93995283184202,39.5848225181937,26723113.066021264
136.22521794581698,34.0624426140801,79971932.66831076
135.889359495021,34.305633499559406,114442636.70080139
135.757152297063,34.2339351451119,199263020.86767536
135.789879537345,34.3374212524662,113020912.18035956
135.846906397422,33.8270458944396,40359868.57697261
135.923171003532,33.80240541206759,72945259.99967341
135.783102535113,34.6696344101613,128059187.6090092
135.791987063238,33.9727005821808,119852030.83820222
135.80160814436698,33.883839871473896,130644437.51558332
135.50986045538698,34.0792987412988,210825916.01639545
135.668936986143,34.227223002726596,220662511.59916267
135.679270922646,34.087630776012,106623956.16536996
135.612874279641,34.0406302795317,255754569.0608947
135.68882971667102,33.840711887036996,168580885.6816285
135.612811992537,33.8825721012636,184755992.78528723
135.344601909561,34.140747755782805,116729010.50904143
135.276403700064,34.164807635220896,81350860.87485327
135.21300398733598,34.08789935315159,65063830.80811145
137.315083488363,34.5319243618767,
137.166585406323,34.524041280263695,
136.15850454782398,35.4777766578543,130117956.11113843
136.10553035244,35.538505247388,75019539.61223726
136.30352402775898,35.534393214632395,226795234.30018032
135.11634118458298,34.8504805614042,148620411.30815846
135.114964958886,34.7645542585605,137407700.99227405
144.187383826266,41.9036050960791,
148.418583170682,36.9470101884741,
142.33865394107698,45.1504834411059,71262731.05695012
142.257051768777,45.14651931522479,162695655.2446006
142.37949045368399,45.0353876065071,143018081.89175162
142.696596109947,44.3866811693052,355575784.30885226
142.503858898929,44.680586605488905,432531618.7751227
142.472847040425,44.397624455533794,385824798.7788678
142.35274517181298,44.5422525049491,491435981.4257269
139.84080715406998,42.000018215802896,
139.656949148376,42.1168462671627,169300042.39218494
139.471035608256,42.0934006202952,12246725.98166844
140.191466294649,42.470208818706894,
140.04682967642398,41.9764498258776,117794253.68128584
140.16924694347298,41.911124314415396,261392035.8572625
140.106574054722,42.123318790179,192482808.02712774
140.228991321771,42.0579932787168,334362482.02897024
141.04122264384898,41.6760787733202,341045329.46976495
141.50714265385497,42.284128554594304,
142.081921493556,44.2254329017446,599606020.685159
141.947342016183,44.121102890455795,346535235.8062958
141.947900453667,43.9288475909085,400858087.16092646
144.802767028458,43.7475068391306,606455523.0919487
144.90646378441198,43.6254217985223,293303391.16063917
144.270124721349,43.3888710219657,418386083.22433937
131.661946058643,34.6193468897496,11519239.807009332
131.53070271762297,34.5578577479454,16105425.811618704
134.57033366746202,35.5276379925555,131684199.65583536
132.49585156975198,33.4987572212568,96910012.38392013
133.299972749592,33.86252405660189,175243746.83290714
131.902482215955,34.6507852525989,178433039.76481777
132.27739791730198,34.9170449492997,256844146.38523972
132.84268295647797,35.3945434563402,154497219.24826747
132.86990873362797,35.655678713202896,
131.40293985185403,31.676660696465397,76212959.18544914
131.368611305052,31.7650286747838,123927162.64835958
127.656974985804,26.1646783864884,8085761.021040453
127.68829996632599,26.2375800122634,16703699.649952147
127.710627816651,26.1497739190842,84372318.17561185
127.76338680689098,26.1782650543524,8724886.28549128
127.741449567501,26.2262959011207,103097939.73685274
127.86872410210799,26.2421813914128,11898836.970762296
127.81773355167299,26.482166452173296,50698898.394325055
127.88840175747899,26.538832866965098,178240727.69401726
127.7931440742,26.310403448524802,101079091.9802111
127.92014099990399,26.436021445802098,78581062.5758057
127.87090680381598,26.334944540503496,240661073.13694856
129.028039022355,27.9218443039899,
129.293959187679,28.5203290175331,
129.492122276055,28.7144601931407,
129.564090738489,28.274054479449898,
130.14362369939698,27.418182338223602,
129.720017437593,27.120631428956997,
128.946796974039,27.783392351236497,
131.168621309385,31.680760693424702,510093943.03134143
131.28439420760398,31.6595066730393,200128445.82450762
131.208275646888,29.3509193631918,
131.03960170263602,28.9581946729218,
129.640957417719,33.4536464931141,
129.626269839957,33.22715114591399,160013643.70820463
129.774984130374,32.715547080103796,164413126.86057603
130.245409569792,31.3737731095866,192609634.21321914
130.380340002066,31.360889523740695,211952208.64638412
130.41883626205498,33.6346919817546,224112089.70770273
130.589915162454,32.3931200536977,161186489.40960446
130.573989411855,32.2301671136214,209989113.7395099
130.672576432167,32.2100079534057,250610118.34004742
130.685929723371,32.48563377839999,159507024.0246938
131.259290708205,33.4690225680195,134690464.68666136
131.14405369639198,33.7204110063282,
131.25741154614,33.6669895260105,
131.125424636151,33.895156739673894,307644393.84719884
131.235263684481,34.0591691507925,200877867.87543616
131.19864073714197,34.1806148206776,328652133.8753751
130.89101515610997,33.3257065307232,137253226.53991428
130.80213457839,33.3244200237201,243447706.2376753
131.338608498966,32.860965787445394,237717613.11295277
139.610298760548,34.9435731728787,648011227.6600461
139.56762741477598,35.248022664884694,121887984.67589886
139.69344790813497,35.1870380669544,127735048.82459992
139.74680266545897,35.070948919030194,262775154.66856906
139.59267358324198,34.562990708597994,
137.84866037867098,34.9033393906593,41055895.93787478
137.978237759637,34.6450205141304,36664429.7691474
137.606000197116,34.5060407651619,
137.442060016107,34.5290914828596,
137.876924508642,34.695762176456704,49053092.66512268
138.642408279276,35.65867709133509,51038208.17025102
137.52996111845098,37.136338504749006,
136.88923597404,37.5424447420638,
139.425568272111,35.808644703407396,121080177.26925696
139.320737992854,35.7100916220345,92069146.84449817
139.394107845135,35.7056296452768,111417622.46603958
140.479301821551,35.550742760514304,
138.166674057456,37.0239223904847,157006436.38804567
138.068569225587,37.336887340193094,
140.90102651153097,37.5730489750011,123379164.62638415
140.84265973212598,37.4732283970572,269264139.6617481
140.92380714657298,37.374372806604896,255122209.56717095
140.954007909528,41.5498579466652,280705675.70765424
140.83070925395998,41.655013572051004,279074670.7220369
140.23876225791298,41.77478805407159,431299156.7154685
135.95455074524398,34.413978325326596,235654643.05077818
136.061786907222,34.447832091611396,189283237.72387055
135.893629721289,34.507659621593405,212134582.20270315
135.89787680987098,34.6258713269073,204514837.10246
135.971880058806,34.671415419375904,128092184.59478335
135.22591765583996,34.9077657253149,106901496.57432315
135.656535743058,34.69560535647359,43358950.12721136
135.738723696774,34.600391809447196,76384693.958159
135.787178664126,34.498390462601996,87802298.42620297
135.748619730405,34.436496919242,112794186.67371015
135.671716721475,34.6160746723374,80412408.78032748
136.49845544933402,34.1523323225436,
136.33924415205598,34.137239781282,
135.926798670729,34.187600101413004,182384925.9760895
135.86816528132098,33.9955926350799,181656950.49973103
135.843664451649,34.117234971296405,195334181.34611434
135.831502727943,33.7576383105588,58689011.2984484
135.865392165327,33.5875584012507,50611515.489561774
136.038636419169,33.7735593126327,28918203.225300934
136.22368343595,33.8293359960732,
136.308514028709,33.944264264096994,
135.910872596829,33.6344618627688,37144232.293526664
135.93726715710898,33.730346869975804,69775355.02857223
135.894333927528,33.7061776881357,59084290.37774067
135.99214641863398,35.2484591005701,179521601.17549905
135.928146319284,35.187820229397,195610448.96615556
135.996301816386,35.3753007388044,109653166.9459877
135.713538782184,34.7825893412052,52995354.18337486
135.77309859893998,34.77230125778309,126846374.69244382
135.973360807383,34.7721700409061,145670266.08532083
135.613519145148,34.3415443431159,120839163.56836244
135.68003371302598,33.7299527993868,150340662.62101752
135.79475923932603,33.6053091160017,124855091.94346587
135.777408471243,33.7036731999429,146855328.0373921
135.50130860732398,34.202968020134094,118870039.8681017
135.42393035259,34.214403854436306,167906788.78809437
135.554916392676,34.3160602424475,62749145.160417445
135.518660791932,34.4178775197015,91452049.62740509
135.25294065327,34.2433372258098,118447815.01709498
135.12823916466598,34.1435846860614,91686179.67621647
135.18007320074398,34.10566275530039,16541329.27901862
135.145637164692,34.2439320053259,135401469.8377518
135.19747120077,34.206010074564894,25967788.985660005
135.157731028518,33.9268858164489,12050633.146295736
135.19920263760898,34.0066299072423,74165647.15573524
134.986984611534,33.8990181044988,
133.49538395985002,34.1935943739258,
137.33928666780298,34.7015153824119,105020724.55444294
137.587144199571,34.6814685446295,38914888.440242834
137.04180177926702,34.500329112717594,
136.943115092256,34.465416986945996,73705537.43659836
136.870809436878,34.4174715503025,128700407.65683271
136.15343493483599,35.6473261955382,108938401.21913627
136.10611882691998,35.7404868015459,155133987.02508387
134.91019179491698,34.8392050300701,116996719.0000431
135.01784533181998,34.98708956647079,180042182.16822714
135.026059596978,34.8918098390631,156241982.92601478
134.35005751728,35.882692707533096,
134.948053681683,35.6826420332679,76506232.36495815
135.09728086413898,36.6257162230839,
135.776765225574,36.0352826600118,
135.723738082152,35.932103320311,
145.02795342090002,43.1026680407928,95640817.55187707
144.022910455248,41.849444269036795,
145.009714281663,43.3790335898073,203059019.24963945
145.653045442113,43.29237797723519,43555781.512969784
142.80954251751,44.4824963368302,429287379.74377906
142.73690717510402,44.63177372359859,382353253.0310404
143.027191147137,44.444895538286104,305722612.6248112
142.89428629895102,44.6682410688327,
142.725548871048,44.783724507667195,
140.477458932525,43.219048680564896,244934651.75243005
141.08512889278498,43.776941503369805,
140.7543928197,43.6757432642058,
140.561056741908,42.6118893742344,516638251.9879728
140.18570736059996,42.6511096838112,350070670.41116333
140.193732861303,42.926530327658995,
140.356181531478,43.0503487149153,
140.382934715892,42.690233059749,500647605.93356806
141.535842640236,41.902468013465395,
141.94327706605202,42.076753451178604,
141.213957042015,41.564127921525,
142.11233636843102,41.9989103426013,
141.895204623777,41.3484051672912,
142.25935682158197,42.459901158575995,292179909.9418432
142.428416123961,42.3820580499987,199084534.0425766
140.377141075314,42.2746514527326,435250070.8346432
140.382819977367,42.0881674473315,371187659.49085057
140.715195089865,41.85728397132149,22818017.821526185
140.786486863308,41.7785933881668,46421653.48412718
141.66048776447698,42.5579459437836,
139.25817818279398,35.799289489688995,111848794.79972348
142.258146532623,44.1747082170537,317486715.8509662
142.528324702104,44.1870774830034,165898239.90962693
142.41609674268898,44.2706286133881,277114501.20216125
142.345423714032,40.3959034846521,
144.4774014816,43.87136518472399,384611153.029855
144.61930111021798,43.72375957409459,317853038.99603486
144.28389232111797,44.0969785234671,
143.96268140208898,44.096591701819804,
144.63724746206998,43.99564470119609,
144.403870062144,43.970232548998794,49852771.80251988
144.89618098612797,43.3877530137777,306598896.76101583
144.81229468892997,43.49698797518911,165999477.54383343
143.985941192544,42.8417402521812,
134.023828766751,35.4897223841622,92540795.89879486
134.42781453080102,35.59697184647669,14723406.49918686
134.48632982202002,35.5776203014914,117290711.5031424
134.452978897446,35.441060312855996,162688839.4987789
134.368975052004,35.4910426217919,183866281.6153908
134.26540259695201,35.491446257091,144003983.3556738
134.310459760785,35.510394166777196,16631324.603391483
134.48521335367798,35.356974665595,201179337.76148206
134.397604052151,35.244617449107,349721718.39429706
134.867751866001,35.6170914189849,199447791.40548614
133.524970847532,35.3749383493803,214510990.8524038
133.10740585487397,35.9770797778821,
133.277641116312,35.781674863994404,
133.00145361115798,35.7126463135398,
132.35906828278198,33.3485188549293,232724925.9589345
132.4013532072,33.4849763204847,232646349.8871409
132.21599849119198,33.343051186750806,365005579.0999053
132.362353850859,33.6601456657983,411208305.15174395
132.70756376641498,34.3337829763302,233198881.11547497
132.565385642316,33.611487406444205,146716058.43590647
132.63409752710697,33.556549516116,179859828.72557175
131.88287386032,34.541588297053195,176375457.7638609
131.748492689781,34.5567306739974,189893494.91858268
131.723499376029,34.413720607767594,432451008.24494845
131.51675106626098,34.4432518573473,285915904.60848397
131.62300109352898,34.361730932921695,314947323.9340741
131.596486115292,34.175331445068,214266919.95042375
131.428662146034,34.3009312668297,243222017.6530512
131.466750486819,34.1734040901561,235562512.98015454
132.01973930574,34.8107198008779,115293832.20680295
132.002188897623,34.7019809951793,190646076.3690037
132.115006921359,34.8892011946203,109512943.23317885
132.18537318402898,34.8324024600618,217536851.80153918
132.626586134988,35.267021932767896,112783006.26190256
132.758363692581,35.3082748687284,159364182.01503468
132.611980002414,34.6724326013142,237046986.84586942
132.920112099456,35.176665320666096,128979194.84588735
132.76867094175302,32.8513066084599,118929024.80263413
132.67667078268897,32.77716183967829,117096630.68480505
132.382217860926,32.3616991601013,
132.245240246724,32.355990630677994,
132.917501157243,33.015435926886596,103857861.87851395
132.806393875749,33.285914785295695,145022231.18997875
132.773304068394,33.377612123978096,153203924.77741688
132.710067782655,33.1876101927381,128967257.48528376
133.34508506790897,33.569447025569396,150826289.37710115
132.72373114951503,32.906497943107794,75117222.05544169
132.631730990451,32.8323531743262,81872776.4133527
132.45105979604398,33.136430519883895,137997203.2367221
132.44658463027199,33.2513885279334,187364320.2535556
130.871796668151,32.189709027501294,201039005.03493616
131.12235186345902,31.8459684453306,305386487.6482563
130.96376945995198,32.098509937989,325182628.27638024
131.561076706587,32.173724599104,
131.509830338403,32.0876701947384,
131.40221053812598,31.880087211112798,202526221.069584
131.348212895097,31.5477174330813,92116966.19837438
131.28424801889102,31.511856928157098,152624103.96140036
131.21334365337,31.165862486394897,
131.08645390361397,30.8913421761714,
130.89220303064403,30.7937184661854,
129.734904595395,33.1308887044542,181161184.13344395
129.745133052447,32.988733362743396,201006181.6155162
129.893289561981,32.914737999686395,220242264.40936732
129.803640857748,32.8794163338729,253751394.6913197
129.875108530266,33.5705639591982,330765981.23570216
129.74537271847802,33.491599165134,
130.19597988658802,33.5707254357156,122080706.9801671
130.12942427281502,33.4403828382789,189563535.02058244
130.192567154562,33.364328325490796,229883059.35554972
129.840253419459,32.2223282865825,
129.86383679755198,32.5444409290968,286866850.24701434
130.51457367068997,32.472498548721,302549869.3000706
130.430438515047,32.742639328941294,228697218.1010869
130.528202994288,32.6839237277553,415645639.9333737
130.02744348858002,31.729432425431398,
129.9779599041,32.0328520637664,
130.106017810362,32.1756346670781,177511258.52066416
130.43599106307002,31.4406075054786,105273813.12171787
131.065963856157,31.5882718492341,214420943.41602454
131.127554553138,31.13387350128,
131.190479426688,31.3725333065793,146501092.3879783
131.08796816217298,31.427694207270896,308492216.4599927
130.97504162595598,31.413006662505595,258757398.07145596
130.48253046199798,29.665752364409702,
130.083407631606,29.404662739983298,
130.13983233523797,30.1013459020329,
130.379353484061,30.361462207134302,146089058.51942992
130.286174922849,30.5442112677339,416093315.72538245
130.22372103552897,31.1519296504845,
130.18997920338296,30.884222358224402,
130.46109490243498,30.759128310213598,
130.32198241840797,33.077655193337705,408240418.9746681
130.902963284511,32.7927219401793,233689970.73523355
130.775426396142,33.1730447317632,317346156.5351452
130.859036214324,32.305818138429004,144147861.44634616
130.749079664412,32.3228562821109,133617824.95459205
130.746507205017,32.4355291670289,169986153.67981672
130.920537266937,32.4512996614884,318035359.3211448
130.856713299972,32.5460671307937,197321939.3743264
130.820354732859,32.7388898959221,167925774.64107096
130.830390055893,32.6504410743555,156385228.36253577
130.71655233080398,32.607527974761304,110393289.34395686
130.634167093485,32.7264394290933,289512387.1124792
130.673895983532,32.8249927121127,157392153.8640899
130.532635677642,31.9269402930027,195031665.04374522
130.938868583622,31.637600052920394,156448379.75091648
130.89122767818898,31.532608684440596,152240149.80944908
131.467504818045,33.5708583120933,138005630.60549346
131.447197928937,33.8986587121083,497897703.2410771
131.389142788365,33.7253037180081,518868370.2643567
131.030957200506,33.460670448315,218674444.32702452
131.047191826881,33.582764704335,126076256.01993673
130.917575126514,33.450413875741496,186694322.49176136
131.18079720834,33.3800810523939,170894462.99147865
131.072855916882,33.3625264180329,193910480.71564248
131.048553840666,34.268728197791994,166375101.78177842
131.105179800837,34.17737582160989,129192085.2203754
131.01767782857598,34.062210329644195,168497730.68982327
130.846647030033,34.070220575872796,282210082.3161642
130.961051868405,34.153562705826296,204087260.05229646
130.932189098304,33.6308363710209,125336200.53770122
130.869602350938,33.553529854779,152738415.61896425
131.80864863691798,32.686396030167,
131.01445469758798,32.7589089534828,110972375.92134744
139.87397500362,34.9550602490562,10154784.617183538
139.88019131526,35.030025337131,111462369.51684037
139.83020610761398,35.0020281577956,41317570.44984999
139.99354376221498,35.0826432598125,77975004.08448574
139.91498517219298,35.093258500182294,89035612.91996571
140.259295397727,35.593676620032305,123873554.67226456
140.346533226405,35.626409560410906,124168612.0244462
139.485660648939,34.297109741687095,
139.39146335961001,34.049476390832105,
139.497598928325,33.7308979565283,
139.790240651226,34.5984426453831,
139.652545628772,34.295463703974,
137.758723326609,34.6914078032709,34746132.46210658
137.88672544845,34.870846739916,34810811.285854116
137.874882029577,34.8219657934995,52679646.86309535
137.941619685144,34.733780634564,49904548.00736801
137.986697053623,34.704122430347695,65697942.2609181
138.025394596815,34.7190647509662,11453588.582084488
137.939856258171,34.7915872246602,44480731.41025455
137.828101824732,34.8049605115311,56971145.28589791
137.82838087682399,34.7365634845845,67383666.21329358
137.78152607943898,34.731578422807196,21384427.226288542
137.780201705223,35.0568569893641,171493159.15367305
138.667022720919,34.824400256362196,148105528.75135472
139.306274472684,35.6040486020637,93918395.5874495
139.00402168431899,35.0417777987673,41349093.175868705
138.92466544740302,35.5403813094297,122666356.13185921
137.623710709221,36.942463737164694,160348699.78862035
139.514970277683,35.6282625927558,139940836.58344546
139.428061169463,35.6125079050488,102773924.23008399
139.372837425723,35.5366056646986,88563759.55416948
139.573865044284,35.7071280177579,70693088.50912851
139.572944149716,35.870080647865194,168092304.15248957
139.51841636304,35.7943883881815,174434096.48894644
139.635555417963,35.658143535029396,27255064.289755665
139.696270649166,35.6969785441401,167492541.73440626
139.853195035158,35.8685708245293,117755089.79451802
139.683500366322,35.8602366067011,131057136.14494428
139.73714534462098,35.8078230275832,99587834.28630157
140.081325793134,35.5461555739455,144038515.87719885
140.353939479039,35.527644171937496,82050707.65913357
140.376160150083,35.4320296546788,152249379.91511178
140.30978530156497,35.3140518536388,111031093.41737889
140.266701650361,35.494911231558895,70832463.34934291
140.243677949628,35.4143420859459,155481473.78803158
138.84653559783598,37.6743146307561,112989017.14801745
138.63918886791598,37.751768375940294,
138.697017657792,37.8321463050102,
138.43771671714597,38.1316227257064,119088454.01992787
138.47278791634199,37.8008415104694,
138.294248455407,37.8809926532202,8867063.038230984
138.360446631594,37.96344355797179,86407940.11397748
138.330680458509,37.1279158800957,162166858.95939696
138.211635624183,37.145816060232,169160952.9455939
138.22179599471102,37.398863990241594,
138.28214536583698,37.6168309713636,
137.70106017350102,36.706307893110896,353396011.6926558
141.14188612649397,37.80844567797659,
141.146879250465,37.6843806123906,
141.257792114736,37.4277003066549,
141.09041577404398,37.081996147861496,
141.88948410255298,39.715149527522705,141524324.02589908
140.699287104156,41.6452588682856,336539765.6265134
140.39334575801698,41.74422358682399,311472456.4938805
140.64426906317698,41.819038301937596,173778848.3795384
140.477659099173,41.910734015782495,326945841.8416713
140.59238142912602,41.9246772899823,280366440.9333666
140.62137305634,41.4464185863024,
140.43318658353598,41.4943232263593,
139.20698543924698,40.1033082434358,
139.67861367837298,40.8559972660059,
141.82933609128898,34.847504851005,
145.988219574681,30.177614459747698,
147.096737995086,35.544152059983595,
143.089353143649,40.59966190643879,
135.096792179679,35.043449244939296,169535183.83164322
135.224090961861,35.1836172410712,180196021.5347931
135.214582916094,35.005454681442295,120717150.2181021
135.27807257316,35.0784454799658,162876038.31130928
135.277019638464,35.259667897244995,156691471.32066688
135.594029347656,34.688796464430894,99221038.81963538
135.525999221349,34.6052952483876,87603659.08941501
136.67109185063399,34.2749458799616,41068839.16771629
136.607026814445,34.3342741205442,108947587.97267736
136.007522847504,34.166931149848196,146564614.05905405
136.077319833774,34.3188183142794,195857123.00948688
136.199141707035,34.1461740857622,165532926.01840067
136.190737614195,34.290564401286595,384638015.9205123
135.97425186826797,33.80951909429489,42923435.23698165
135.958532597019,33.90847299658169,89748355.19375588
135.944577722646,35.4471050793189,132770250.75484408
136.008771312645,35.530865359786496,118009098.06427869
136.00954363540498,35.6543711423064,250583797.45462477
135.970866250197,35.7685077111747,180962519.40692446
135.55475086256402,34.7611045259016,144609236.74354136
135.839357849019,35.2281248401995,118805215.3745111
135.735658746633,34.8673499123004,46639734.59727491
136.174112613528,35.3327238165891,138833774.92574748
135.83980408439098,34.8527157325314,101346016.66758741
135.928122121704,34.848481451001895,160239713.18506125
135.80922199290598,34.9212659451579,46718829.85557177
135.925798734066,35.0506165438044,161009238.54923505
135.98713252007403,34.9613877295782,158195737.34796932
135.645487997943,34.5430064002287,77531741.71326943
135.562276893219,34.5390358683216,103442179.96605563
135.551652832398,34.4736279194373,50322938.539963976
135.673936039521,34.465429993978496,71503943.38454346
135.62592270800099,34.4272961224137,39985833.41825689
135.777003065121,33.4897799827371,4325504.955313333
135.75553824181802,33.543515938604095,65779874.77522452
135.441448490601,33.992589743399094,111795724.9458138
135.43245588328497,33.915597950015105,91443205.887776
135.353568199509,34.0426029235809,87199172.92771487
135.27156864028498,33.9853933571097,158792629.31324434
135.414142814775,33.793145939440805,67251968.58400781
135.537224961996,33.821247301356905,73944319.33174333
135.473629028892,33.8568754015239,103272608.53136371
135.699774625404,33.5347568925963,74362203.03723307
135.721239448707,33.4810209367293,3253925.581838019
135.10020333519603,33.434768327786095,
135.295141872726,29.058918998481897,
135.826781366793,29.128852998049197,
135.300490657794,34.3262510755956,108123545.2081778
135.444404801607,34.411759026612,157757679.69310674
135.403282147617,34.3213775836602,128997592.62809868
135.238605593586,34.4698533006036,284553572.17086774
134.812415833491,34.3890329851101,108831609.80319862
134.917081592535,34.7503966287984,112744396.54633994
134.87166544127098,34.64654131136879,185192023.45037052
134.347612711785,33.5332170219321,
133.498800424836,33.9902359698,144786692.48384103
134.26355321857497,33.467447551870194,74648726.03743109
134.30466745673996,33.6418991746299,113276533.62327556
137.14125346977,34.680788329657794,187791838.766234
137.231478676347,34.739674667101795,155941180.86912188
137.238844912983,34.8300274542528,147515755.32172066
136.801985393304,34.589455554182095,226210375.60341606
136.669603976103,34.4025772962102,87951939.4474531
136.872062838192,34.6727972745099,135814902.55332047
136.910094447984,34.579659413227496,147815706.51426497
136.982400103362,34.627604849871,100498838.45329954
137.02814538504302,34.7112488366358,156037082.41067475
136.583493048057,35.1243467580456,143078161.30005902
136.610319731787,35.3313827970378,137116784.63297495
137.179431101625,35.222607444660895,146448474.87599868
136.223305593738,36.289771406592,44811747.77528266
136.10998524024,36.194873282353505,29092037.573909156
134.823555326097,35.075896245248096,182829196.3479289
134.881486959021,35.0003857627182,145948182.33950892
134.833555249338,34.8991218464559,162981150.58464852
135.133370174847,35.65887851519069,161813917.20474622
135.232517119161,35.3883606623481,215133578.88300756
135.26061832542598,35.59126405931249,165576399.93695882
135.31644079928697,35.4516469824165,162200641.34070402
144.84857882682,43.01997547054349,76346652.9323075
144.93243062413498,43.0985072032515,148116750.92459562
144.848205754131,43.223835230195405,252043481.64483243
145.10525363343902,43.1691410101644,202751020.14549556
145.100367498768,43.2732798312408,204588184.75888205
145.288491351168,43.1614668646557,212693560.93495816
140.621725281114,43.1396870245242,321176618.5237409
140.75191762391097,42.91010800338899,303671354.5495849
140.89436895402,43.0351408315224,254350993.3381207
140.71820313569697,42.66252771156089,137286090.74867493
140.756772168408,42.764687352908396,254627412.93431216
140.81661900645898,42.5809407960684,55047278.247478575
140.913902073846,42.7197446432955,234511099.02719542
140.919052802055,42.6197691395124,107573010.06526414
140.41139660941798,42.93854256764819,141289301.89058244
140.44617529453498,42.853847556329704,311478865.36842537
140.60401565892,43.0372532769234,106297975.11956403
140.638794344037,42.9525582656049,247021742.7893738
142.23642631486197,42.5833335004407,298287708.8136282
142.13266206899098,42.7098241784412,
142.24656705401998,42.876219546573594,342066781.1705591
142.39577091880798,42.8618416168437,193092571.279309
142.393755063747,42.7197714072855,260284339.5093389
141.98873534310297,42.7105582843566,
141.82797154775702,42.617820116100894,361570091.01308024
141.878895884814,42.8778660782373,377520681.42131627
141.44279977545298,42.6552395211195,223030081.3007807
141.267049278927,42.6593544065898,316075352.45804137
138.737944531362,37.168578432100496,263287434.59313142
138.280280519007,36.773745038055296,220187783.15667486
138.27865429831198,36.9042405591981,238829445.95106748
138.364874732073,36.9847926001884,318518575.24566936
138.8961193323,36.411610615452595,262190759.67040408
139.25857749619198,35.8926059417772,146565861.29417205
139.345665869817,36.0131287952865,144024650.14787483
139.35259773322798,35.906423132253295,160224366.82582572
138.969028337337,36.2927203773321,155142958.4948507
138.482226715701,35.999639855982,151048281.655878
138.568475159994,36.0980745305301,231691590.77717662
142.679724837243,43.92702909610949,314147608.71672076
142.512368417892,44.05836935976959,188822146.9992066
142.486171197876,43.00776362684999,176138977.12927616
142.248818112225,44.0161119575991,190293996.04944798
142.390812038079,43.983324230699694,406388283.27627957
142.038411365004,43.82004250750499,326515215.78477997
142.159297318533,43.8695212448031,116680478.53848286
143.21258583248098,42.244500780768,265084326.66080865
143.154434274885,42.1392649440708,281593528.6253785
143.78221109759102,42.5854565734455,
144.141176717439,42.68620439532239,
144.339520517742,42.709336912172695,
143.418329349405,41.5346448731247,
142.79489351922302,41.1924086974983,
142.27350075371402,40.764192588725095,
143.02767816843,42.1410474881319,227515667.55978906
142.391087903823,41.5904583138891,
142.12758624995698,40.9419891862872,
142.60866706706398,41.4754901368566,
144.29055791449198,43.8421641131232,364683653.72810894
144.129192975933,43.96605680794799,251995209.14220124
144.21702649503598,43.94103147739799,29740291.820196632
144.705471042363,43.111413963113094,223021323.5228211
144.723862316385,43.253438750213995,311105114.1660984
144.442786973397,43.3449332618478,296469666.7680173
144.574111399641,43.4492537670873,269104557.0618785
144.682539909039,43.4161997398206,134496552.73942456
143.282830420653,43.8605016498528,233938768.13714477
143.18141885949,44.0210252442213,275518473.603786
143.03787281553,43.9429643314266,431005977.6630131
142.867059701883,43.5795559902285,238206546.93172288
142.74410622846,43.7711975661543,247795189.08133566
142.603940096475,43.710618281688596,421528242.3920307
143.335096983474,43.2915725354541,189386344.43770465
143.362514864745,43.451076193493094,648696766.9959321
142.997926137264,43.4860865611062,
143.07461264117998,43.667834648479804,
143.233951515699,43.6474732931523,
143.354943865254,42.3287094463926,100183319.63948058
143.45864637396602,42.448265203287896,
143.295208989339,43.0621100406651,330746517.07998246
143.525431674768,43.1430159532647,118946689.72510414
143.425815074091,43.1789686566348,283426141.90472925
133.84855957209,33.92621243879339,138766422.52009133
133.614335666823,34.6424142437835,293299951.54489195
133.94057661613198,33.9866347869543,147373740.71852532
134.840620832709,35.1859562448141,172161176.8857419
134.712507498657,35.2501360958538,169394618.05315188
135.00449397375598,35.549872660533,170858599.80717006
135.10484987049597,35.5479469794537,229816706.425259
135.148174340949,35.4170462035071,143544718.79624414
133.61179595081998,35.423221533579,215069482.67501137
133.589709176385,35.752721309639405,
133.464850653486,35.757298965828,
133.367956893831,35.1643076315586,193168052.6474113
133.506101824623,34.9874066320944,336303004.78204507
133.547920082379,35.2625247658629,175142241.19004345
133.453101211881,35.166003169987796,260578280.41655952
133.37246025345,34.533692511044094,170936868.5325906
133.41103896519297,35.425593098065505,106659616.31444791
133.310654531307,35.4982521804306,174130080.3278814
133.34884388199,35.3114839761189,150265587.64755473
133.02620951532,35.4928900197003,112372404.50207686
132.94781908181398,35.4082953573459,131060877.29302208
132.972293654112,35.3095395085851,147853748.09779072
132.625978785729,34.3356091220307,149862559.50357613
132.20531651283,34.6899570066984,131390009.77994572
132.145793382405,34.50216318895829,264887667.0292008
132.117399842043,34.6380169355583,266594105.86808416
132.254536493673,34.4441639817924,141776052.1568519
132.43526031948298,34.07662089244379,232276207.27479318
132.58641829884,34.1946537786414,196453304.22873706
132.507621092682,34.2200798604456,148265266.35526153
132.44582885585697,33.8602000640244,
132.554362284762,33.7977609038982,
132.942446535789,34.7024383894353,191608922.11948973
132.785576371041,34.2397688230191,131093814.63784306
132.86939632820702,33.6661172055846,153538913.35026252
132.712030976316,33.6006707912139,158729859.39521262
132.873064011402,33.530975393117394,134746476.4598655
132.79158241704297,33.49015962676889,261904027.52229288
131.35741074522,32.9922867130395,112153873.36030829
131.53971130667398,32.9093678594208,121083509.85479386
131.457986503305,32.984897484369604,162713077.9983989
132.14229368240998,34.2137738674413,165244596.3335086
132.237979942827,34.316092648873195,136037082.48692945
132.33110660922898,34.117266408152396,389515520.6946136
132.32493528975598,34.27962152701679,205636861.61041
132.23993378742298,33.7382454200418,514103035.4534802
132.135863352174,33.5576084065497,
131.930526771219,34.4198455995405,196942455.30116174
132.040629119883,34.3967232013449,350036892.4676845
132.053685970734,34.2364052127471,264860006.65279445
131.837792308926,34.294594740879,230194126.20419925
132.619017308613,35.1427537478292,186534178.6541438
132.73914020845498,34.892550889284,145780339.7265866
132.81144449397001,34.9520336844096,201682946.0670314
132.750794866206,35.184006683789704,271530439.06960034
132.828482016714,35.1180578016708,252404840.04115322
132.54765394566297,34.8059251633896,232075527.7896014
132.43682756607598,35.033333766255,141753419.20069024
132.36017283564897,34.880330552773195,187565172.71595472
132.548462988084,35.029291424529596,358688096.88660216
132.60773638681798,34.9195663404687,194827305.99696785
132.95095627806302,33.633821030191804,121454466.20671913
132.954623961258,33.49867921772459,99161279.75236681
132.966670153185,33.4129905124521,90103844.75902009
133.35853091318998,33.4705968445761,95850668.1319412
133.45763783483997,33.4908444052842,106652695.01989566
133.237637230434,33.372933070930195,9200451.342613922
133.22459800448698,33.3077723286561,4645302.154198876
133.29580263331198,33.3998617524594,96663801.72060196
133.28276340736497,33.3347010101853,49202124.78268879
132.924328014489,32.937300537206994,103234355.04283832
132.90645342546,32.79249455225369,92582032.54760185
132.861475970322,32.86093079161199,165509207.44761917
133.18631346998998,33.2684204212404,35552807.05798482
132.76317777112502,32.979661644006,81575369.35432981
132.845533434735,33.108581479399795,87265961.90383144
132.85845605901,33.03839641794119,73714702.28935207
132.73619561627697,33.10597331657549,103316102.39088692
132.697243705191,33.0246634380432,156509761.23138136
132.522090662247,32.9107022059728,87758507.05581872
132.584434447245,32.873448031096196,134408344.99646196
132.610500540375,32.992594593914994,91622749.48472409
132.51819807487797,33.057012935769905,73799242.037403
132.56648232930297,33.0758853720042,91822028.76817478
132.644841792573,33.23343397790129,160651134.890186
132.57820467695097,33.190948977826196,83622197.63865012
132.664763426877,33.3503145840051,106292303.68998305
132.605108326317,33.418740811698,122957733.85734378
132.532427271816,33.3979457774094,113792232.69910704
132.52544525675398,33.2870345496414,103301677.54511847
131.01257773197,31.8578662164345,93691315.01017281
130.96062238802398,31.960323935304597,141430882.96301612
130.93175190536098,31.741986668214896,162882618.62326068
131.615156831367,32.393526530379305,29446961.39981122
131.673087944343,32.5227750279036,61179855.60262834
131.56885318552798,32.436331026168304,97128999.0870388
131.420130489285,32.710321104087,301885200.3070582
131.52065753890798,32.766112404732304,311445961.5166475
131.62575174510297,32.7011590827141,271969608.65927106
131.626784298504,32.5655795236926,209226045.03804493
131.47749701539198,32.005303106271,35671255.30984934
131.462108431071,31.9557490551717,20273274.9756851
131.07028925357397,32.164549240731596,317978865.6037428
130.79160361492498,31.509793590511496,165444654.76929736
130.822193862261,30.4340437772514,181152153.44784206
130.762142198028,30.6698629909716,
130.685650171329,30.3358822600515,197357345.18782732
130.582213422705,30.624830629658096,
130.52604848976,30.334908940726496,172042267.49498135
129.81803971438498,33.1751938881594,186529878.83789036
129.81382025970598,33.30940900163909,329321779.21172404
129.91791687566996,33.0683602122621,131598694.03267738
130.308321411312,33.3824878590225,243742415.31399766
130.379704705602,33.2362395053205,233848887.36919296
130.408086447144,33.5066270575278,251195335.15099716
130.317716108415,33.5185471080702,191840721.97908497
130.140354789654,33.2184538637292,171739921.4161625
130.19838675920997,33.078029085278104,367580380.540841
129.99498174507897,33.076722228310196,174712147.59365237
130.030822360659,33.19218283709459,155733944.97612926
129.96656481372298,32.525377381975495,333360447.046804
130.23829834765198,31.5246870436839,298827548.77370536
130.23045977825402,32.0997065379837,168742558.28549427
130.475388606255,32.1484818079689,280439150.0175824
130.452999288744,32.01838899088499,218534466.91262594
130.535081156403,31.474593979157998,132888417.98150639
130.61272378803,31.472055264388196,85780510.81621529
130.931312982591,31.3057317300717,211535616.8523811
130.801949120271,31.3849300934433,176591361.59223017
130.85983523774698,31.0309883161608,
130.98131464525798,31.081759469537698,
130.53177429712198,33.027025010529,117085784.58132486
130.67744521190698,33.1295698060239,195580292.8426206
130.631698553697,32.9419486210188,177712545.0362554
130.69865697718498,32.9678773745508,107043644.44222829
130.34439395036398,32.917058832246596,154011072.20287436
130.39894633458,32.813079070262695,89315223.57375918
130.436515447293,32.9379931416063,240362203.23012722
130.832588216055,33.0626259197487,128610091.31452876
130.864804504104,32.8996357430631,168720460.2363705
130.782279114135,32.946479035932,107490592.74898133
130.56058998193203,31.704581711418,177785551.89040607
130.573176079863,31.613977647063898,72853941.82281937
130.511369267829,31.573872195010196,153434384.72129658
130.412279174496,31.539885721330798,113429275.60710703
130.425994499493,31.7901402677067,56528959.86918841
130.489852413063,31.7994861840216,182980050.74893486
130.37216297318398,31.7263262954088,107893584.22667655
130.349516891352,31.611081673690197,254908379.96604696
130.73493029282398,31.5652987121109,62992652.79642417
130.65286414692596,31.586227008071997,23891766.919905607
130.668699966519,31.543582841248497,33950659.39780313
130.63929703044,31.9091715113919,196394599.33985084
130.854334611198,31.923820586337897,206683513.2439237
130.844480313393,31.7803872474396,280484544.4997225
130.706966489484,32.0473619556321,370081417.61015534
130.796230175556,32.0441011734096,169471747.2602455
131.947873669689,33.1779353836491,548593301.5268629
131.193417832818,33.2572963374267,175792043.48276174
131.18231769627602,33.025870695638694,142691047.21249238
131.02046224677298,33.858259143135896,159154203.7574715
130.986164830191,33.957966657387296,139436833.51109695
130.924088578437,33.7315850764761,181350866.78589615
130.782122529795,33.8872056335307,189815391.63940787
130.636517198451,33.7986024843984,260295644.21662807
130.865014369782,33.86630409122729,183259113.18221414
130.835104384413,33.7476182999934,165959741.52610788
131.235492968217,32.84300261094269,294537900.252673
131.173238544282,32.7535521978786,133431659.0644137
131.157437247903,32.931599670683994,117254627.26670478
131.060825310063,32.8855103377449,69368620.17518137
131.062784804094,32.815516647813894,78041626.1211444
140.36100737217896,35.8268124244536,78790616.4716176
140.376121600605,35.7174715809648,92038557.78746536
140.48666952470697,35.737419298326905,188286369.20864636
140.08719581607298,35.077836993153895,84487128.10311559
140.12985626293502,34.494075560801996,
139.931738640012,34.6686325186938,
139.87252887158098,34.041081603394794,
140.114221369914,35.438144340149094,124395503.89316241
140.180157352323,35.38501625915519,117955514.06848451
140.14449173257498,35.1879417149139,184415887.2525577
140.20111757609098,35.2467765695067,82024657.51149529
139.532315646306,34.002938767393196,55608212.422915496
139.559965960998,34.0089323069793,24776590.30683754
139.49598498640202,34.0819124272374,17983458.317223717
139.523635301094,34.0879059668235,12312095.709452009
137.66657710215298,34.7053527723012,28596414.181964982
137.71117970144698,34.71812490995969,33908581.00684751
138.342136282812,35.1944464777059,146498494.2308158
137.95149957038998,34.870720869170995,22579317.9215702
137.97506942983497,34.8320240519064,39147198.72767524
138.03598863397198,35.3949098640291,311308780.42929775
138.281171756541,35.2673113264923,147938768.35422477
138.89326705089,35.439809561610296,191757374.49864435
139.351009228761,35.3374892416656,77432993.80078913
139.303183641798,35.3894705783454,66493910.927006654
139.419385103823,35.4096517936887,98726428.86558296
139.37155951686,35.4616331303685,75141547.72078004
139.249456501716,35.4018128926572,89349405.92105106
138.216495514812,36.5213263604475,228309573.36997023
137.73302571995998,35.190973276060795,239922609.14052284
137.809696978734,35.2702491830106,204582698.0653997
138.39335840342102,35.960254283266494,140631273.68897006
138.31678901779202,36.0006603809193,263009459.75565135
138.166350796452,35.57450349253679,
138.14956917478202,36.141535912623894,143071764.0829572
138.206168747592,36.369112343371505,250839590.9265954
136.71243106629902,36.8235202970316,83117467.93068919
136.82871995291399,37.459458226212,
136.256792464716,36.916171808287196,
136.00001427177,36.384251249662796,
136.40521652082597,36.5982642655542,
136.53580856031599,36.692485551816596,
136.62279922038002,36.78212850729119,
136.700135425986,36.93659744085299,
137.060718807375,37.5725021710203,
136.937489634858,37.5590706519732,289413680.72483706
136.927456188303,37.403046331632304,13863538.349507524
137.284884335247,37.223595194874,
137.13380317820702,37.3913451252033,152418261.68232
137.042485064265,37.2837322912296,182459189.91237986
137.039982257904,37.1128326948984,170343771.15362006
136.91804793922196,37.0107594019152,243011322.49256948
136.837916499834,36.9088770571686,236706630.89693123
136.58499382129799,36.5199297064602,131252679.79122528
136.49800316123398,36.4302867509856,172225625.81437898
139.594685941986,35.5452347700351,107424322.99307051
139.52618866906502,35.531238292156196,122325071.85486987
139.6023840321,35.469504734129394,82607221.59696914
139.47133297851602,35.418911043671095,53973411.321669966
139.536991145376,35.334147889167596,109630521.79777299
139.599544926039,35.370745101747,113462019.34998077
139.703572642227,35.433652785682796,122280801.28428677
139.764000248862,35.2373113427907,140310648.1753303
139.70073353616598,35.3348931533004,139810690.30439
140.201720842425,35.708175913624494,248365865.8955634
140.11271092097402,35.6880959321568,205935853.3431805
140.058780707868,35.768861898419104,88418652.61652261
140.040326693454,35.8632142879032,107044409.04154865
140.232410813121,36.4234673909898,287935671.81032735
140.272127891016,36.552553592078695,148743633.8128688
140.378215244553,36.6194833557663,219270508.65958998
140.484342870729,36.582607116759,264622478.6524625
138.99060390956402,37.7266755668055,86726838.92012258
138.939398317302,37.6725720150351,141457837.59162718
138.41931531747002,37.2278603629812,183296940.00424486
138.36061985427,37.463727524239495,
137.800981730346,36.58479414470099,140323731.43527347
137.881985302512,36.5517886029186,120128370.49288678
137.892144419832,36.4237693357923,89292612.17109855
137.94218171560198,37.048572952182,116704366.74391855
138.05044691799898,36.9886559324832,403452924.81592417
137.759244551148,36.949767497048995,168374177.23682526
137.75873984829,36.8368770045606,405160187.12869453
141.12690675791399,37.90735163072549,
140.73521712412796,37.041012684951,176497764.38910863
140.74785276377096,36.9134310393915,126118995.73627917
140.64188953115396,37.0646262943539,178792067.8107248
140.56909392477598,36.917952760840805,269702918.1726893
140.79493530504598,37.1997763673283,183369976.77303797
140.80600063840197,37.093704092283296,94240170.3497373
140.88910952001598,37.2267283798575,196513720.7129268
140.898696644541,36.690001699893294,
140.81715806921397,36.53546804180459,
140.81863627804498,36.966122446723794,34119670.312992424
140.756172505047,36.408106758873295,
140.595619695267,36.6601787861496,204037714.3152085
140.621723594616,36.7910635013691,241438497.6055164
140.707154840637,36.8101553893227,51444684.08945285
140.476808104281,36.8944456014585,182145757.92811805
140.72783546236798,37.403828275763395,164101944.43398458
140.71480866184498,37.2780206727819,105488211.63650951
140.63254640222698,37.1955620071398,133290531.18652768
140.39911498103697,37.3353498366255,155527047.40019852
140.54421191989198,37.204718392743,188741984.00487584
140.511679340142,37.3232321958441,235975690.37287858
141.555613449624,40.3931528460768,246165660.88948748
141.64413040037698,40.3220839393449,151400636.33986315
141.237654372045,41.3864037707175,237428326.033254
140.54484441663598,40.8824643023709,261436197.84136385
140.512027378668,41.04204991088069,212257987.16807875
140.128579570617,41.61864466730519,410236177.63759166
139.644702473166,41.864366727641695,
139.853041733823,41.778549317574296,
139.790997225561,41.364034461872095,
139.97926167723298,40.920787398678,
140.064035279025,40.623751738881296,264680437.8111233
140.373094943301,37.472058559386,157820209.83244625
140.28697676264701,37.5290801179932,211101089.32202178
140.562998577705,38.0562157248273,219088336.92481712
140.28445441824002,37.6530919322382,94048916.28067592
141.682251611208,38.8223776503057,
141.58255133223298,39.8013719020896,380971501.68438363
141.69962679684897,39.801424664146204,244743277.7462773
141.79221666027,39.6685796969715,333920068.55088973
141.84268538955902,39.538252687642505,142410461.0811562
141.503878236996,39.6908532130638,254581398.2419178
141.531291085437,39.520354693620895,336360158.4114174
141.33374977487702,39.77588597060429,287003609.1627738
141.24026538091803,39.69174529551329,309894253.623913
141.086403468648,39.7123181000271,248148308.8357415
141.04967661836702,39.5492570710941,290631391.6417309
135.045336432435,35.141135288357994,152067271.53579676
135.109145557551,35.2083124859664,139037172.50938553
135.077731455942,35.31304868329919,112150673.12789758
134.924216712285,35.210999358252295,170330969.94295335
134.910784045686,35.365949495688895,291518847.6260232
135.000489664227,35.4008216231274,187102063.8766035
136.534124092113,34.3755084556983,109918365.13772213
136.597843506201,35.019656230478695,147889333.30548838
136.730450440848,34.73891230367909,454876765.342109
136.331347988418,35.0981353397829,409380080.24569666
136.05329282338198,34.046950121151,200296982.28091326
136.157570141274,33.9707154983757,24352345.14420673
136.131493902492,34.054446970057796,102609408.77946086
135.40560118569,35.0692120390689,204791339.73597476
135.450286370058,34.9606268263428,257032409.29543972
135.45307031496898,34.7432436874974,108211216.40287228
135.446526966036,34.6396910168001,114446525.8416917
135.39508725718798,34.5492153019431,179686327.874632
135.29207953898998,34.6024360839993,333059898.29833573
135.845247013377,35.4538663684557,141490431.07197547
135.800973754479,35.344624052113204,209334813.54640087
135.87076321816798,35.6517632177916,
135.71386952243998,35.134808883061794,108726688.09086846
135.792727359201,35.1287620438062,75052623.33530848
135.836508860613,35.039755270707,112454365.22277932
135.803707587735,34.978295489299796,68186096.48794433
135.34956414662096,33.8584735143633,57885023.83107721
135.27655719471298,33.87825574127609,182451281.90411064
135.34645326773997,33.7877851509066,40255937.756105416
135.20358062976598,33.8415659292909,50555430.01812014
135.416433082392,33.724069824409796,75482393.30643903
135.348743535357,33.7187090358756,33809709.175412804
135.27887784929098,33.752707587347096,44751391.1682492
135.01326713635203,33.4859133781029,
134.69223564937798,33.5427999985386,
134.770941148041,34.2991588307577,82743624.4262857
134.881191151938,34.278205285321796,176641220.78244656
134.97658711472099,34.170090273237605,438902861.0109478
134.843873384088,34.023031184617196,
134.936757458085,34.576578726327,101840365.9538277
134.97702803062498,34.395987983207405,270921129.08642817
134.90870081736298,34.4699328823113,127954246.21158777
135.08982199343401,34.3882202903877,251933991.84808996
135.125256532959,34.526714824215894,298666454.9479687
135.05102757993,34.686183694734,186651498.0017185
134.982173609349,34.6804340437566,54989252.94683105
134.678782914786,34.2398456856654,74775391.57504417
134.82987181438497,33.7124567455005,
134.794776280956,33.8156115096591,
135.040819917465,33.7546208796654,
133.873169987469,33.4685376708474,116034576.38667326
133.547006050458,33.489780730329,63814046.448670544
133.706298882915,33.4358638385574,
133.789456656306,33.5641180921827,137104494.31045467
133.405375354944,33.686087291043,121436731.2628691
133.37837595515398,33.8288874705969,144646103.28577965
133.43690140868998,33.9070051410486,129766289.90230392
133.608985058604,33.9777386056614,96174908.03452963
133.721224966824,34.0114280393811,148436509.43748355
133.763081650737,33.9454811863926,114731344.87598236
134.449748970471,33.7184831094705,106771610.09186204
134.52275356261498,33.7706932366023,41357562.50700602
137.391336752274,34.7735596299333,92562176.83086504
137.343836402784,34.853339840781004,80187120.28338629
136.75825664328298,34.304445672354,74066156.44548628
136.727464209501,34.3832918149512,93607750.22039352
136.810898225265,34.3606990794507,38811209.51111241
136.78010579148298,34.4395452220479,63662407.395836875
137.10909398937298,35.1651325430592,117340107.54583903
136.781599745406,35.0716296569496,164005043.79597777
136.84040591753399,34.9005543745221,27190670.37956396
136.508129845131,35.400292836678005,43669415.83583781
136.30992491427298,35.3463078263856,165300068.43303555
136.394301382449,35.468532996312895,291934161.6038788
136.487806937625,35.4884319135555,93203872.39320792
136.389587090592,35.241120072879596,317273250.64048296
136.508852239551,35.22727632006,136264810.6551544
136.524179446677,35.316249977471095,60236084.92246247
136.75696057623603,35.17710029783069,103506739.77211821
136.67850589582198,35.189698696531494,211721570.5260749
136.690005372426,35.3077610781126,124949495.00520478
136.792188433098,35.4071400068925,126557034.13534757
136.132511180754,35.86258336200209,122092054.30689628
136.12202783586002,36.0996539342406,169803062.10771763
136.198685915952,36.1116147200424,133640808.64982896
136.060963419579,36.0042741518394,153846021.11329034
136.06330802176197,35.9133191482494,113635820.31136833
145.183572230796,43.38587015474909,183873394.91203365
145.098409961208,43.5847133881038,113459534.3496865
145.092919013691,43.4916239133156,178690674.177188
145.16478045682797,43.74129272860379,
145.38799013696098,43.6429793715894,
145.55301245641198,43.4126424462522,
140.88679471485298,43.152335762190596,104672539.08245775
140.74219486961698,43.19057553216449,169443522.7679738
141.07326443934897,43.33289565739529,
140.928664594113,43.3711354273692,
140.949280412325,42.0795160758885,
140.94492337140602,41.8683291923556,350245059.41237295
140.74219447298998,41.9443787649711,72337136.76415974
140.813486246433,41.8656881818164,204536976.7794728
141.180787362648,42.26388635634989,
141.041109991782,42.205363550549094,
141.158381976744,42.5418186310095,320053660.22553194
141.004169146236,42.5445289866135,201832567.36403626
140.95999057120198,42.446651619329096,125685193.22948326
140.83351352683798,42.5234836986861,49619103.02067304
140.8917687474,42.4644346748457,35585859.57545661
141.552501214212,43.372258095091205,252437942.36686468
141.458696188986,43.506722909598295,210251456.0168605
141.485092635744,43.6564849145667,328976267.0879869
141.65283012031801,43.695318090527394,515085163.5051946
141.51477122425499,42.7667719970898,189837438.14297408
141.709851837576,42.86142070993859,236324284.18134192
141.667052384616,42.7521905843769,280893915.9313758
141.23502869130598,43.34323472405189,
141.368435265981,43.4188360264989,129054638.08780174
141.46224029120697,43.28437121199179,234174000.76565194
141.243335690523,42.799866235334996,355332875.8238964
141.068769508887,42.828096509691896,449821256.08872503
141.05409093355797,42.9980720474382,514180837.4539417
141.410805935157,42.8720441498217,212176868.84645498
138.922200407265,37.3625640785958,168401595.98611674
139.029345714996,37.43889853572001,90209472.35831013
138.97858388835297,37.5694918674141,110659910.50843973
139.042300959342,37.5530284579197,86520485.82158725
138.74495666341198,37.4448554952978,64802230.13988011
138.741798339276,37.563579636362995,60311623.134663
138.81290488124398,37.5815461255344,116055334.08425683
138.88539926108098,37.514951143365295,118982947.65436926
138.841971024339,37.4221532767467,199350225.83178878
138.927922671648,36.9952500223416,275634952.5655341
138.90077223363,37.2620133573402,170677466.9368874
138.83764213393798,37.153220730357596,195876862.7499439
139.11237005506499,37.335541459461304,319136666.853148
139.227057815142,37.3298512778697,317510693.6431367
139.05313262939998,37.2107854399776,241170306.7490086
139.06666401612597,37.049963128817105,502774330.22330725
139.16371520336997,36.9178619919186,322494315.8733654
138.55304789954099,37.12906432057349,102906818.81615514
138.677530763343,37.0911931823994,156871040.05496746
138.959890141248,36.5050102075593,159694406.77365896
139.100262469278,36.711763919787,243712254.76563266
138.72086846913902,35.8800620909544,365836311.6297569
138.72348642398399,36.0311772729249,414850993.8812064
139.27579120464898,36.127179699055496,108578399.40711574
139.182957455619,36.1650824024061,249923158.37090173
139.29614292594,36.2664633262998,124918912.30503632
139.098760486158,36.295606426365,158859831.65534884
139.095459169656,36.397125769082095,196112652.4715758
142.475685976503,43.74115380416429,167253526.20518756
142.393715041083,43.8410214747318,244564660.70905697
142.24526174123102,43.780111810307396,196995563.0806335
142.345664663268,43.61222392110869,219279010.19745934
142.22895358220998,43.6575527564385,256530337.26948
142.340911015347,43.478151154059596,308974411.16323626
142.440539434842,43.1562924881451,270808932.22505313
142.279744142646,43.0792082560059,
141.887878256487,43.0508389508868,461104558.4850611
141.743701942227,43.1465368001448,265981731.52248484
142.10941470062698,43.168497925146,
142.14374864022298,43.36441344830099,503069475.04791796
141.893006676927,39.81413593655849,94666424.26115023
141.880554062313,39.901126145334295,90819015.58989553
142.343846888397,40.532961550808096,
142.33139427378302,40.61995175958389,
141.73755372377698,39.9805166968185,182582144.7475892
141.826741334124,39.989144253643204,180070488.98952144
141.817739717709,40.1401161396114,104652999.6738724
141.669450181479,40.231508440800596,234378914.00524685
141.631231263753,40.1211261697983,316475133.9705529
144.340671252657,43.7186249376096,212708751.66994292
144.52278224973597,43.5529516435959,134616363.16463384
144.54191393637598,43.6245841746264,149600095.98529232
144.30966285713998,43.517257962321004,184861855.53015935
144.19842290891398,43.623986605056004,606830511.7241846
143.480159829072,44.040684851397295,311433273.7587404
143.401972348602,43.870902265020604,243911751.29318103
144.53473799737498,43.02743871981059,236492134.04616347
144.589974013221,43.142009729230494,235006968.310955
144.458615087094,43.2254559181104,160136194.25291073
142.62571951498197,43.5517101707556,262701522.30710882
142.492711747089,43.448172926182195,245299173.55902535
142.520894005248,43.306650251865,265011433.71325096
142.659007535847,43.2497437520841,292167995.27335656
142.785520969905,43.3058633502297,290225302.8651777
142.78041520719898,43.466307094583996,361086396.17369986
143.039502892506,43.2860787885504,187685231.97700956
142.913742219831,43.219104473318396,161743073.83929008
143.151400514958,43.109673590834404,323605796.22104764
143.156894325522,43.2521961358212,195299238.8878954
142.904261068041,42.455610394362,
142.74265320710998,42.21440971517549,156891358.9171522
142.89816265461,42.2314979388489,195168050.03983074
142.562849682594,42.355504275975,304926529.57439995
142.55111912910002,42.569785291397096,
142.73702106704698,42.6528031861107,
143.06152864304397,42.8095412794005,194642913.36233476
143.01602001436197,42.5962743558924,
143.55646662762902,42.979989524538,227840749.46341613
143.727168102441,42.7874393271501,142054705.66758618
144.22900239732598,42.94015451477069,46789527.76558702
144.129736781547,42.945618285339,94949718.89244385
144.418833582309,43.025105160523196,54657773.70098003
144.383202312459,43.1149871060964,181864479.1040596
144.162642317331,43.259799832042205,308825062.9922824
144.25989179474402,43.1053932599103,254501818.02598622
144.196257448815,43.020975084905395,151422560.92243674
133.975257950985,35.3714101722333,250494200.27299714
133.618832623749,34.990605529172704,282082495.0029341
133.64638692471,35.148344764004996,196101011.7857209
133.675191220659,34.5003308862069,231879958.76031905
134.769661969305,34.7113294469073,239190020.22470462
134.73844157498996,34.8751015807227,145554816.21473584
134.65750984897198,34.9775885616663,170550105.2418002
134.635000836765,35.176662071991004,176155169.7433978
134.694691890396,35.0771193099294,165531225.16966614
134.03568202463998,34.5013074192105,135247037.27857184
133.93649706412796,34.081727311417495,107936443.0145508
134.001639165933,33.9325656650739,107978569.24838598
134.76598317055502,35.542493608512004,188186911.04844016
134.81301965976903,35.4404027226216,192689497.8761267
134.649397416963,35.5028526573369,124192023.28037407
134.61967734593398,35.390244533942095,113743231.12128358
134.698338992316,35.349632436224695,184393143.9715559
132.992616744933,35.0545856518539,220575232.34435037
133.261686671916,35.0302923827571,261560560.4113645
133.013145578511,34.8056873445072,361055646.18833876
132.944672409846,34.9265951385186,270701367.5355102
133.06874892762,35.3098619576703,199723486.38677114
133.089271891785,35.146403325834896,323033220.8673601
133.193631034827,35.1360581507892,269330739.16048735
133.26652428810598,35.2998708452148,181228278.04688126
133.209648766227,35.43284428654079,220935674.70698565
133.116232548783,35.4324902239506,136363236.96977958
132.344132669826,34.5004288040808,163708270.0368094
132.32330622934498,34.61036808238679,151733643.01501533
132.38613781889097,34.716099139223694,328569630.18716425
132.47376439535697,34.700072988665696,142338267.19364277
132.53809045210798,34.5665804265903,151278379.757181
132.54982240879497,34.4537711479797,162423952.87913895
132.48490315803596,34.37670623724149,167084610.51294294
132.406371065364,34.395602388104095,169727527.6624773
132.751572888396,34.462658360836194,207688553.60438627
132.847945030218,34.668724572154204,94087211.97676805
132.70655750371802,34.63659806512619,308347000.40599144
132.773635268604,34.7430751760169,209229533.58811855
132.772751033703,34.1146474517409,233195609.381528
132.81735473955302,33.7961872012842,197262631.02458227
132.741470982021,33.771556553262,179672665.86919346
132.655177942188,34.0677062616627,237864667.02300662
132.65251417525798,33.913708775618105,358549700.956084
132.88135269578402,33.941860038543595,254525592.6069162
132.87226735440902,34.079703715797294,204684909.85529914
131.47247249789402,33.3694045264866,238182269.89917445
131.26879118139598,33.251887102737605,130556291.7731134
131.31873308003998,33.3883002810555,87495360.74275163
131.395215947655,33.4318218331317,241073231.61288348
131.325997410201,33.11065698949469,102192107.72679092
131.266926914508,33.126990956268,138281243.89571524
132.11222614946396,34.082027783034,124650551.17193879
132.21408372935397,34.02199144560149,319558126.6201244
132.18102714867598,33.9069152883681,163023491.0680472
131.828023282593,34.1626303593036,201325209.4895126
131.93381459573698,34.127563229367304,211925890.8935953
131.98419437392198,34.0329018384531,140422223.0689694
132.006600416427,33.9515288345673,172709608.30692998
131.687215371459,34.095356738338495,229005240.75927612
131.630167263507,33.9206812206372,599116624.5672843
133.23457627656,33.74015373519119,298378423.6642566
133.252689195087,33.58987688371259,211860830.7051225
133.274552018586,33.2751201978624,82279571.0867005
133.54599099863998,33.306611609073,
133.44111715707302,33.055561806564,
133.183112233479,33.2110359169314,62323692.54088045
133.009054750968,33.055663716038694,79985495.07648297
133.13790294486,33.1473302894646,69465658.00295511
133.015881608214,32.9775283263591,59375583.59932558
133.004941762308,32.8990384931274,55620969.27201974
133.083832349127,32.9941145355723,
133.011628283589,33.2369104508859,96070253.93682657
132.89554600631098,33.152916493454995,81662279.27912298
133.00002222431098,33.1229592211485,67935017.10797526
133.055666522658,33.160128778821,105607499.46234618
132.882534280947,33.2486129231883,189162320.2780714
132.942972259878,33.2954373229467,32319165.488880754
131.361355294059,31.9887153172158,192131394.42914417
131.421253187004,32.0643771612747,37993275.86400972
131.436641771325,32.113931212374,80140501.57145615
131.17881033371398,32.6241114065856,322918201.96904063
131.09371941032398,32.3283967563414,210217951.04846862
131.027699406318,32.4714842754918,323678658.1926685
131.065331529396,32.6208875796672,182631190.21604574
130.61372442795602,31.3664001209592,181465237.52779898
130.533080693136,31.038923004279297,
130.730435152383,31.191605310855,157880275.00783128
130.72255069757398,31.3215748276035,310089160.4919189
130.480430735325,31.2892208539911,239976479.31068382
130.39190254569598,31.091713254059698,
129.948478512534,33.447084926669696,137198221.5073381
129.90208896528597,33.344759387246995,102881582.96435629
130.03077937162502,33.3857346496443,147623814.79975063
129.984389824377,33.2834091102216,135651835.71093503
129.925284892128,32.81305436240039,80184724.29958257
129.957115392093,32.6727173338401,139283319.24526545
130.02535101118198,32.8332468542826,186685440.46182147
130.07042055044397,32.9432925076167,221458529.47445002
130.16429313557998,32.91832833795,192921611.49374416
130.102604378406,32.2936775512758,171218717.62903374
130.07111856063602,32.402819843955,178263097.20350364
130.175273324118,31.775254755740097,
130.20460827033,31.676642631272095,
130.25023170753002,32.00274626498069,117410814.55683751
130.29534512907,31.8033395263155,144887507.93687475
130.349176655379,31.8671534986134,118313931.30216433
130.333398180051,31.9679481128106,200614247.9490645
130.47833699472002,33.213249540213596,139840309.3633359
130.53741403642502,33.1178088629025,107266129.38383977
130.616126527722,33.1944249048654,138631339.30315802
130.582861397901,33.3411576394578,234294764.92981446
130.497324039159,33.3475778433732,151694460.13460213
130.649322344475,31.7274726984237,120898166.75308862
130.685246128404,31.8046083894165,89959459.16215521
130.68563418292797,31.650073878079798,49875401.44336228
130.747019917074,31.647833369819697,98341343.16935706
130.76406255263998,31.7357201959248,75024116.13302845
131.64216197724897,33.269244158191796,136664808.1997956
131.50396700812797,33.094730031016496,251011342.88354808
131.491914503499,33.2741126356287,146928870.32581615
131.423786550309,33.1837827971826,205514332.2032255
131.641995620553,32.9751281723985,135421129.98471898
131.62541590869,33.1005164623155,205536350.94856533
131.695482924621,33.184700751044694,159048982.24603933
131.10793093236296,33.063510119653195,128616339.27953419
131.11716680201698,33.1700396149716,108775605.7805849
131.037745441614,32.9778196772211,99060261.94208656
130.96905753775798,33.211216702851004,125682668.00311722
131.037516224538,33.2377800175872,135771614.10548788
130.937338779951,33.0995113838334,163647143.4361469
130.964163577203,32.9929125934452,204136756.93658987
130.545077576661,33.60026150747971,200757476.20102406
130.62093403359,33.6819632328234,226828057.06099036
130.61986512049202,33.465776379337505,210471303.76743883
130.736629379565,33.651880590721795,103334782.8329704
130.72211902407898,33.454138364922,184395398.5690784
130.76302682622298,33.5585408509626,135119313.6925398
139.399580784453,34.1861399904387,88998830.01317711
139.384386594024,34.3897876699674,
139.306755367923,34.5226292288163,110911402.12437166
139.356117657867,35.1351530896377,
139.19838587262302,34.8639134969763,82707920.08322111
139.46247168140098,34.8987867333039,127524544.50224732
139.473155092953,35.0871470773857,
139.10351821367098,35.0014731329703,20731038.895410743
139.119913014027,34.9789601084979,22096957.28254309
139.25778221572799,35.039811418091695,
139.213941256929,34.9179592935228,160020513.64902258
139.232669660568,34.4047528313016,32882398.541836116
139.25750560672498,34.1991269979414,297765914.6174292
139.301953691472,34.256816937703796,114688057.5121863
139.114458572859,34.7130144333918,340012040.7309459
139.030861720047,34.8473689729275,97497763.65756825
139.143313553739,34.5312481958334,
139.03278941392497,34.5909990681486,
138.757141748115,34.754266998056096,13168134.164824493
139.05755498378699,34.913498159014196,25467754.86920671
139.086205925073,34.9486728108639,7104981.666748178
139.094566238958,34.9190206533762,19262460.262447562
139.06981112471698,34.9711858353363,7459679.573768466
139.03603010982297,34.9869800457573,24834517.629459832
139.015413655008,34.9589445269229,26275763.47689998
140.28667039328698,35.228985297145194,79653573.92375647
140.28676763689498,35.1759904681581,14308331.447268128
140.24152326511796,35.1910358398038,14992430.225864979
137.64956664003603,34.7596869746709,20719591.110966064
137.63392644754498,34.9472715263397,131606378.12177974
137.714734195962,34.9484945663568,167729506.59375834
137.757179567667,34.8811017019839,49963087.07546244
137.748464432601,34.8316037692722,57715408.59917221
137.73117058549198,34.786056009503696,36316458.71009826
137.69416923933,34.7724591123294,37549976.2609163
138.432525699633,35.1499271167539,160844107.81231976
138.45904866373797,35.0113081270392,56483635.82103554
138.41005990310398,35.0502916916262,87417390.1749352
137.911026121473,35.1661876058757,125323380.74411868
137.98199299074298,35.127669005121,150150027.30323407
137.90126544430498,34.9548090098493,91258393.06753953
137.875252142562,35.040933744181196,157045632.5355212
137.96758765808698,34.9332682294761,50354813.467649095
138.05552260704602,34.7495105987436,37719737.14592157
138.11974473085797,34.8468088866084,60763586.93392001
138.043318780884,34.8033267385914,54960570.507895425
138.237529027917,34.8879876586527,72291327.94590816
138.304705982883,34.93502013360149,68646329.8651597
138.31846560345002,35.012608565315695,75235244.21496929
138.033483141213,35.151797723341204,119904816.12033546
138.068179751205,35.2441854933069,285682381.64209425
138.177582663153,35.205467594484,106011067.69221866
138.087389996655,35.0273324911092,28826657.665061694
138.61298969476198,35.5656252861129,73097201.33051324
138.689894983464,35.534379604993504,177543651.85703734
139.178131131633,35.201188909062,143607978.67429245
139.235390721768,35.6019973952049,165513178.35247627
139.214303950656,35.503594182177004,120903683.0590383
139.03905043776,35.578272460935594,98435991.45227247
139.188603081,35.7357864869577,138217378.81695843
138.54056298815698,36.2015862973182,172777262.3428746
138.09555662991002,36.2858452365816,203083737.25565618
138.116146017432,36.3934291251168,138178449.7739009
137.96384598562497,36.6207418719021,274326721.1283642
138.02387142581398,36.53830572267479,109311560.8617043
138.076231242642,36.559472317137,70291243.27960159
138.049291993503,36.83728999792379,282614963.6003367
137.940522088248,36.784316525134194,271994134.21736825
138.167145353655,36.7420609347825,139782517.63849926
138.141237924657,36.628139050776895,132027586.4675553
137.90026977721496,35.805555285713396,158840931.45530403
138.018252497763,36.2960315761791,95002996.6516491
137.936615745588,36.3368657523531,81458260.21692432
137.98648206845698,36.3824488702521,97327966.3075996
137.74462652643,36.2870900260902,
137.90591790234598,36.2596305053169,51240350.50189931
137.80078654653298,36.425443891986596,169881693.8561391
137.86144657658997,36.346534088756094,51689507.85004927
137.639337226413,35.219819759124,127946476.27977553
138.19504522338897,35.916594932304896,176724676.50198567
137.99400357623097,35.8391798922498,141106147.69584346
138.02550366923998,35.7167085629409,137025911.5833174
138.136328455653,35.759932818416395,362922660.1575681
138.10931314412102,36.0315305279292,218508700.05674323
138.345076732071,35.3481701751321,202125261.90145108
138.301980472128,35.536990505544,
138.47094779703897,35.3615032400256,91756279.53567694
138.531286275921,35.496985888405796,102905634.42446357
138.524665644717,35.4209075823306,80808599.04586838
138.28785947103597,36.281582328915,104806187.0629678
138.428260372875,36.2218247679354,97852479.06795502
138.33333704949,36.13564985062229,210115696.22346064
138.25184928574797,36.1615897867026,135453561.50401944
138.37500390238802,36.338737471162496,95696295.01587977
138.433917040485,36.304919846263196,65925566.19554805
136.723662223071,36.687324450978295,157002995.490895
136.673561183676,36.5382027939687,243705772.97159493
136.76375817974096,36.4510339127286,316465358.6926881
136.90593243422697,36.5441889476268,245539980.0961969
136.930271533407,37.343288240705704,115704679.7186847
136.965902066664,37.25689050501,152105054.63367164
136.825221326145,37.2514593941754,152759662.70408526
136.878831904551,37.1130585766413,166523127.76627794
136.78640482485,37.124253375716094,164599541.17436877
136.91238240916496,36.822186347439896,224533455.49409273
136.931119425276,36.657091547237705,112111793.55613191
136.839046210185,36.713058169349104,249283866.82280132
136.53682501865998,35.837241045487204,273758492.53317744
136.835528928615,35.2717073221821,85697813.13646539
136.85925730887297,35.383684649662804,141358887.1787483
137.13165897598196,35.29880632467749,104336648.51407784
137.02422367391998,35.310208393023295,110615211.53880118
137.455616340339,36.8397356333358,98568341.32776226
137.439839534844,36.722996559744,187027853.57583418
137.60894825228098,36.663145536778195,175990906.62103274
137.515317279648,36.6696718147518,224706340.83300012
137.65270978902302,36.4032779224719,
139.78219985871897,35.669459353001095,170918162.07444358
139.786434095253,35.513304423389094,375566904.0964563
139.977741869229,35.7028072932069,92469021.32460222
139.986599080086,35.5899245472771,152987950.94294587
139.912414509285,35.4747684263742,361145836.51772904
139.888647042936,35.7950760970704,166362201.30506518
139.959287854815,35.797159682691,112360628.2084591
139.92974073648898,35.3345640612129,153327619.4082925
140.03682088407,35.3417089483194,149029078.11695686
139.908137243721,35.1772554919764,70112030.64515388
139.86049228536,35.233216365996,104116197.95099449
139.986695833743,35.166640251606594,59940815.924115784
140.046131022963,35.2297460127327,188317005.361477
139.735292933214,35.94451716846869,83743397.00147878
139.848902704434,35.9454571701258,112310093.53826706
140.29282668759598,35.9028083031057,280507936.3343552
140.20701521293498,35.8705580977821,178758301.44023475
140.530178570034,36.351563587422596,176310902.0195626
140.477253973023,36.4497349496379,176718267.89610782
140.207975470233,37.4636795263731,198880418.38883734
140.00025637088697,37.2663649781346,309475445.5958275
138.52226583138898,37.218856494791396,180302180.03904966
138.480242160843,37.266995544405,11639688.966512356
140.891466220989,38.014324430708996,159527805.27245927
140.725062543021,37.9424215000545,172646766.39941594
140.696793336891,38.0694560253315,214548799.25298926
140.724613191294,36.1265173586295,
140.649491627535,36.3976812738594,
140.59113940000802,36.2219382422535,
140.70036953256897,35.8161196451718,173425809.44472107
140.52151556308797,36.0321178815213,281007854.89102995
140.556975586731,35.8417757213076,215875490.391415
140.47569355907999,35.906138234412595,214016871.2859259
140.210338683888,37.3560531667521,98180228.9391329
140.114019370116,37.2770201481777,178590061.75417587
140.49308231669698,40.1392294866189,295053941.39963776
140.469458459319,40.4705740201851,264575469.60811973
141.334720227822,41.284671685276805,235714893.40955892
141.308181955248,41.139198219411604,166107133.83734024
141.50132557895398,40.9861760984874,
140.97216695010897,41.369566085321104,259013041.04779303
141.08307901446,41.318062761168605,232438908.70732465
140.64284930183402,40.6204298617689,187044583.18539974
140.101052436939,41.102129767294194,
140.39791766744702,41.0682146738094,241254836.74177924
140.352696203379,41.2978084728,
140.202672690564,41.3915654464983,
140.49239587868098,40.742852400957304,158812377.26834425
140.53458700914598,40.6140236341224,90707511.55458558
140.436520060155,40.5703305565338,109825073.28893697
140.371392476898,37.6755409207815,69096275.34065475
140.420458009854,37.579208939943,108692056.64919728
140.822485959705,38.1567464907453,145634521.53546736
140.73314625790198,38.1605604296466,146645098.0788765
140.964678379041,38.104361142804,
141.153602381418,38.1285307925973,
141.237347492736,38.3267140609551,275459659.2865974
140.694393433572,38.3412589136577,177644775.00574023
139.30397816900398,37.505930095226994,607480747.3776946
139.443025276236,37.4836390985496,214112347.96313787
139.546671200607,37.9589563107414,
139.39427870804698,38.2469269367988,271375606.1064047
139.557231201168,38.140532035019696,217199744.00316244
139.435063719138,38.7342198289695,
139.240824011718,39.1450888506249,
139.090803791907,38.6528978259831,
138.96718786806898,37.8047260616421,126210212.60035388
138.90455614520098,38.2232447735853,
138.644024660955,38.089221320937604,
138.766464335763,37.9084541841258,389853473.98523104
140.516027221977,38.603042959635,399848680.04542744
140.44401764365497,38.340672240997506,222438876.14097878
140.56455309557097,38.4209242073316,611881910.7165284
140.329506489249,37.9535086009002,310897856.96102834
140.069559539877,40.493352036489,409981534.9014424
140.40235816668599,40.2558068087208,166994435.15762505
140.36464087212596,40.3864165361085,442025571.6476613
140.181397631616,40.3911996020874,348727078.7746685
140.099302028664,40.28191447569299,95902328.06950605
141.706848594597,39.0059973171693,3795487.9443950476
141.761959432962,39.0632175332421,10535796.556396203
141.63724801201798,38.829902322763196,
141.58088902848,38.601587692176295,
141.29139470747398,39.1154402907774,168962328.94623768
141.17600249451598,39.2320656514083,218975683.5998451
141.647597160333,39.0470985023064,69845695.44513951
141.459889609632,39.23470462748429,227788773.32410908
141.415241374902,39.126259409423994,243191910.19516104
140.92337124350098,39.276165969268796,317729858.7532717
141.06827297854497,39.1959477508929,248258188.1288158
141.099561429387,39.0737757669798,123512549.16561258
140.87266030510202,39.4186351075968,274027093.69727373
140.937758088006,39.5352207372012,270677347.3552594
141.05114547813298,39.83114307300809,167309220.36613736
140.964482705277,40.0309198040037,168577005.34070474
140.93717030679,39.895714279574996,335271477.7146339
136.53751724942998,34.4628251271579,95124880.43641096
136.472036688141,34.5201168990744,98419919.38423486
136.622098720437,34.486048013636996,82002946.04045016
136.62479920369498,34.6468188506121,356596650.63474107
136.410325543206,34.2602922804681,72658465.15940432
136.454162935695,34.3310080778478,100628224.32512036
136.704527970021,34.95273076969409,133069434.6131403
136.779936548409,34.9762587833241,81720471.04760952
136.82580759084598,34.9274216158626,3192877.670484761
136.827438364419,34.873747616132704,3375868.4313137284
136.762319346972,34.87688649388019,74325437.78847344
136.383891253566,34.959969177114296,166150403.1978525
136.21618441926,35.094790882928706,185663526.89659095
136.07381281117802,35.162958581143805,137094974.09789622
136.138611220689,35.22419160622889,171696713.086306
136.011059963757,33.9078509371272,85780784.03325094
136.04959684301699,33.9453546770448,81401892.44036554
136.026779235006,33.8088970348404,21232389.59581552
136.07706763233,33.84499579527,40635558.69971933
136.120086140049,33.9088810897683,11618819.852138264
135.37604584152,34.8650771995944,153922997.3287347
135.394172268696,34.7809059485613,63092627.97069997
135.281032593795,34.85647478358871,117065681.4163096
135.22980172406102,34.7598839369727,84728837.38112845
135.284621201565,34.730574059920194,77779208.8780203
135.569195774595,35.1660241742205,75730057.43073083
135.48010265146502,35.168892091733404,191502378.2316048
135.421809771336,35.3603080152267,178533916.81853196
135.405502715538,35.2541761888041,171227487.12808868
135.663822850941,35.27466224166059,228446502.60711867
135.70429659316198,35.385114614318695,188083462.23205826
135.77594188458298,35.631208376147995,
135.390526476645,35.5655449074849,
135.58181841887097,35.7197929814682,
135.67741626479696,35.062123475996096,101160067.7404963
135.72347282867997,34.99461685533329,54609429.038277715
135.60782977080896,35.070271107818094,71017881.08128563
135.69419248700697,34.902859933276495,110565716.17032036
135.603727984362,34.8646492587261,191143184.5167822
135.563421832047,34.9645538126049,151133639.00243533
135.465132558624,33.6166404257574,66218584.113595866
135.469198885284,33.693658443852,85075463.16146828
135.530504550771,33.727106458716,48322062.03980597
135.552068757468,33.5654953754406,103122980.35971868
135.597295577667,33.6776721709725,86434352.22135611
135.622926111024,33.593079105791695,133627244.84251302
134.506080753396,34.1464231555194,131618752.59408733
134.45684422754098,34.087054681960495,139650512.18860912
134.38746206645098,34.0994144768574,87089322.60653238
134.66329188071097,33.990068383227,118250921.20342551
134.642371306311,34.1039133655902,170442555.48997328
134.58357818621099,34.049330911048195,68387186.33198428
134.61480533985,33.8405750703867,49761548.868658945
133.86420330756,33.5907026141313,74770783.23058309
133.870517499411,33.82048030306439,132301893.32125102
133.82628201006898,33.74558497034669,162108951.93173707
133.876609646802,33.662953931276995,64149298.9384563
133.96553930628002,33.8229138616842,96888037.2633888
134.0243412255,33.78815449430189,106934889.78691669
133.50031500003,33.5635366976613,68937388.92528376
133.461498365415,33.659929402426805,127032709.2860142
133.692973292274,33.84945889291559,93009373.89243029
133.73421572428498,33.7552948125987,139889780.3730687
133.709796709764,33.646079251580396,133361791.87005736
133.63421720846998,33.604415722016704,133388216.71809053
133.577953128774,33.6321689707476,97024482.879668
133.614692641122,33.87227213969609,135964724.00049213
133.54153893722398,33.83283723458099,151612526.77245095
133.53913649415898,33.728561675513106,177097176.51664415
134.34076480997697,33.7589443816053,109396815.86052094
134.401786830498,33.769758846384,132653999.473928
134.430209031327,33.8948089617885,76166751.9278645
134.386020197319,33.9864702744072,98029657.29065083
134.310337583004,34.0013787974058,147117624.84098014
133.975591804263,33.4302952718031,12465598.191062272
134.040808208637,33.4274203706553,46254159.51596452
133.931565673983,33.5152578050334,70421632.40002482
134.160763758549,33.71925851592209,163762626.91165453
134.216302557447,33.6369957370227,242485237.33966076
134.040576398487,33.696920777919296,150217222.51486987
133.977226190808,33.6461669244789,95912415.0031638
134.05771142148,33.5062137851925,48041121.861230925
133.999311808692,33.5479384196451,175175198.92517492
134.208060361749,33.392920203683694,31146264.4491476
134.184327035319,33.505463385906594,148526000.47874057
134.12383764153,33.495247676912996,62494068.741473235
137.507528425278,34.866918981731104,84725859.65500627
137.60742535458598,34.778580251154295,74995424.82165278
137.58696596073,34.8570920181924,74348564.09628956
137.176724398989,34.8738317700498,91169695.65075079
145.415775418155,43.234479370341596,109403746.19906195
145.315742432454,43.3547438393586,378725085.7071853
145.55651501612098,43.26647554407089,73436653.75499006
145.45648203042,43.386740013087895,255401647.90566763
140.79085975264198,42.1758886873302,261263414.16048244
140.814467508297,42.3195192175074,201812683.10125735
140.636323921104,42.0619365813471,71424506.71403876
140.71521093828,42.043392386952,75486594.0845219
140.756212287735,42.3785682413478,248507156.9262566
140.58217137356698,42.38538700140359,782216994.8160553
140.515922689098,42.2344773125484,202326332.16915977
141.62677496609402,43.0896016295646,171337264.71880567
141.601907233116,42.9774584120079,150812681.67468753
141.498550266513,43.175351684701496,207964636.06623554
141.455142491058,42.9735004391781,236565221.94964412
141.377997496329,43.092187819919694,277430294.0136623
141.179270501016,43.181939591844895,102221847.29404496
141.160730458539,43.092231563878194,116742321.61395326
141.26573428377299,43.113121321360204,148307115.85938793
138.923078626101,36.6055602168861,124704162.07181422
139.01497817856,35.65894894614689,117635577.68958715
139.083753127044,35.745840098496004,297900900.7090845
138.844364148336,35.8066609231386,229296075.20974696
138.900593188203,35.621057794641,120625227.40539183
138.76581407746198,35.713200373128295,126128909.36911453
138.80544486732,35.629779998000096,267132796.6917042
139.161825762333,35.9546294328078,108650952.91865712
139.12331131083,36.0714917274096,240795736.1382439
139.056576494979,35.8713665922579,187320456.02374476
138.97120329648598,35.8866581932782,140047852.71105236
138.934267240461,36.208531120766395,111249217.08910021
138.81305992573797,36.19706415724409,108203773.5077867
138.833273304198,36.0873737130522,218554641.31107992
139.004353244493,36.1178264948028,195271505.86655647
138.95749449750298,36.0162558012213,163560236.69232562
141.690368626092,43.4135752922916,294087426.4706813
141.781747403967,43.3283155974471,307829122.18334454
141.76430108544,43.5868732827594,214276631.60826835
141.960257657823,43.4285332713441,430060007.7226889
141.936131157381,43.6606801290033,247438117.34482497
142.04070895188897,43.5875998124325,312317906.5815242
143.492870451216,43.5524097184605,339069850.5031291
143.483449030119,43.7592074332875,203450031.10330358
142.983803892963,42.9143252559549,258243647.17562568
143.008493630409,43.0369764576081,268004677.44362855
142.888226768298,43.11252468736289,151223434.52671236
142.771055263287,42.8982511241955,368886001.11650765
142.73466613923,43.11043050113579,166585214.18173078
142.642184371665,43.0188081396216,400415200.95348376
143.30037538931398,42.4489719609384,286110924.37064886
143.158017356541,42.3647632953138,242590589.1064554
143.082109231446,42.490641870863996,156557857.69021568
143.52222658864198,42.874204208460895,161084748.85497683
143.360585551029,42.9203720212179,305207376.47182846
143.518399218084,42.6752161442574,190216642.86951292
143.58319085160602,42.7581065893839,87957249.75140537
143.973281515305,42.9876545449593,204098391.1544893
144.039802182573,43.0630113445257,143764325.16596252
143.70403682913297,43.00434242767079,439444943.7021964
143.813774040981,42.92788984935989,266107571.3671511
144.02164156215,43.216056343495204,327124618.45748943
143.67300187627197,43.1673688563975,224377688.9981581
134.28066819357298,35.2387911071328,113456162.90522179
133.77388944984898,35.412171564353095,195718798.04701585
133.710899669457,35.342097154494894,118855819.74974748
133.72254140849998,35.179633968438296,152657834.3498341
133.829970077892,34.6323730406709,171864453.33857664
133.705145294952,34.70550147009659,179117929.80932397
133.69764127209598,34.8467587892853,248170381.97298235
133.909280776029,34.487987099709,149994613.46099776
133.828734411471,34.532546646642004,156502796.02758977
133.764765182367,34.4635917184911,22668582.913509052
133.73248387415398,34.1049920593767,183692081.2636131
133.616827500948,34.2746610297828,
133.66120880904,34.379758718962805,269084054.17667544
133.82513693125497,34.1370199126044,147644892.1337313
134.42376734555998,35.1233470410273,216716101.7439554
134.512531631577,35.121618135935094,173244426.78283018
134.38985637033002,34.6307622604317,238603776.4698131
134.468576237556,34.734897712178395,97916093.3969041
134.395628219754,34.4499049196412,
134.492558525754,34.3497269297754,
134.606467567044,34.3885670053794,
134.563084229145,34.7694599199453,51266701.09975097
134.691774658815,34.4957260107405,389485396.3758017
134.66660175969,34.6723054836939,463114360.7856703
134.571639566859,34.845247980714596,64402029.60163414
134.58349554780898,34.9484516539818,121273288.54026143
134.49820838404497,34.992938466188996,161950678.0420607
134.47713157527,34.8106857729477,100161427.87482303
134.428266252291,34.8816062681889,184187002.81325036
134.052601485858,34.4008646881548,145587404.28532884
133.985951121561,34.164781370181,135327611.22178966
133.884878099874,34.3998736636005,119610985.95233159
133.81221703670698,34.379190636110096,38132513.46950951
133.960414568805,34.3499979196737,94400140.59763598
133.936025254647,34.256245056230995,97480437.35060687
133.784997102306,34.30547310226739,119837373.18389674
133.83326885131498,34.232403266315096,166865894.67911786
133.271386311855,34.9013776228557,286800686.32908034
133.43065714651198,34.8567963337638,275483271.6543269
133.248828204558,34.6840129471638,195686049.21260825
133.175148696579,34.7944179228954,309863003.28181356
133.47455552956802,34.7086224459678,333766375.12918603
133.38896420288998,34.6427987593281,156263295.04857188
132.969897153786,33.9167344796841,161941067.6152126
133.07486199958498,33.957657290993694,190128639.52266273
133.12950631793996,33.8000823620625,274029908.5660825
132.987459147411,33.7387654670319,233984440.35091484
133.06839979586996,33.6756136401795,192424211.14430815
133.122090756237,34.0804306650951,371790410.999654
133.26264568933797,34.222262517824696,
133.24213154762398,34.0452260575746,222489792.8919744
131.683678098555,33.722136359109,
131.679454264314,33.34694277088679,179569209.54122898
131.83199299891498,33.35298084301919,355210506.96776956
131.587158624801,33.4385654093733,126034369.70832609
131.57907079366498,33.5456684446653,149324375.18830565
131.939279859156,33.55512118329689,
131.86892356215597,33.7803717429882,
133.08244629774597,33.5198205457137,88611524.7372585
133.135569121599,33.3163365134853,126279566.38315701
133.18632317901898,33.4006511578443,125734136.50918488
133.161665738343,33.494012416118096,170508493.40752175
133.022296659978,33.421533634721094,102007483.89942133
133.050762043155,33.31141086076649,141181019.22436625
131.289623081331,31.9820653472793,107709792.21419592
131.24926557081898,32.11663770936389,158806212.38302642
131.199991782024,31.9331229913377,157194705.47494462
131.159634271512,32.0676953534223,238402260.85905424
131.26726836036,32.55321267016829,190425741.50348583
131.394525456711,32.5866786935646,141491447.09340623
130.053241418529,32.639986203947096,161792976.43552926
130.08031882718402,32.7303664423527,169497106.03702173
130.12688241369298,32.5063672488456,112289099.33272202
130.274955608226,32.237369149345795,291238537.2864434
130.214705213868,32.327018275203294,127725873.69076744
130.407263362794,32.43245723191979,219550382.52951202
130.384004048958,32.27139343124399,289153449.5534531
131.740973328459,32.8236600947211,238146593.606519
131.738163436143,32.954373729717,268028879.90248498
131.87756657443498,32.851701537962995,178692112.1357615
131.89130650697098,33.030156658999495,270439060.17529416
131.794437358188,33.0834312720054,139101182.08511612
139.23736944054298,34.708436202594,321871252.6660184
139.2741865218,34.7966891710812,71937625.79583797
139.34031012877796,34.6445463625503,105362433.42909874
139.39466669591098,34.725175112535595,28548895.66069979
139.377393936693,34.757716295091896,15157260.350994289
139.107236808441,35.0618554791318,59037790.3908005
139.04152129398298,35.0863659345078,92948774.36295809
139.03064534502,35.165912496389396,77622403.45790705
139.086822320094,35.2173850779498,52792622.96770236
139.1273832036,35.1490958802192,54231547.49962757
139.143773504406,34.253832299530806,9232528.673839688
139.08203715865798,34.4205375373398,
138.96349849370998,34.8430742511093,76319694.77192016
138.93657120670798,34.7684705838888,47312089.460533746
138.71220074933098,34.4671838065797,
138.591624948117,34.6310061067113,
139.019612188446,34.3461161202258,
138.957875842698,34.5128213580348,
138.79214062787696,35.0812158852309,161619415.10532945
138.08578718028602,34.8769337288229,12440144.452186912
138.062428559715,34.8546043189872,73359170.93826279
138.010267296363,34.9458489926073,57117919.70461327
138.067378787976,34.9726331652555,6334915.493777369
138.031851111099,35.00189924535481,53415099.06471183
138.42257578139098,34.70638703853089,
138.522709413693,34.8341551374432,465664235.1488677
138.39455781013498,34.9342353017592,108339366.54352663
138.33180942893398,34.895630434632,11203671.650339529
138.16593809772598,34.7783481646986,45230020.79459245
138.16801079710197,34.7211335220684,31501592.682806313
138.22943122111198,34.8159820905963,90193874.77777594
138.28091702535,34.811566607522096,20397839.607839216
138.19411866938697,34.669604216181,26113625.50385765
138.243531774249,34.722403375736995,67264552.61486118
138.135908047698,34.6893346739379,29993310.740926206
138.08018206752,34.635361510127396,26637121.450239193
138.023946185004,34.656444968237395,11312600.33650206
138.14409852190198,34.9498709877009,114849088.97060817
138.198389695575,34.9534158338475,63113688.7353664
138.13015218000902,35.0346951557691,69909821.8021216
138.18564823651502,35.1204424891782,59136431.78025334
138.26357209335,35.1202914549498,99708540.65835088
138.262367210517,35.038088967687294,97953502.00201446
138.92080243041,35.139344873750694,33823280.94288494
138.89006681427898,35.2084836181848,37957580.21109293
138.969957594402,35.1845071814016,64615191.128875166
138.939221978271,35.2536459258357,81365759.33115286
139.196136330933,35.353006864748096,53379931.05896189
139.175320816026,35.2997058893787,37330086.08376201
138.512929768422,36.6383433765756,119200446.96528398
138.43722159999598,36.4210652028993,101752048.26585728
138.36040393586399,36.516124077727795,364805221.84496987
138.398281511061,36.654620871329996,354050883.8717083
138.53677367045998,36.754562196531296,215047786.61540878
138.492083629911,36.918134620653,278553207.38566875
138.549598267872,37.0106009077662,163972812.9061628
138.674081131674,36.9727297695921,237571721.78987262
138.67400204958298,36.68445863925479,310442312.96303606
138.77325069039298,36.8453730032091,354216853.88954693
138.77893161224398,36.711358932956394,193834534.87704855
137.79185740287,35.390450815978504,241543059.6403655
137.912485578846,35.461242327786,248402957.60119808
137.932022954913,35.5976117008182,200597952.44848624
137.85741726289498,35.6714058639972,219661674.52701044
137.766163502517,36.0822693768702,206228093.45975527
137.834125458975,35.8783173234486,130070311.93650015
137.932646939175,36.192549867051596,66284991.266535975
137.995115211723,36.1833678200148,44270706.74184107
137.890298087817,35.9928308419515,160789242.3694475
137.866281779688,36.0944168470017,204063473.82840255
138.03216331320903,36.063176095722596,137306203.612221
137.99371134879001,35.9707721377092,159195128.32846364
137.46379671222,34.9198315552779,77722140.61885722
137.371954727337,34.913855748585,66820701.22244148
137.290100366925,35.230233592969796,124986017.41042316
137.563457555139,35.3256333390411,125928467.41373542
137.47320293150398,35.2983803816094,128581865.75524907
138.39197344859699,35.807953986486005,151336310.65513188
138.39231697090798,35.6541849832575,172629525.94853243
138.481275164199,35.565646106364,151199702.57210076
138.48084176087698,35.8473395592015,165155106.21450529
138.56456213133598,35.666734602170095,146323277.5493792
138.564472250325,35.7946590517791,313178257.22789073
136.534832027979,35.579478411995105,95277063.56275152
136.57231148965798,35.7199159898328,166254918.89699993
136.585213635981,36.0136020242922,191892842.05979505
136.430782140675,35.8328423504007,281030281.55062264
136.328466166629,35.690331014626196,427523617.0634712
136.23135126909,35.7425354059983,167971471.75278658
136.22703400086002,35.8797069554715,131373828.69888687
136.25421521913302,35.997307579233,174701463.91231778
136.360848461409,36.00264736553431,242276332.89896023
137.013183091422,35.1750211764303,48911574.732481666
136.976084901612,35.2438981463778,103292885.39642893
136.89451537937998,35.2275731820375,111181969.1362531
136.872107630379,35.1107958816021,138676186.57000077
137.34670987540798,36.8056821620235,152634958.01116902
137.269727461086,36.9956669559774,
137.116143497685,36.992517289975495,
139.682210975274,36.0082633808766,116471010.9278629
139.73509521965397,36.0969881585115,161256288.72001037
139.570339393551,35.979802396592994,141545270.19977525
139.89595017588297,36.202775565046196,137146428.02706924
139.89406972394698,36.0183977120088,146662420.27332225
139.833344197107,36.1061824879866,121194749.52202083
140.129838504711,36.3864919928994,136338328.37658787
140.302161317373,36.029290236314104,108618441.15468916
140.225940450222,36.1269006349647,172280755.5297945
140.41616400596402,36.0792740047707,152422961.99159482
140.44062346644003,36.2039149294317,192631602.94627684
140.287018541802,36.275055765636594,354281259.22967875
140.38769886942902,36.302086291647,199001855.11942193
139.890222088749,37.11807149596589,271907180.2691396
139.946158754523,36.982472595212094,309746771.1974691
140.124080070612,37.5320475042249,108050636.37926854
139.912571566911,37.4260253614995,251599681.5290428
140.012680285038,37.413765974560796,236040838.54123044
140.06581744412398,36.973381610401496,169681865.05461812
138.519251082894,37.3638506669241,4178141.195066552
138.507022729185,37.5789972064518,
138.440887643355,37.5192410180016,
138.56127475344,37.3157116173105,67510192.3980614
138.652470589611,37.303304692793695,171232615.32765478
138.67658200489498,37.41119993085749,202612526.91984445
140.812536891378,37.88118158099219,194402658.10767972
140.890530517902,37.8831277486893,69297634.7814561
140.93704705244997,37.7519852989125,54101161.51080546
140.86818830901296,37.6620326644089,212212280.50099987
140.78289913544998,37.724829656081695,229694102.08771574
140.88134923278898,41.2627052138103,218773430.21233568
140.717016914331,41.257844023644594,488875380.97259176
140.63548782805498,41.12049865388849,192424656.38647848
140.66449028418597,40.85720979874049,321291721.8160635
140.72030403891898,40.7240041249734,194044048.5641558
140.63355729446099,40.3506704787384,197526260.77830082
140.70888118798499,40.456833242733595,444734230.81296843
140.70130971854098,40.0565870020272,253049835.41371346
140.61946385727902,40.1499356725599,422155992.7137581
140.871491911953,40.1183654142348,190850808.78333944
141.174298451604,40.122133172088,303546186.546476
141.098522559951,40.009454200778706,118283858.40938264
141.13798948952999,39.9242948359002,89554507.98055482
141.266731874004,39.889610538010196,177406531.2826547
140.32533066354,40.932863154981604,273756204.0877456
140.17848894584702,40.8730212747681,416601017.6127966
140.178978286908,40.69085899448459,255430513.496337
140.38699183680598,40.7670864906393,255857249.4419216
140.33480738910598,40.6554327624621,180821604.51856965
140.63788853129398,39.901176526962296,270317881.6158732
140.388053350644,37.8486524678955,101706943.45024082
140.396022903609,37.7464554252885,105187512.62246639
140.497651773039,37.932146742632995,154810361.69780454
140.59267389321,37.8770415850332,215663194.82567048
140.53296088177498,37.7766858766077,205296650.95182478
140.48670218477397,37.56932990527859,124041831.24100451
140.648910805623,37.488617849291394,225365560.45889473
140.551903477326,37.450061883940194,205424876.0290021
140.67076208027697,37.654977755637,233310230.6550308
140.574574629984,37.6958923374363,190634956.56361178
140.71190257914898,39.0401273171613,140733893.09767252
140.81017929382799,39.204236176300796,274093565.20279074
140.831514903387,39.065159267049296,267698507.14822516
140.667297793407,39.2708952940557,199322831.73282936
141.03782034077997,38.716816107182396,95937081.44854665
141.085877271273,38.8199147099577,265556825.0959989
140.923353195306,38.954883268085396,235119068.92199636
141.02845629727798,38.9753589536454,238565101.37092295
141.350775915426,38.8083181760604,142546606.17478445
141.378434572617,38.8979381291688,174179227.01891962
141.23985212224798,38.7647013828426,134238011.34187168
141.183407017323,38.8487747126688,211689248.23642394
141.281905666473,39.0043043714808,160024001.1681653
141.19780190435702,38.9987577481986,99573402.84244376
141.246922678455,38.6340177728439,171796424.32229432
140.825099351673,38.2839859628589,146561436.1209985
140.795869021665,38.5067649900615,81130051.26231235
140.764048670685,38.4098093185983,167984136.74056908
141.09013831512598,38.6248710582735,93129837.98550656
141.127302788307,38.4175904110779,122506039.6560487
141.207550112772,38.487596268792,77517859.88743977
141.19015343927998,38.566112245742396,93878388.33646263
140.779137881613,38.6192595338154,113255753.43448931
140.861086995882,38.828873085363895,158597506.18552262
140.661509085669,38.6870889121992,261407684.23537463
140.871335064306,38.657362432144495,181368341.01897725
140.918133167361,38.7462501681486,122215798.18307553
140.62879803710098,38.8471026768891,442188104.8053626
140.740763942724,38.9077191569682,199176010.34873423
139.254817505562,37.6790601758208,430474799.77387273
139.102729672533,37.7417577624351,57615143.79401911
139.11524115126,37.6711908011703,135067602.7983439
139.079313631038,37.8198082572717,130060013.98319188
139.43045227366198,38.5094541841152,68180374.91025163
139.418322286782,38.3985823620729,375754708.11122817
139.581274779903,38.292187460293796,327462972.19364744
139.62324124617,38.552330879683495,70232253.83444014
139.688664783162,38.413290525109495,
139.670138232669,38.6156475753807,171303223.44774514
139.57544347975798,38.8128029588706,
140.35519319698798,38.0990073802338,113358290.64159435
140.329699679928,38.212694198415,99236783.41129856
140.479086863049,38.11822022942339,227113397.65561363
140.453593345989,38.2319070476046,199451952.93034488
140.26504970223903,38.252204583981296,128231824.48401846
140.29638560166902,38.3684164293012,133946539.98443945
140.15769610867198,38.4467289316011,187674371.08310568
140.24786247446698,38.4675352307631,250917737.49680018
140.379709005162,38.665298773431,224114775.39266336
140.28746532045298,38.6240562730935,153571093.71300307
140.191338800733,37.7673726543564,253741879.63547316
140.109965745519,37.7117288179632,253527625.8364497
140.00122719379496,37.8132623115984,410135802.71030223
140.213166554406,37.9447352039943,400088594.1303204
141.28297798923,39.5629066456668,184513712.02239805
141.159168554745,39.470464580797795,209504196.59907565
141.20569047875398,39.3500770090923,270632596.70899767
141.40387523163,39.4765488013149,282924510.3605021
141.36573092644198,39.341896866521694,254090972.54270288
141.776884536969,39.1411249390557,67717459.64494894
141.690339695652,39.1361955580431,214516373.81250623
141.62199916038898,39.24075085813409,228809509.07701606
141.655256331006,39.39174898947749,382350929.37900954
141.84867534717,39.28590451131719,108349819.67521177
141.79538767647003,39.431973261648,377250729.1033328
141.406166589138,38.7352465372884,81954736.84278263
141.462507374496,38.6826852289449,40494297.60912374
141.343132853142,38.641372358978394,152165111.4378211
141.3994736385,38.5888110506349,99618456.26115668
141.474892765833,38.8982456247495,133620176.55769496
141.59185045889402,39.0067956513279,111212558.47044645
141.502210527117,39.0154309857081,199879310.95700198
141.577032717483,38.7909350742111,
141.51607491387298,38.6573891471394,104949205.54060094
141.503574894,38.7560643632976,74796998.90417673
136.269819305235,34.374951769705795,182000588.5738329
136.341593007147,34.3096435171842,56323933.02452798
136.39991099476498,34.4821514643309,128029185.12194638
136.385430399636,34.3803593145639,93127410.9167889
136.42885354022098,34.7356039128846,120432287.47484569
136.481313996984,34.6329963559998,114191132.35615897
136.549495041531,34.7364754210584,182322002.5475415
136.533863488176,34.9223615762505,234086537.2514425
136.452791146221,34.902729693968396,191960245.36687535
136.078303065441,34.67005027690381,104665969.58398283
136.12205002364098,34.5977996316909,159458377.29066777
136.079783814018,34.770804898434,111988524.47070964
136.18599568176901,35.0004479175021,86373548.99302766
136.114161769212,34.862708530485,134264530.3324993
136.19440128112498,34.8831754925841,174945155.50001433
136.066749160947,34.976979951533394,106951678.38363981
136.10121360082502,35.0521060541718,63546959.84380395
135.583980752616,35.2943888534688,116065210.60928603
135.60851993178596,35.360008668831,23378819.215157993
135.51119468528398,35.403388597404295,187482408.661106
135.535733864454,35.4690084127665,11155436.387477227
134.515094818566,33.8399225043165,66754045.24644159
134.562221552088,33.8747569571895,91098502.09587482
134.47051242725098,33.9127624925892,37909096.56238713
134.495705754333,33.992064010311,49973876.25518433
134.55191497284898,33.969667815487796,77172127.44179362
134.28714876211802,33.864288802776294,106652703.5718904
134.26340568333,33.947242438249795,100287352.26751137
134.19551260998298,33.829506374700294,146466074.027776
134.114429872401,33.858831650546094,97652035.19048814
134.150108730825,34.004759543964006,97609361.35219432
134.092769072031,33.951131184336305,139586912.1322772
134.07913499557498,33.3901235283792,55656933.93981858
134.12891025088499,33.3992930323371,87301114.66901752
134.15517330765002,33.3223053658737,44287754.14502133
133.826317386531,33.2422616437131,
133.785680847258,33.2760114113988,
137.450052860076,34.750941057016796,69538453.71481337
137.48734447720798,34.7937185611719,66581299.07970459
137.51767039098,34.6967136363012,29180961.054839153
137.554962008112,34.7394911404563,59371124.466063365
137.104498852266,35.0837759108694,143869411.39950886
137.141529635484,35.013526907139,143596329.1169301
137.096679120984,34.898911165526094,70602087.9272648
137.025383384604,34.839820610505896,199920665.6639288
136.941606493131,34.84931448502349,142849951.13111278
136.91636550748197,34.930753713286194,160947462.15506116
137.00858795431498,35.0936645442405,47001397.42665751
136.949082015504,35.0457642137526,178065976.14833876
138.93162064181396,36.865938277142696,157210102.1503765
138.880095894804,36.8191669690746,86859775.17651393
139.00690925219996,36.714553311486604,170162670.54261962
138.95538450518998,36.6677820034185,90716113.44655187
143.61711495219,43.473503475207295,314890687.86085165
143.897429464602,43.333702240395596,521797078.3832061
143.72504765784,43.28391897455339,444111474.92115575
143.618826507684,43.805393900845495,258731242.72075254
143.96303118377398,43.909224330430796,337455016.1735623
143.69205189108,43.6599599603607,324873193.54009986
143.79651960992996,44.03975922430261,564418221.1628135
143.631330137196,43.988449050833104,372319266.77941656
143.18121988272298,42.766419980295005,236280860.97990182
143.311778578881,42.802163070628495,304900617.9934098
143.40862798297198,42.673104812745,190969576.6117517
143.294306662914,42.5664163863213,216633223.80367115
143.175022789161,42.6156185099502,197491553.78447637
134.070648390987,35.320545396552895,153657461.6469141
134.134207711086,35.2569210659556,108255166.66787422
134.119219206753,35.438857608481804,127157234.96714982
134.212079686443,35.407090063554,157448462.14247546
134.22610992327898,35.3190999871083,72397147.01135832
133.93060186037397,35.254178755880694,283595993.8637075
133.84492086933,35.2837262848323,201562912.07364312
133.96096993659597,35.08397638148699,101767642.09144773
133.85596589805,35.0266735246791,135384469.6508801
133.799843017566,35.1203291761773,204981159.09873545
134.133693575838,34.3372454903775,238431481.1386918
134.160380676861,34.1114202148302,201210141.24685383
134.091432525699,34.1949150358464,260650752.7156599
134.23063056117002,34.398388609787396,155687616.86956912
134.303108332668,34.3114852519923,182114097.31452432
134.261301363783,34.1265819268407,131170802.6941949
134.315695763799,34.1863694534901,101291567.35077626
134.00850027975298,34.8576790598157,236438700.72211146
133.887308340159,34.703111756425194,143172526.75029847
133.861418502735,34.922137014708895,222442547.77405894
133.807949786808,34.8406567218864,190776419.24384785
134.09137004194798,34.5720565655883,179634612.19642577
134.009069532822,34.6763295952425,212464941.91717
134.076792756489,34.749416605810495,189287565.7905336
134.205226488498,34.532756953942496,125907496.63191481
134.271932410572,34.6267109369379,275731504.81694686
134.22579918768898,34.739097559151695,156973158.5932752
134.068319567226,35.0559312282828,249463170.51162127
134.11039730569797,34.9341704165817,281768122.79989886
134.250501253902,35.1252820825038,104144178.1125155
134.16047873038798,35.1503614863126,231331260.64950353
134.305965706902,35.035868460093596,77389530.17904678
134.324787861165,34.922807357001304,206217705.835295
134.248800094035,34.8601380322272,229622221.82776955
133.192481966412,34.4027285990784,182168666.39544624
133.24320701673298,34.5226352348823,139564118.10565364
133.18301866617,34.5966320031321,176549674.5316915
132.948279895728,34.21942657711379,174984584.2817164
133.04984168186704,34.2335506782291,286217783.90406877
133.099718750328,34.3788121519623,209252806.38841072
132.89151213307198,34.3044448094403,135109353.38135424
132.995182488333,34.5581462724234,278707894.44660133
133.072532942514,34.5188004134028,127056149.1605526
132.87138660582602,34.424843354714994,227839018.4963329
132.90068098276203,34.524432455142296,141507556.16656947
131.385978568152,32.219017935317396,244062987.2784563
131.46448426013097,32.2871252432388,213447533.53383702
131.27578230221397,32.2441563898872,221978429.84932822
131.469426982476,32.4159841433934,294257992.64406735
131.396658856683,32.4865435524135,119728472.6033183
131.20958115965698,32.3590615495554,190047008.5730164
131.269401760332,32.4530775290172,150246830.9811624
130.344777778644,32.6517000511119,70306082.5501675
130.33523194998898,32.5529431331247,157024802.5618409
130.19538525939,32.5517351392695,193949519.80232698
130.251722241795,32.4815284583064,186140803.29097
130.313285598177,32.7221397924333,27809894.774996452
138.967058657658,34.9477316109933,45258948.736025214
138.94183676010002,34.8979905212664,24370694.1962006
138.86669169535799,34.91393204862089,34072601.394668944
138.817263135375,34.893573601335895,84464895.59297375
138.814398201897,34.8287494693974,58906617.67351441
138.761719233654,34.8091878250908,7269267.384926702
138.671600206458,34.8793210833969,71828517.2990473
138.898793628177,34.7578464347433,51467714.958528794
138.847710916959,34.7835674973798,80260467.30869842
138.870850519434,34.6726587396981,38954517.05691501
138.794561395776,34.725128527861195,46116336.21477122
138.812011063968,34.669775802020695,57606115.21870289
138.515281413234,35.1831653932605,157679542.76911804
138.082440321672,34.71417212194469,24634039.994456526
138.107685733545,34.6900581015879,19536644.66711129
138.052312311441,34.6837262741673,12369849.731448723
138.077557723314,34.6596122538105,11870538.084253721
138.17193226158298,34.6350183634455,16177473.040953485
138.154041364185,34.623402805784096,2354590.093317811
138.143281420287,34.648266692813394,7557035.627118494
139.12363863809398,35.3898202890375,71619988.09767067
139.062156303609,35.508946673541,73582227.62515025
139.121847227253,35.4811663341861,149507103.1915547
138.970306899468,35.4127328478858,88877986.82407437
138.978159964083,35.3239576939557,142104413.33114305
139.06507255528797,35.306291531081996,80428518.16765185
139.102823123187,35.3365193136681,48076018.42293597
138.678516038139,36.5142513290214,338791444.3663366
138.580132810779,36.486460329732594,77099521.01785995
138.72152835314398,36.2648108555634,137271228.91406828
138.76982666282998,36.3951680572062,369486031.36357147
138.59949865733398,36.2733704818485,120590154.17227042
138.524492628687,36.333259087722304,72385369.72555472
138.54230221755,36.4076789496585,114660231.26116955
137.690162646696,35.5051340531745,272227926.25477815
137.019510615273,36.4586708632905,316252994.70623964
137.51090125129502,34.9982262816879,125369059.2969509
137.60159345116801,35.0354932162884,98502205.47511518
137.605651865286,35.138590812497696,90472777.93398516
137.50911853625098,35.199476187018,136053502.94501588
137.45427839081398,35.106312650970004,238463049.30370674
137.31038058203399,35.1432136125048,113466934.64513454
137.366897963064,35.0861286639039,157575301.65484133
137.331678838662,34.97206648792889,71569281.13031282
137.24144000011498,34.95535489592189,89413011.88573582
137.22598287264898,35.028349711377,117778894.10359263
137.308608982545,35.3583462154263,183266059.87580755
137.380354020657,35.3904144166188,147062366.00488937
137.38674237842397,35.5221419728791,180515562.51513365
136.75834474780498,35.4696294616554,96972240.32293986
136.600996890831,35.5302070709553,106493731.31751703
136.641595913856,35.4181803787449,82032082.75487806
136.580448402552,35.443153094223604,77634955.73042588
136.486525472451,36.1229740663275,286678686.38807267
136.36820317586398,36.116418102656105,161158942.71844217
136.438332412239,36.327729503735995,180963718.67040744
136.51999243542,36.2513481289707,269018582.46003586
136.29422688423298,36.2814354456048,155423818.7063004
136.257564610827,36.1984981071681,79697433.9691601
137.04531027838198,36.80234568003839,137739392.1512107
137.121452643384,36.80952926760779,58826336.71836999
137.047131732885,36.7123726639065,74531465.22142479
137.335815354969,36.5924947655619,194998116.23317996
140.140628605593,36.1299598623447,123028375.71347757
139.98816242373601,36.170259541640405,147008804.99774992
140.09913438876302,36.241139594926196,119589974.14785734
140.03697427872902,36.253617215705994,119271231.78818698
140.196135081057,36.62474825322389,96699718.15344165
140.106572561538,36.829314391564196,157955181.62464076
140.026148524746,36.7115394465699,242877933.05230278
140.046247894608,36.498373324313995,253929918.28738633
140.07282739305901,36.6075433835496,184730409.8718219
139.885934520882,37.5535537060563,234991061.1739834
139.900561791342,37.706636492246695,414646126.2889224
139.58539899410698,37.5972599189979,315923650.2366043
139.656600853209,37.8214745502924,
139.79042901238802,37.8996925710414,
140.15536506179998,37.177625592960595,185015988.39565834
140.139369151551,37.06405880610839,192020926.92073473
140.33108538801,37.229168160521695,194927659.55052176
140.25168437557198,37.256658611535,107539972.24896282
141.310278338922,40.6945780602075,93458097.88877806
141.41475196718102,40.6580115072285,92388341.97635551
141.52704988626598,40.5676208528646,
141.485189446062,40.7827920049308,
141.370141888635,40.97045544870959,42552334.68501517
141.28788932138102,40.5993414521541,129827503.45554367
141.39236294964,40.5627748991751,140044547.0137968
141.229786522242,40.4559086298708,244084859.00612488
141.19783628425202,40.5672054684072,78615989.78875235
141.428579014338,40.4276690541108,205341081.47759813
141.35605562406897,40.35293876855339,200082920.56637734
140.75828934667499,41.02464669237659,233312342.47322717
140.754474764838,40.92094344573839,99031417.62497288
140.93623397709902,40.55299726603619,237606205.01691476
140.83001689653602,40.4314950778035,293654912.4048339
141.365748404694,39.955389130493096,221241703.81615025
141.511439400804,39.952183252113,193025378.3829343
141.522192405396,40.0928454871494,219695350.0522663
141.3993709821,40.1995663793262,202990522.1272109
141.312781911873,40.1027523996924,326518082.56851596
140.013255747486,40.224768110900996,33536499.314113252
139.686062723394,39.6689643888318,
139.952401956807,39.9348805495563,242476182.1149851
140.343911358618,40.149760723056595,122959196.9275675
140.434635508629,40.0331834009547,114608534.99314442
140.37666353640597,39.85819827221759,289700158.78546643
140.719815761085,39.467339025384604,218232145.58113933
140.62764519906298,39.391529004811495,177277169.18087554
141.47227381775397,38.5061834408889,49105444.5129629
141.39674006188497,38.5109844787371,103705736.15215856
141.47687263782598,38.4114147373737,77802178.68214491
140.96218757148,38.26669235205959,69202486.03562026
140.891588805396,38.3038951120782,80855690.6995904
141.041066869428,38.3817383519757,134621757.1880945
140.871352025943,38.4219984248991,67399142.00248422
140.922182992338,38.513560335125696,241450446.70550945
141.021299069739,38.510503022220895,291140722.0574248
139.41642110358598,37.886699821779594,209184971.96185
139.334816374875,37.8087273214761,226346858.06345084
139.757759986284,38.7260572543086,216371863.49773017
139.663065233373,38.9232126377985,
140.168886352869,38.2077151653681,115464027.2185774
140.133425545971,38.0992682124813,216468029.60635474
140.110055886504,38.303120711526,133134698.82154214
139.987349801673,38.404795386375,314277975.44567907
139.86989932789498,38.308749955212,
139.885777483254,38.084289186867,402366515.56458867
140.002859240574,38.0234391564786,247786727.95688775
136.351683194694,34.558285054877096,111052898.15222798
136.371348431307,34.6988580465054,121802073.31127837
136.26542889765298,34.5218011576317,175642441.85863638
136.215165067872,34.6250358657951,190241987.85020337
136.325897540184,34.807980230195696,126566381.80291504
136.25596847379,34.7706419467308,193256613.71631724
143.927342366346,43.514640827394,287463177.8201227
143.829897498474,43.651314046705195,374649153.2381672
144.047796919686,43.6327947631521,186121949.52278444
143.95035205181398,43.769467982463304,280590429.68310344
130.26162488476498,32.7887176249842,75252369.28596525
130.268085645291,32.7187126565145,63119100.27322704
130.205119729179,32.7896132387472,65005624.1363371
130.16621496004498,32.711696996483994,46620710.77846163
130.207640397087,32.6666846485023,45714726.87958567
138.853918259496,35.0391044847921,37640819.45820731
138.86157222068996,34.9744773811488,81520920.47996385
138.92932196170497,34.9892293081419,57525182.09466326
138.94566853355101,35.0552399770815,41844123.127939165
138.91364919913798,35.086966295799,22969176.23060834
138.57003401076,35.1257349178824,35362568.082575
138.63563832633898,35.1611255887947,46509370.78918078
138.536267057793,35.0535130767888,32608524.3785378
138.694855334046,35.0835946213335,135415706.94287327
138.620196444015,34.9827288722505,235486475.26983464
138.713180404689,34.97741974588289,121392296.19862108
138.518738237517,35.3202097107915,34451094.089960724
138.536587412421,35.2672500736182,88417896.05055763
138.572456085195,35.3796140530965,22714193.87469357
137.761550430537,35.690512201839,154930996.41271684
137.696783154579,35.651747339046295,173660951.6781984
137.751617883891,35.83166776820399,99826233.8982155
137.54383037472,35.434986756605696,204365977.81612822
137.59468654859398,35.5231323208344,170523049.41588444
137.459964108852,35.5394613554343,118530612.57351892
136.70462082406797,35.9742837001845,267603138.1733748
136.80295199663396,36.018157383710694,324008568.6446038
136.97697173958596,36.32931922174829,163910643.19280148
136.816647150315,36.1496531638176,331556328.6825688
136.79637695753698,36.3408374331453,217879473.8242521
136.700849324589,36.2619819841455,289830988.0244187
137.06428195102498,36.024712679448896,210558406.07323676
136.965492537621,36.141312144003,171738788.87281856
137.030289493944,36.2421227529339,211961530.46288428
136.971200700081,35.4429664835532,209267046.15539482
137.04126272984396,35.39007178821841,98858980.52266636
137.18892414222603,35.5344182307972,112728635.69636536
137.148698031906,35.378669719872605,84679799.59599668
137.214978773169,35.430583462312505,193988366.04605937
137.194010843505,35.771157449841,86487824.26977403
137.313683045088,35.6567013395967,202053363.2349387
137.23014867602703,35.6416685560254,161082217.9325416
137.24937498320398,36.7074849080643,95484395.45421574
137.25425726825998,36.6110365851945,162049175.0214503
137.177701714581,36.714481679650504,43790996.09651083
137.113482250503,36.676948117715405,97066237.52581325
137.11104812393998,36.5361489167103,245798848.34222436
137.180149873074,36.4772341557756,104082254.21080524
137.333649991527,36.442071330409796,252010721.78335738
137.452553909946,36.476790529476,229900631.71262643
137.23608481568698,36.361014475572595,170539195.3137475
140.13074362419,35.9992729436769,112128191.89596131
140.111311987548,36.0767540791218,1758500.4097400284
140.060843021616,35.968926720936004,156167826.50942767
139.989519194712,36.0493073850657,131566673.86407754
140.021005915725,36.1045761376377,1966899.619008864
140.23519212162898,36.7036536762258,87067686.15277186
140.192308470423,36.8042237515458,175638572.92150354
140.348484427932,36.7205085759006,128515012.08688113
140.388430132962,36.7910098927305,103584651.62296416
139.45165097358,37.34884718175599,134316319.3689702
139.323976255662,37.1620659000855,180847055.52492058
139.40952230686798,37.2033528006492,178493089.39698708
139.48345281307797,37.1348431916286,191788258.9397546
139.277498413911,36.9843817792746,310452040.16730815
139.44049059639602,36.443343685161594,314766268.6115484
139.39202089718398,36.2756194659276,308241958.14448893
139.43664856730402,36.1102614517161,295960911.87597144
139.53382376547899,36.099021222184795,255614042.13902202
139.618459237752,36.979327306439096,291163386.69582117
139.48396691166298,36.9984431203332,180275305.40735367
139.393007241873,36.751695712875,337284541.9182799
139.363558563702,36.8892686085429,280957499.12822145
139.31663847617997,36.6617349248535,183771088.2355736
139.351795403469,36.545725201986,198460228.82067502
139.172033711436,36.633432751687195,198595667.26213065
139.27315197859798,36.426909485745895,109844460.76744139
139.181943643677,36.4661159183772,358343875.0161506
139.88577921974698,36.866374947138,204781543.92787868
139.92501387255598,36.7395090173331,189226981.14865762
139.975419874785,36.370427617164296,97252596.28578
139.953989374716,36.4698313277991,133903617.75216731
139.88628796220098,36.3166864378197,178971670.77433383
140.91792002201097,41.0846748162972,211727119.92830753
140.876389222173,40.98396166461959,156140455.8601074
140.95244293604102,40.710822959221794,450623956.2788435
140.853957335586,40.795623536982596,157587677.11330888
140.872574640336,40.880258417981395,33241454.977922533
141.14462309277002,40.3833540103917,296244023.91057664
141.027268859367,40.43551098717239,205377525.93393865
141.12477151146,40.2256239309771,188987283.40128502
140.95600482648302,40.2003905698989,241208168.9893878
140.92105177880399,40.314008798939696,261919173.3207416
139.762216740564,39.9297183298299,35372492.38352452
139.862885599338,39.9822409783731,128953626.05618061
139.922422218414,40.131646696640395,247060963.77280885
139.788606268014,40.1585318141931,
139.89663040785302,40.290945495834,
140.046873415383,39.949852198908296,134404575.19306445
140.12310702792598,39.8027362303098,169163389.42315105
140.242183225782,39.8630861937099,389432935.20604223
140.25199589441698,40.0673485271004,384298701.52692187
140.13423686816398,40.147480406777696,325494128.55080104
140.048190586986,40.0903340419857,122241989.35349454
140.70770354242802,39.584454968619,192802661.1052658
140.627952101703,39.6493514106591,156067771.6814563
140.83049560866,39.648765920214,162788518.0738067
140.82602261267098,39.812256787825504,378202556.30352956
140.703548324658,39.8282797283712,241097241.08293813
141.45693499179004,38.306886731553,18013884.11058507
141.44475915616198,38.367669922626,29188100.97834823
141.361015091406,38.348174066073305,91900158.80509292
141.303252714888,38.4291718578174,118141299.76904637
141.379332639468,38.437215849004495,58187005.554487884
139.171737127764,37.8789663155409,168329043.7468392
139.292592950973,37.8899358981396,239266.24004141815
139.183902661089,38.093327806914594,
139.34149528358398,38.146559789183996,
139.374197679684,37.9679083984431,241965.20209110246
139.852033827957,38.7455729192136,200433311.46487927
139.94728608511198,38.592168316874705,307759318.9310421
140.076854653626,38.603625705687904,326585593.09729844
140.14798836620997,39.2830529794989,200608289.32535392
138.593868720384,35.349142693537196,33692864.668401375
138.64153966614597,35.2122878520567,37253613.270745255
138.597241349754,35.260981861502096,15946827.182526356
137.6750134551,35.9661589390752,164538047.76605842
137.679557127354,35.8658205015891,122130237.25022928
137.624469313353,35.7713723280177,96970523.94865523
136.67091898458898,35.749024716669,212460137.7254446
136.75483970167798,35.8270314482157,161259088.29495093
136.68076530652502,35.6113418613315,160358315.28188366
136.776965652195,35.5757369675103,233269689.45364466
136.98630703929598,35.5839598571391,279951600.0649854
137.077671435276,35.6126284149966,169391582.5569675
136.872962594874,35.6655475458876,208848690.8199604
136.86068296629298,35.7791591712555,123726849.38191634
137.102996175882,35.756925323862596,318265147.4014563
137.029209751929,35.897231957795995,328133894.5967398
136.91672518484398,35.8823356422432,142388053.84839684
137.596057108191,36.2550192161586,
137.48953220174698,36.3220055451891,
140.252978789451,37.0303555531041,148229704.05541325
140.26516299090898,36.9145877173788,227615779.21286264
140.34799234714498,36.8845189588887,108606275.80128027
140.348375712138,37.116431888943,145114870.39928752
140.436370318464,36.9879546676167,159753506.2086782
140.44893788491498,37.1040997619457,146806187.5231968
139.55897395687498,37.35665024903789,166990616.91616645
139.75716736221898,37.4733161819445,163039397.39443764
139.65487813883098,37.477373507837996,321849430.7026546
139.783804408248,37.3457878373877,170849231.4541785
139.57814895918298,37.2312586011234,183724362.4874446
139.773878844237,37.1852349682803,277484781.77214885
139.67879858654698,37.1306328833682,306407522.37178063
139.82953336489498,36.633985840372794,171469872.2642465
139.845614449959,36.5273994090819,114352899.76802796
141.13111281393302,40.68506159928209,116355417.6539235
141.06191777746199,40.78374743071199,194122852.44140285
141.28552238476502,40.8709405065324,207543010.02072403
141.22881835240202,40.7565597447525,276330231.50097096
141.223562451378,41.039683277234396,443754711.8985724
141.095525366367,41.1168157335507,430056992.00300765
141.02118409123798,40.990288660190096,182844694.96175838
140.28484546913097,39.4979287951017,240325837.34569007
140.51255514255297,39.598227528558596,241096156.50310954
140.500136021256,39.4575210659454,188218245.33794048
140.393358673392,39.3875031721017,326154670.02135515
140.37154508830199,39.7056847527615,347559507.1400376
140.49247741386,39.7359655923747,230952580.87639016
140.51070590749498,38.9489075483838,264114287.6499437
140.407098739248,38.85114959748989,258761241.01577362
140.28100884616498,39.168291613116594,243249217.0368609
139.88393958039597,38.8862034124245,163889229.65960073
140.09696112277797,39.666586279666504,261893670.2388185
140.173956419145,39.4906874466423,335980619.5166625
140.11197231484198,39.40415876104289,143124891.61041313
139.968546172224,39.7441875630954,274382085.2177854
138.67830798228,35.2648116548178,94496801.28623119
138.70220089275,35.438139868596295,132162439.83222151
138.64008760803299,35.3628358840812,114068996.73928885
137.360940528867,35.7541662451314,159061213.1477593
137.542684029366,35.7820162521855,168842402.7406379
137.454400298622,35.6790433175088,93643475.43176763
137.51952177249,35.680389530873995,144117752.86884665
137.591498804067,35.9757769828413,104451411.39194937
137.575690441728,36.0538695031416,96296194.9650157
137.514257192334,35.886082469523,89569445.96235828
139.72813686222597,36.656329655434504,222756382.11438167
139.629486044961,36.8355866446095,367219845.05645233
139.745789103492,36.8036311011501,263371084.48816296
139.524442397043,36.7171295628357,155808685.75200948
139.53676882427698,36.5247872579898,221803044.4014296
139.79918175702602,36.3503973350595,196558082.0575554
139.77993874485298,36.4617065956869,111739609.60725306
139.710594993255,36.227292132810895,220832459.9763816
139.621195120803,36.2577861807678,240917774.34430498
139.61537141989797,36.4506855965637,299095435.2511704
139.68552828017698,36.5315008092342,106810951.42506179
140.433378667659,39.2707824873375,166667488.6927383
140.39590183904997,39.179918058355796,188312528.79449347
140.51384702001897,39.0978723140841,127426168.35770889
140.60307778605,39.128475602782494,115997034.49327049
140.579808609867,39.2201666704254,141306429.88767743
140.302511235711,38.9131259205711,303565554.7867496
140.250262677756,39.0483177627015,298704897.6701991
140.226909709953,38.7711523523478,169989468.5657832
140.106465408921,38.771528084104204,369726845.90999645
140.07699833592298,39.035517298875895,270216974.816864
140.008802592846,38.9007011885019,304500944.06251323
139.989314378529,39.373496221270194,81607975.64379533
139.754144457873,39.4236375826326,
139.922883532278,39.537626190298504,
139.740787427043,39.09149372634,528261868.87628514
139.867387932393,39.034968836061,120115577.15322962
140.025330429897,39.2523904397262,263049042.0316203
139.985086568019,39.124828609518296,227941749.22058824
138.72596853574797,35.276438666000395,45156861.56778142
138.837512220264,35.2421951266968,120568327.66590959
138.78414763392297,35.192862141488696,136616204.36439338
138.808241550957,35.3710401105765,103785797.301959
138.75679753587298,35.3840943253578,60283010.82134061
137.406852880506,36.1750286376831,154291033.65735558
137.464129322289,36.070977614826,146116974.6920601
137.195984726097,36.0590240653005,302900271.0779712
137.430811181103,35.9714038961937,216094012.06426978
137.178154715943,36.2003019251016,262147850.4922146
137.27230941286498,36.2487567671328,164718240.7469099
137.251927194624,35.94577546962599,135442981.7895037
137.335322510925,35.9137514813451,333443758.4476542
