lon,lat,area
143.76847110172798,23.153161739937897,
130.88113346771098,23.667593406959703,
144.0305451717,44.5283231733549,
143.025193313607,44.96716006327709,
146.108150240415,26.147908645296898,
146.097534235455,25.994993521671898,
142.169911646994,26.929515394138498,
141.588438293478,25.5390853197183,
141.87972010571698,26.1671446428381,
145.516060881939,24.6045634472517,
145.80734269417798,25.2326227703715,
141.06857384178898,28.0999328136912,
139.030932113007,25.877357906076597,
128.404064506047,23.077746903175797,
141.545443520052,45.39475982669099,
140.918061644514,31.7580894281112,
137.19257184075298,28.785454548995105,
123.49796357853899,24.3114735055104,
125.105641471338,27.1687801446039,
125.06656594594799,24.7384207731804,
131.14132941884696,34.7916764157402,
137.488229861994,33.430275039493196,
137.894292005052,41.2031326233318,
134.573261241342,38.7350622287211,
124.43498779007999,24.3820576760541,
124.733822196984,24.5754101318748,
123.907786772121,24.273119080336503,778438364.9608432
125.748733372383,25.3071026136423,
125.52163684763998,25.2699379398147,
126.67098305819098,27.871783929527997,
137.11027031172898,33.1498612453437,
137.159438414427,33.185846486459695,
140.90142485835898,44.3368052683941,
131.87560490728802,30.092469597085497,
132.798448263723,30.655465482199798,
132.85322523214498,24.067757841847502,
133.83656506499398,26.5458136774809,
124.07625030408299,24.431478205840197,
124.376354797299,24.503252127730196,
125.558340263598,27.1963348368591,
125.858444756814,27.2681087587491,
128.076517570683,25.5568829121144,
138.252999397392,33.7699876638333,
139.020902472738,33.7517559238563,
136.52144982966598,38.7282225977526,
138.279012835788,39.4061730542601,
141.389531759454,43.9640650408113,
141.164338677681,44.9424139688007,
141.782827239306,45.4370971035399,35837836.91036374
141.39871006153197,44.814591140028604,
145.06431205134,43.955018901849,219539519.25782043
144.89424479976597,43.9205246019573,426305816.35674417
143.93005668488698,44.235056240981095,
142.857016486305,44.208473479189806,344854767.52492714
143.064639681909,44.3148752712798,242632527.97997585
132.074819650488,32.6979266779869,
127.517295181848,28.5188066394528,
127.919224178262,28.717672700857797,
129.060288393762,30.019076786433903,
128.47345056008098,29.128885004514895,
130.83605572926902,26.716019379875096,
130.379770159056,27.4960242412548,
128.91084818261098,32.921937752305794,
129.36058043822098,31.3362943828341,
130.512816176457,34.568044413843594,
141.496717149843,33.7037836532298,
141.56949864763197,44.320150961991295,482055703.5462783
141.48752693895597,44.138855649002394,
141.84382476560998,44.754066658415404,295934334.2441287
141.612600287037,44.4838589415561,461303661.54795676
141.607629134202,44.6486792665419,
141.488092092435,45.078804483051904,
141.42644878738201,45.2966542385643,
141.25372070858398,45.20662731182399,306869271.54342073
141.663832506636,45.3389915154132,55084079.67383726
141.919771860141,44.8461038961045,214423862.8079695
142.044266802735,44.470896182295,704529351.298812
141.79328698989298,44.4474010590423,137570404.27081773
141.887411763141,44.562486597337504,383043343.5855894
141.75018535048798,44.283693079477494,160661376.64844632
143.423642174736,44.157648918820804,290141692.0364825
143.387138638788,44.3003233132878,167388737.48313576
143.244043133103,44.148389926812605,316812211.3576593
143.207539597155,44.2910643212796,263611186.9386605
143.21912028563702,44.79660519113669,
143.570565904227,44.4959218998063,
142.70662154397,44.24267857867109,243508085.87790948
134.064325286694,35.8298089990995,
132.10204013816698,35.283260287436704,
131.193159745296,35.167518350121306,
131.88891876576898,35.67444890866229,
132.55363711728597,35.42378220084,
131.798422256325,32.0306474542494,
131.885178833133,32.314503744448196,
128.893897611171,26.0286653018238,
129.00298532130898,26.1261080195775,
128.09967311823002,26.8346830116585,301182491.0544411
126.473418723267,25.757336348432702,
126.782465642151,25.6727307925011,
128.483903531346,27.384713882070603,
130.727878261431,28.238354640124196,
129.496480506855,34.2187149312855,
129.00589207393799,33.38275084738769,
126.94527960912598,30.449097589053,
127.23281713916398,31.122789280146304,
129.311745182235,33.625369412438104,
129.514796085114,33.7876418052426,
129.495059955591,32.765712255084594,
129.519967071297,32.4087719963469,
128.81672590244702,32.7264889154775,218760226.07247394
129.073066699137,32.35421109798239,
129.208712966487,32.437987342186794,
130.369505888919,34.289863700030395,
137.791882470363,37.4319566526444,
137.473721316327,37.7003703885864,
136.113469601769,35.398332429738296,154548805.5734326
141.726298012794,45.1095994712451,411601780.38978285
141.867467551095,45.008375595645006,400816172.26447237
141.72931034819698,45.2797595768661,219772618.34865284
142.010232896466,45.1561491848082,458929506.9988235
141.988058090835,45.355478648535,322412626.1716116
141.848305080867,45.3778651649928,217490571.6386079
145.043913801369,43.664049942321604,123217025.54628529
145.110284296989,43.820629282821606,151356021.3743405
142.147043137407,45.0762900265227,449455673.91305506
142.350628916793,44.9026414074546,279580855.83492255
142.17527876356198,44.6078266218816,362282105.12655085
142.094370818499,44.7914542746132,171252255.90090346
142.178876750394,44.8738668158682,302116420.4014066
142.49250059487298,44.832537389557494,483308305.5003916
139.95588941135998,42.7155885496131,
139.987322884365,43.1590217431923,
140.298000290184,43.579046527846494,
140.02597335559798,42.4556684522223,
140.02336362992997,42.270857688147,437197331.4805165
139.78237097160599,42.4256275392807,
139.77976124593798,42.240816775205396,695581522.7225287
141.784994529222,44.168423029302,236441017.73563752
141.66440697585,44.0138874524052,323772172.6736232
141.734149280922,43.877930020174794,498736015.6976377
142.84607606378998,44.021532119862,829768361.6774131
131.077459289832,34.46356678165169,
131.235243633153,34.5119793062484,529273708.3508548
131.796015810327,34.884667615690205,
131.700748194708,34.806186221947804,
131.54690788027798,34.716287233745696,
131.76619230964198,34.66962507009539,151604274.28503713
131.378058310257,34.6071367422198,562726087.12474
131.374510408416,34.0714068748977,240976828.5518587
131.299799120292,34.3203797214564,271992639.7217431
133.75492576974,35.7658731923196,
133.903639120251,35.7993646101762,
133.37559587985598,34.3210365914295,
132.13529566894798,33.165518504127895,707438858.0199733
132.354052647729,35.070048162781504,120079096.95324649
132.73169893598998,35.553703532407496,
132.347849708085,32.9015205705615,
132.28284062630996,33.0560281642569,447562130.4500324
127.02543990229499,26.4319019514594,
127.063310404866,26.297221169884498,
127.227455102088,26.3755620393474,328619494.2516175
127.67894350539899,26.738048941031998,
127.61738640839101,26.5274789494704,
127.98304699534201,26.779843902451198,334540666.68463767
127.40129063013,26.322364075009197,
127.539647329743,26.3670000569646,
127.546192851792,26.159417649614696,211669829.46500355
128.023897346565,26.5231289045184,117753980.91514865
127.99215810414,26.625940325681402,292683049.25705534
128.195761885059,26.942642241655797,375057748.085167
128.329869406299,27.123255769830003,
129.42400753821002,26.7522019159263,
129.20501313650698,26.4139378573818,
128.26208107581002,26.8639120111329,53276109.93261739
128.177194195347,26.7062614807626,
128.80482119970299,27.676420950446396,
129.61648573179897,28.8309938636082,
129.688454194233,28.3905881499174,323523400.7502327
129.796444877418,28.8216759918219,
129.86841333985197,28.3812702781311,208255655.0414565
129.886822395429,30.612071679014097,
129.43811766039002,33.2237081712459,
129.26791081944302,33.0648658503999,
129.466291456062,32.9261534833572,
130.02396500313003,33.6395562796095,
129.82491523009801,34.023689149480795,
130.154114376891,34.0860380389683,
130.485650186661,33.7777917656784,124441684.6722999
130.03014782478598,31.212199074605998,
139.550095804779,34.785561812595,147485222.0375266
140.11902030330597,33.7665580674939,
139.548181582887,33.2574045016092,
140.608932993804,35.5787400495054,
140.325765040098,34.6930454798202,
137.920295817744,38.0607020138202,
137.840297128413,37.8929042066124,
141.93995283184202,39.5848225181937,26709573.88262251
136.22521794581698,34.0624426140801,79971324.23936999
135.889359495021,34.305633499559406,114442438.26870374
135.757152297063,34.2339351451119,199262826.3037849
135.789879537345,34.3374212524662,113020631.70262903
135.846906397422,33.8270458944396,40359628.80703714
135.923171003532,33.80240541206759,72945253.40305135
135.783102535113,34.6696344101613,128059053.65294556
135.791987063238,33.9727005821808,119851793.8651007
135.80160814436698,33.883839871473896,130644629.96627085
135.50986045538698,34.0792987412988,210827735.48453546
135.668936986143,34.227223002726596,220660515.85060194
135.679270922646,34.087630776012,106622611.15591642
135.612874279641,34.0406302795317,255754464.6881627
135.68882971667102,33.840711887036996,168580527.3010043
135.612811992537,33.8825721012636,184755458.74986508
135.344601909561,34.140747755782805,116729071.02618606
135.276403700064,34.164807635220896,81350056.51670228
135.21300398733598,34.08789935315159,65062880.69025664
137.315083488363,34.5319243618767,
137.166585406323,34.524041280263695,
136.15850454782398,35.4777766578543,130117864.18862933
136.10553035244,35.538505247388,75019516.50750385
136.30352402775898,35.534393214632395,226795251.4643809
135.11634118458298,34.8504805614042,148620457.8045918
135.114964958886,34.7645542585605,137407838.34396496
144.187383826266,41.9036050960791,
148.418583170682,36.9470101884741,
142.33865394107698,45.1504834411059,71262811.07709089
142.257051768777,45.14651931522479,162695405.32042158
142.37949045368399,45.0353876065071,143017986.84120098
142.696596109947,44.3866811693052,355575454.4220664
142.503858898929,44.680586605488905,432531658.818626
142.472847040425,44.397624455533794,385824166.41674054
142.35274517181298,44.5422525049491,491435684.3031219
139.84080715406998,42.000018215802896,
139.656949148376,42.1168462671627,169294060.93369877
139.471035608256,42.0934006202952,12244177.691658927
140.191466294649,42.470208818706894,
140.04682967642398,41.9764498258776,117794260.34804201
140.16924694347298,41.911124314415396,261392095.59139132
140.106574054722,42.123318790179,192483149.10681203
140.228991321771,42.0579932787168,334363013.76605535
141.04122264384898,41.6760787733202,341044979.5877389
141.50714265385497,42.284128554594304,
142.081921493556,44.2254329017446,599605136.6784403
141.947342016183,44.121102890455795,346535047.5748055
141.947900453667,43.9288475909085,400858228.36620843
144.802767028458,43.7475068391306,606454890.1181401
144.90646378441198,43.6254217985223,293302723.73083186
144.270124721349,43.3888710219657,418384716.82856226
131.661946058643,34.6193468897496,11519967.575069243
131.53070271762297,34.5578577479454,16108588.980642652
134.57033366746202,35.5276379925555,131687867.52397653
132.49585156975198,33.4987572212568,96908718.12514748
133.299972749592,33.86252405660189,175245370.43364435
131.902482215955,34.6507852525989,178433022.64610484
132.27739791730198,34.9170449492997,256843731.15994573
132.84268295647797,35.3945434563402,154497167.28540984
132.86990873362797,35.655678713202896,
131.40293985185403,31.676660696465397,76210319.72084235
131.368611305052,31.7650286747838,123927024.60708146
127.656974985804,26.1646783864884,8087869.590654968
127.68829996632599,26.2375800122634,16707415.110377785
127.710627816651,26.1497739190842,84370084.94509052
127.76338680689098,26.1782650543524,8727342.617785191
127.741449567501,26.2262959011207,103094208.868976
127.86872410210799,26.2421813914128,11906340.645889957
127.81773355167299,26.482166452173296,50699297.972678676
127.88840175747899,26.538832866965098,178240991.55458796
127.7931440742,26.310403448524802,101075288.9280721
127.92014099990399,26.436021445802098,78581125.6678226
127.87090680381598,26.334944540503496,240659158.5682436
129.028039022355,27.9218443039899,
129.293959187679,28.5203290175331,
129.492122276055,28.7144601931407,
129.564090738489,28.274054479449898,
130.14362369939698,27.418182338223602,
129.720017437593,27.120631428956997,
128.946796974039,27.783392351236497,
131.168621309385,31.680760693424702,510093504.96033937
131.28439420760398,31.6595066730393,200128766.0489719
131.208275646888,29.3509193631918,
131.03960170263602,28.9581946729218,
129.640957417719,33.4536464931141,
129.626269839957,33.22715114591399,160013582.55264148
129.774984130374,32.715547080103796,164410124.12552562
130.245409569792,31.3737731095866,192609698.74068314
130.380340002066,31.360889523740695,211952121.14922738
130.41883626205498,33.6346919817546,224112405.42986524
130.589915162454,32.3931200536977,161186335.81663847
130.573989411855,32.2301671136214,209988809.46225813
130.672576432167,32.2100079534057,250609785.8592485
130.685929723371,32.48563377839999,159506388.52923435
131.259290708205,33.4690225680195,134690235.0036076
131.14405369639198,33.7204110063282,
131.25741154614,33.6669895260105,
131.125424636151,33.895156739673894,307643982.4770572
131.235263684481,34.0591691507925,200877564.56984085
131.19864073714197,34.1806148206776,328651899.95984447
130.89101515610997,33.3257065307232,137252372.80301985
130.80213457839,33.3244200237201,243446866.9765863
131.338608498966,32.860965787445394,237717081.31059533
139.610298760548,34.9435731728787,648008862.3981364
139.56762741477598,35.248022664884694,121887452.67530257
139.69344790813497,35.1870380669544,127734563.02528034
139.74680266545897,35.070948919030194,262775834.3411517
139.59267358324198,34.562990708597994,
137.84866037867098,34.9033393906593,41056027.657016315
137.978237759637,34.6450205141304,36664184.699918605
137.606000197116,34.5060407651619,
137.442060016107,34.5290914828596,
137.876924508642,34.695762176456704,49053036.90058206
138.642408279276,35.65867709133509,51038598.98495889
137.52996111845098,37.136338504749006,
136.88923597404,37.5424447420638,
139.425568272111,35.808644703407396,121080377.44342531
139.320737992854,35.7100916220345,92069289.70307268
139.394107845135,35.7056296452768,111417622.32136089
140.479301821551,35.550742760514304,
138.166674057456,37.0239223904847,157006070.98387435
138.068569225587,37.336887340193094,
140.90102651153097,37.5730489750011,123383832.75609393
140.84265973212598,37.4732283970572,269266365.2522168
140.92380714657298,37.374372806604896,255129389.8321734
140.954007909528,41.5498579466652,280706302.24713594
140.83070925395998,41.655013572051004,279079862.7061446
140.23876225791298,41.77478805407159,431296970.8021305
135.95455074524398,34.413978325326596,235654321.985023
136.061786907222,34.447832091611396,189283245.6437963
135.893629721289,34.507659621593405,212134519.75590008
135.89787680987098,34.6258713269073,204514776.31437784
135.971880058806,34.671415419375904,128091954.88059667
135.22591765583996,34.9077657253149,106901541.41976874
135.656535743058,34.69560535647359,43358896.879354954
135.738723696774,34.600391809447196,76384730.79186827
135.787178664126,34.498390462601996,87802436.78083067
135.748619730405,34.436496919242,112793887.8092776
135.671716721475,34.6160746723374,80412173.82806902
136.49845544933402,34.1523323225436,
136.33924415205598,34.137239781282,
135.926798670729,34.187600101413004,182384276.2473029
135.86816528132098,33.9955926350799,181657766.46926785
135.843664451649,34.117234971296405,195334519.29582974
135.831502727943,33.7576383105588,58689140.73482134
135.865392165327,33.5875584012507,50611319.01444386
136.038636419169,33.7735593126327,28917505.869027775
136.22368343595,33.8293359960732,
136.308514028709,33.944264264096994,
135.910872596829,33.6344618627688,37144213.554857865
135.93726715710898,33.730346869975804,69775332.39055166
135.894333927528,33.7061776881357,59084335.7752968
135.99214641863398,35.2484591005701,179521249.20086023
135.928146319284,35.187820229397,195610113.18847707
135.996301816386,35.3753007388044,109653045.17907435
135.713538782184,34.7825893412052,52995283.17679513
135.77309859893998,34.77230125778309,126846069.85854626
135.973360807383,34.7721700409061,145670156.93376982
135.613519145148,34.3415443431159,120839165.86479466
135.68003371302598,33.7299527993868,150340617.3553067
135.79475923932603,33.6053091160017,124854721.9026246
135.777408471243,33.7036731999429,146855050.38537872
135.50130860732398,34.202968020134094,118870901.70739037
135.42393035259,34.214403854436306,167906224.8341437
135.554916392676,34.3160602424475,62749125.66424653
135.518660791932,34.4178775197015,91451796.74762774
135.25294065327,34.2433372258098,118447887.28329158
135.12823916466598,34.1435846860614,91684468.19886291
135.18007320074398,34.10566275530039,16542351.814311672
135.145637164692,34.2439320053259,135400414.59320712
135.19747120077,34.206010074564894,25968830.728309244
135.157731028518,33.9268858164489,12050886.97241385
135.19920263760898,34.0066299072423,74164159.0835619
134.986984611534,33.8990181044988,
133.49538395985002,34.1935943739258,
137.33928666780298,34.7015153824119,105019698.1370827
137.587144199571,34.6814685446295,38914913.57572894
137.04180177926702,34.500329112717594,
136.943115092256,34.465416986945996,73707963.09357917
136.870809436878,34.4174715503025,128699010.6558824
136.15343493483599,35.6473261955382,108938301.76729046
136.10611882691998,35.7404868015459,155133738.77805528
134.91019179491698,34.8392050300701,116996382.73540087
135.01784533181998,34.98708956647079,180041969.91030622
135.026059596978,34.8918098390631,156241799.85573006
134.35005751728,35.882692707533096,
134.948053681683,35.6826420332679,76506564.80710158
135.09728086413898,36.6257162230839,
135.776765225574,36.0352826600118,
135.723738082152,35.932103320311,
145.02795342090002,43.1026680407928,95639989.2681999
144.022910455248,41.849444269036795,
145.009714281663,43.3790335898073,203058058.81648916
145.653045442113,43.29237797723519,43552504.41577594
142.80954251751,44.4824963368302,429287185.62569445
142.73690717510402,44.63177372359859,382353145.90093094
143.027191147137,44.444895538286104,305722394.6051921
142.89428629895102,44.6682410688327,
142.725548871048,44.783724507667195,
140.477458932525,43.219048680564896,244934293.2614834
141.08512889278498,43.776941503369805,
140.7543928197,43.6757432642058,
140.561056741908,42.6118893742344,516638405.1864187
140.18570736059996,42.6511096838112,350070875.95336896
140.193732861303,42.926530327658995,
140.356181531478,43.0503487149153,
140.382934715892,42.690233059749,500647559.56640404
141.535842640236,41.902468013465395,
141.94327706605202,42.076753451178604,
141.213957042015,41.564127921525,
142.11233636843102,41.9989103426013,
141.895204623777,41.3484051672912,
142.25935682158197,42.459901158575995,292178824.25084984
142.428416123961,42.3820580499987,199084334.0539173
140.377141075314,42.2746514527326,435250490.4006505
140.382819977367,42.0881674473315,371188023.04735965
140.715195089865,41.85728397132149,22819906.954256024
140.786486863308,41.7785933881668,46420033.443366066
141.66048776447698,42.5579459437836,
139.25817818279398,35.799289489688995,111849024.8902011
142.258146532623,44.1747082170537,317486422.85446554
142.528324702104,44.1870774830034,165898261.32881692
142.41609674268898,44.2706286133881,277114512.50314945
142.345423714032,40.3959034846521,
144.4774014816,43.87136518472399,384610589.0359606
144.61930111021798,43.72375957409459,317852654.3587637
144.28389232111797,44.0969785234671,
143.96268140208898,44.096591701819804,
144.63724746206998,43.99564470119609,
144.403870062144,43.970232548998794,49853488.055788085
144.89618098612797,43.3877530137777,306598152.8893445
144.81229468892997,43.49698797518911,165998762.68488085
143.985941192544,42.8417402521812,
134.023828766751,35.4897223841622,92540817.43309493
134.42781453080102,35.59697184647669,14723534.846955974
134.48632982202002,35.5776203014914,117291414.93317865
134.452978897446,35.441060312855996,162690989.42938945
134.368975052004,35.4910426217919,183865837.68478933
134.26540259695201,35.491446257091,144000915.0501548
134.310459760785,35.510394166777196,16631218.766010975
134.48521335367798,35.356974665595,201178604.33185008
134.397604052151,35.244617449107,349721659.2660353
134.867751866001,35.6170914189849,199448046.57777366
133.524970847532,35.3749383493803,214511267.06494883
133.10740585487397,35.9770797778821,
133.277641116312,35.781674863994404,
133.00145361115798,35.7126463135398,
132.35906828278198,33.3485188549293,232724566.3190171
132.4013532072,33.4849763204847,232645812.38094443
132.21599849119198,33.343051186750806,365004372.083488
132.362353850859,33.6601456657983,411207774.01259726
132.70756376641498,34.3337829763302,233202751.30084848
132.565385642316,33.611487406444205,146715214.45125672
132.63409752710697,33.556549516116,179860595.24006248
131.88287386032,34.541588297053195,176375446.02995163
131.748492689781,34.5567306739974,189893444.49211544
131.723499376029,34.413720607767594,432450956.61761624
131.51675106626098,34.4432518573473,285915416.87403816
131.62300109352898,34.361730932921695,314947035.3900283
131.596486115292,34.175331445068,214266997.40099466
131.428662146034,34.3009312668297,243221979.58919305
131.466750486819,34.1734040901561,235562721.52990946
132.01973930574,34.8107198008779,115294542.2206018
132.002188897623,34.7019809951793,190645754.19014895
132.115006921359,34.8892011946203,109516814.01026092
132.18537318402898,34.8324024600618,217537158.12956834
132.626586134988,35.267021932767896,112782727.52389273
132.758363692581,35.3082748687284,159364329.96948472
132.611980002414,34.6724326013142,237042441.3482786
132.920112099456,35.176665320666096,128978831.6167597
132.76867094175302,32.8513066084599,118929399.10407378
132.67667078268897,32.77716183967829,117097204.59094307
132.382217860926,32.3616991601013,
132.245240246724,32.355990630677994,
132.917501157243,33.015435926886596,103857109.45696405
132.806393875749,33.285914785295695,145021379.49610576
132.773304068394,33.377612123978096,153202921.92133373
132.710067782655,33.1876101927381,128966610.61329094
133.34508506790897,33.569447025569396,150825895.8444576
132.72373114951503,32.906497943107794,75116575.27226456
132.631730990451,32.8323531743262,81872096.20857148
132.45105979604398,33.136430519883895,137997479.90809712
132.44658463027199,33.2513885279334,187364633.2050703
130.871796668151,32.189709027501294,201038308.66936967
131.12235186345902,31.8459684453306,305386127.33513
130.96376945995198,32.098509937989,325182013.2990572
131.561076706587,32.173724599104,
131.509830338403,32.0876701947384,
131.40221053812598,31.880087211112798,202526561.58056092
131.348212895097,31.5477174330813,92112130.89101489
131.28424801889102,31.511856928157098,152624081.3008615
131.21334365337,31.165862486394897,
131.08645390361397,30.8913421761714,
130.89220303064403,30.7937184661854,
129.734904595395,33.1308887044542,181160939.26515898
129.745133052447,32.988733362743396,201006063.9294657
129.893289561981,32.914737999686395,220243683.4697218
129.803640857748,32.8794163338729,253746921.26528817
129.875108530266,33.5705639591982,330765561.35011095
129.74537271847802,33.491599165134,
130.19597988658802,33.5707254357156,122080402.51482263
130.12942427281502,33.4403828382789,189562734.29145655
130.192567154562,33.364328325490796,229884942.3202586
129.840253419459,32.2223282865825,
129.86383679755198,32.5444409290968,286869557.40646076
130.51457367068997,32.472498548721,302549829.42257375
130.430438515047,32.742639328941294,228697200.7206525
130.528202994288,32.6839237277553,415646743.07954985
130.02744348858002,31.729432425431398,
129.9779599041,32.0328520637664,
130.106017810362,32.1756346670781,177511070.43828344
130.43599106307002,31.4406075054786,105273794.7235782
131.065963856157,31.5882718492341,214420939.75115487
131.127554553138,31.13387350128,
131.190479426688,31.3725333065793,146501086.6257271
131.08796816217298,31.427694207270896,308492023.422024
130.97504162595598,31.413006662505595,258757449.30462468
130.48253046199798,29.665752364409702,
130.083407631606,29.404662739983298,
130.13983233523797,30.1013459020329,
130.379353484061,30.361462207134302,146088685.80418327
130.286174922849,30.5442112677339,416093289.0037591
130.22372103552897,31.1519296504845,
130.18997920338296,30.884222358224402,
130.46109490243498,30.759128310213598,
130.32198241840797,33.077655193337705,408240021.46541846
130.902963284511,32.7927219401793,233665039.9997096
130.775426396142,33.1730447317632,317344840.33049655
130.859036214324,32.305818138429004,144147152.58930218
130.749079664412,32.3228562821109,133617368.26211958
130.746507205017,32.4355291670289,169984356.6042329
130.920537266937,32.4512996614884,318036192.2552328
130.856713299972,32.5460671307937,197317408.63387
130.820354732859,32.7388898959221,167923590.81089315
130.830390055893,32.6504410743555,156387935.63244644
130.71655233080398,32.607527974761304,110396213.03846297
130.634167093485,32.7264394290933,289521363.9393776
130.673895983532,32.8249927121127,157399385.45271823
130.532635677642,31.9269402930027,195031126.27879146
130.938868583622,31.637600052920394,156448182.19373176
130.89122767818898,31.532608684440596,152239904.1622648
131.467504818045,33.5708583120933,138005593.86350825
131.447197928937,33.8986587121083,497896851.8319057
131.389142788365,33.7253037180081,518867499.707263
131.030957200506,33.460670448315,218673889.63559884
131.047191826881,33.582764704335,126076141.20537223
130.917575126514,33.450413875741496,186693956.077902
131.18079720834,33.3800810523939,170893848.04971
131.072855916882,33.3625264180329,193910127.64548895
131.048553840666,34.268728197791994,166375056.31839487
131.105179800837,34.17737582160989,129191979.85234767
131.01767782857598,34.062210329644195,168497598.12622824
130.846647030033,34.070220575872796,282210293.39560515
130.961051868405,34.153562705826296,204087240.2988695
130.932189098304,33.6308363710209,125336042.58762573
130.869602350938,33.553529854779,152737876.0436631
131.80864863691798,32.686396030167,
131.01445469758798,32.7589089534828,110970957.91836716
139.87397500362,34.9550602490562,10155217.028712207
139.88019131526,35.030025337131,111462044.90595514
139.83020610761398,35.0020281577956,41318517.22385671
139.99354376221498,35.0826432598125,77974666.33631383
139.91498517219298,35.093258500182294,89035310.5700169
140.259295397727,35.593676620032305,123874046.77824189
140.346533226405,35.626409560410906,124168647.97454007
139.485660648939,34.297109741687095,
139.39146335961001,34.049476390832105,
139.497598928325,33.7308979565283,
139.790240651226,34.5984426453831,
139.652545628772,34.295463703974,
137.758723326609,34.6914078032709,34746558.022809245
137.88672544845,34.870846739916,34811396.879113704
137.874882029577,34.8219657934995,52680266.45477797
137.941619685144,34.733780634564,49904336.87528914
137.986697053623,34.704122430347695,65697922.642947495
138.025394596815,34.7190647509662,11453709.6631881
137.939856258171,34.7915872246602,44480449.826411024
137.828101824732,34.8049605115311,56970846.47042136
137.82838087682399,34.7365634845845,67383676.0436825
137.78152607943898,34.731578422807196,21385238.020814627
137.780201705223,35.0568569893641,171492889.01354864
138.667022720919,34.824400256362196,148104574.14260992
139.306274472684,35.6040486020637,93918931.74793597
139.00402168431899,35.0417777987673,41349225.33356869
138.92466544740302,35.5403813094297,122666042.86723343
137.623710709221,36.942463737164694,160349229.5991226
139.514970277683,35.6282625927558,139940676.36051384
139.428061169463,35.6125079050488,102773597.70242964
139.372837425723,35.5366056646986,88563797.1802102
139.573865044284,35.7071280177579,70691494.97954953
139.572944149716,35.870080647865194,168092118.04254645
139.51841636304,35.7943883881815,174427542.61860088
139.635555417963,35.658143535029396,27252184.812307086
139.696270649166,35.6969785441401,167500045.56266502
139.853195035158,35.8685708245293,117755047.69611575
139.683500366322,35.8602366067011,131058699.6180556
139.73714534462098,35.8078230275832,99591841.03306769
140.081325793134,35.5461555739455,144038859.0140718
140.353939479039,35.527644171937496,82050231.79624362
140.376160150083,35.4320296546788,152250100.85203534
140.30978530156497,35.3140518536388,111031700.90572588
140.266701650361,35.494911231558895,70832675.97931089
140.243677949628,35.4143420859459,155481084.34229144
138.84653559783598,37.6743146307561,112989364.08750412
138.63918886791598,37.751768375940294,
138.697017657792,37.8321463050102,
138.43771671714597,38.1316227257064,119088871.97934622
138.47278791634199,37.8008415104694,
138.294248455407,37.8809926532202,8854043.816320188
138.360446631594,37.96344355797179,86405134.66599376
138.330680458509,37.1279158800957,162167799.6634544
138.211635624183,37.145816060232,169161113.32551593
138.22179599471102,37.398863990241594,
138.28214536583698,37.6168309713636,
137.70106017350102,36.706307893110896,353403404.76052725
141.14188612649397,37.80844567797659,
141.146879250465,37.6843806123906,
141.257792114736,37.4277003066549,
141.09041577404398,37.081996147861496,
141.88948410255298,39.715149527522705,141498921.99008697
140.699287104156,41.6452588682856,336541128.73339236
140.39334575801698,41.74422358682399,311473303.6257287
140.64426906317698,41.819038301937596,173772190.48511112
140.477659099173,41.910734015782495,326946145.3296363
140.59238142912602,41.9246772899823,280366996.88089603
140.62137305634,41.4464185863024,
140.43318658353598,41.4943232263593,
139.20698543924698,40.1033082434358,
139.67861367837298,40.8559972660059,
141.82933609128898,34.847504851005,
145.988219574681,30.177614459747698,
147.096737995086,35.544152059983595,
143.089353143649,40.59966190643879,
135.096792179679,35.043449244939296,169535078.67051095
135.224090961861,35.1836172410712,180195832.3399897
135.214582916094,35.005454681442295,120717037.84334366
135.27807257316,35.0784454799658,162875911.71103528
135.277019638464,35.259667897244995,156691350.19669166
135.594029347656,34.688796464430894,99222038.49600045
135.525999221349,34.6052952483876,87604369.24209355
136.67109185063399,34.2749458799616,41069064.577676736
136.607026814445,34.3342741205442,108947112.72592084
136.007522847504,34.166931149848196,146564518.236449
136.077319833774,34.3188183142794,195857159.51927897
136.199141707035,34.1461740857622,165532609.68958038
136.190737614195,34.290564401286595,384637204.85373086
135.97425186826797,33.80951909429489,42923255.0760248
135.958532597019,33.90847299658169,89747994.44514322
135.944577722646,35.4471050793189,132769882.69221325
136.008771312645,35.530865359786496,118008896.89434566
136.00954363540498,35.6543711423064,250583377.14897615
135.970866250197,35.7685077111747,180961898.50338882
135.55475086256402,34.7611045259016,144608828.914027
135.839357849019,35.2281248401995,118808399.1178824
135.735658746633,34.8673499123004,46639822.29445045
136.174112613528,35.3327238165891,138833416.04203716
135.83980408439098,34.8527157325314,101345693.1336835
135.928122121704,34.848481451001895,160239757.01555297
135.80922199290598,34.9212659451579,46718909.19026597
135.925798734066,35.0506165438044,161009097.0744183
135.98713252007403,34.9613877295782,158196053.9144265
135.645487997943,34.5430064002287,77531340.16654848
135.562276893219,34.5390358683216,103441956.19319162
135.551652832398,34.4736279194373,50322936.983678326
135.673936039521,34.465429993978496,71503855.60779144
135.62592270800099,34.4272961224137,39985931.28379245
135.777003065121,33.4897799827371,4325617.737844316
135.75553824181802,33.543515938604095,65780110.04770952
135.441448490601,33.992589743399094,111795766.9886158
135.43245588328497,33.915597950015105,91443028.0782662
135.353568199509,34.0426029235809,87199343.06748056
135.27156864028498,33.9853933571097,158792901.643492
135.414142814775,33.793145939440805,67252109.02764232
135.537224961996,33.821247301356905,73943713.38589212
135.473629028892,33.8568754015239,103272802.63215892
135.699774625404,33.5347568925963,74361460.77779448
135.721239448707,33.4810209367293,3253806.196096349
135.10020333519603,33.434768327786095,
135.295141872726,29.058918998481897,
135.826781366793,29.128852998049197,
135.300490657794,34.3262510755956,108123369.63476464
135.444404801607,34.411759026612,157757331.2276396
135.403282147617,34.3213775836602,128997386.3078712
135.238605593586,34.4698533006036,284553129.7625872
134.812415833491,34.3890329851101,108831532.39530331
134.917081592535,34.7503966287984,112744078.89617188
134.87166544127098,34.64654131136879,185191483.51287207
134.347612711785,33.5332170219321,
133.498800424836,33.9902359698,144787630.42095637
134.26355321857497,33.467447551870194,74649854.1247106
134.30466745673996,33.6418991746299,113276486.33086604
137.14125346977,34.680788329657794,187791549.56085628
137.231478676347,34.739674667101795,155940984.7056269
137.238844912983,34.8300274542528,147515659.9818345
136.801985393304,34.589455554182095,226212216.54603046
136.669603976103,34.4025772962102,87950730.6214631
136.872062838192,34.6727972745099,135814789.90196806
136.910094447984,34.579659413227496,147813839.85623822
136.982400103362,34.627604849871,100499455.32362601
137.02814538504302,34.7112488366358,156036950.14241302
136.583493048057,35.1243467580456,143077861.70199072
136.610319731787,35.3313827970378,137114722.53727934
137.179431101625,35.222607444660895,146448220.77951422
136.223305593738,36.289771406592,44816383.96172584
136.10998524024,36.194873282353505,29095459.030634385
134.823555326097,35.075896245248096,182828991.01660714
134.881486959021,35.0003857627182,145948011.74545604
134.833555249338,34.8991218464559,162981006.33889008
135.133370174847,35.65887851519069,161813957.53972638
135.232517119161,35.3883606623481,215133505.01675996
135.26061832542598,35.59126405931249,165576546.70371783
135.31644079928697,35.4516469824165,162200644.09972316
144.84857882682,43.01997547054349,76347245.47535518
144.93243062413498,43.0985072032515,148117612.92098406
144.848205754131,43.223835230195405,252042902.3964133
145.10525363343902,43.1691410101644,202750699.9858299
145.100367498768,43.2732798312408,204587636.28416497
145.288491351168,43.1614668646557,212693221.19312704
140.621725281114,43.1396870245242,321176731.1420778
140.75191762391097,42.91010800338899,303669748.17646325
140.89436895402,43.0351408315224,254349515.4733465
140.71820313569697,42.66252771156089,137286522.46804792
140.756772168408,42.764687352908396,254628125.29497924
140.81661900645898,42.5809407960684,55045887.934336126
140.913902073846,42.7197446432955,234512091.4422889
140.919052802055,42.6197691395124,107570481.65709238
140.41139660941798,42.93854256764819,141289437.99694538
140.44617529453498,42.853847556329704,311478303.31408507
140.60401565892,43.0372532769234,106298092.84898968
140.638794344037,42.9525582656049,247021373.3858572
142.23642631486197,42.5833335004407,298286859.2502423
142.13266206899098,42.7098241784412,
142.24656705401998,42.876219546573594,342066610.9090129
142.39577091880798,42.8618416168437,193092124.79997346
142.393755063747,42.7197714072855,260283705.81875652
141.98873534310297,42.7105582843566,
141.82797154775702,42.617820116100894,361569757.6975764
141.878895884814,42.8778660782373,377520141.6862299
141.44279977545298,42.6552395211195,223030168.59650826
141.267049278927,42.6593544065898,316075554.69233334
138.737944531362,37.168578432100496,263285984.25028795
138.280280519007,36.773745038055296,220187213.1344061
138.27865429831198,36.9042405591981,238828239.1049794
138.364874732073,36.9847926001884,318519119.90990853
138.8961193323,36.411610615452595,262191531.5275598
139.25857749619198,35.8926059417772,146565999.9456721
139.345665869817,36.0131287952865,144024950.97678724
139.35259773322798,35.906423132253295,160224630.2376184
138.969028337337,36.2927203773321,155143159.72604448
138.482226715701,35.999639855982,151048641.5400687
138.568475159994,36.0980745305301,231692165.7133543
142.679724837243,43.92702909610949,314147244.8048197
142.512368417892,44.05836935976959,188822018.2928834
142.486171197876,43.00776362684999,176138663.9167873
142.248818112225,44.0161119575991,190293791.591218
142.390812038079,43.983324230699694,406387736.6983225
142.038411365004,43.82004250750499,326514787.1445897
142.159297318533,43.8695212448031,116680359.31064257
143.21258583248098,42.244500780768,265084696.31953126
143.154434274885,42.1392649440708,281594469.7122947
143.78221109759102,42.5854565734455,
144.141176717439,42.68620439532239,
144.339520517742,42.709336912172695,
143.418329349405,41.5346448731247,
142.79489351922302,41.1924086974983,
142.27350075371402,40.764192588725095,
143.02767816843,42.1410474881319,227517262.35218322
142.391087903823,41.5904583138891,
142.12758624995698,40.9419891862872,
142.60866706706398,41.4754901368566,
144.29055791449198,43.8421641131232,364682517.64849913
144.129192975933,43.96605680794799,251994986.72107992
144.21702649503598,43.94103147739799,29740345.397083573
144.705471042363,43.111413963113094,223021019.61350247
144.723862316385,43.253438750213995,311104408.50532824
144.442786973397,43.3449332618478,296468942.84167475
144.574111399641,43.4492537670873,269103741.60208833
144.682539909039,43.4161997398206,134495868.54918343
143.282830420653,43.8605016498528,233938551.0381048
143.18141885949,44.0210252442213,275518317.36728865
143.03787281553,43.9429643314266,431005590.1402008
142.867059701883,43.5795559902285,238205089.5856134
142.74410622846,43.7711975661543,247795148.90075994
142.603940096475,43.710618281688596,421528300.71680903
143.335096983474,43.2915725354541,189384774.07290196
143.362514864745,43.451076193493094,648695295.8824004
142.997926137264,43.4860865611062,
143.07461264117998,43.667834648479804,
143.233951515699,43.6474732931523,
143.354943865254,42.3287094463926,100183726.61086163
143.45864637396602,42.448265203287896,
143.295208989339,43.0621100406651,330746695.58173877
143.525431674768,43.1430159532647,118946282.24825108
143.425815074091,43.1789686566348,283426024.86107945
133.84855957209,33.92621243879339,138765752.13920924
133.614335666823,34.6424142437835,293299737.41751355
133.94057661613198,33.9866347869543,147372648.30153194
134.840620832709,35.1859562448141,172160953.09619352
134.712507498657,35.2501360958538,169394194.13835457
135.00449397375598,35.549872660533,170858695.98997784
135.10484987049597,35.5479469794537,229816587.50405434
135.148174340949,35.4170462035071,143544515.9032047
133.61179595081998,35.423221533579,215066316.5616876
133.589709176385,35.752721309639405,
133.464850653486,35.757298965828,
133.367956893831,35.1643076315586,193168296.81751198
133.506101824623,34.9874066320944,336302706.1573068
133.547920082379,35.2625247658629,175142318.02969852
133.453101211881,35.166003169987796,260578492.30685836
133.37246025345,34.533692511044094,170936579.05397722
133.41103896519297,35.425593098065505,106662521.3148794
133.310654531307,35.4982521804306,174130215.7302707
133.34884388199,35.3114839761189,150268755.64495695
133.02620951532,35.4928900197003,112372689.66118784
132.94781908181398,35.4082953573459,131060762.25737493
132.972293654112,35.3095395085851,147853154.43445787
132.625978785729,34.3356091220307,149859147.07671452
132.20531651283,34.6899570066984,131390512.38375007
132.145793382405,34.50216318895829,264884838.31972617
132.117399842043,34.6380169355583,266590555.4904181
132.254536493673,34.4441639817924,141773709.4979742
132.43526031948298,34.07662089244379,232275858.3630202
132.58641829884,34.1946537786414,196453120.1703552
132.507621092682,34.2200798604456,148265267.3109481
132.44582885585697,33.8602000640244,
132.554362284762,33.7977609038982,
132.942446535789,34.7024383894353,191608755.40302923
132.785576371041,34.2397688230191,131093439.06392878
132.86939632820702,33.6661172055846,153538596.10699376
132.712030976316,33.6006707912139,158730138.76963416
132.873064011402,33.530975393117394,134746460.84124866
132.79158241704297,33.49015962676889,261903878.2000084
131.35741074522,32.9922867130395,112154144.44771278
131.53971130667398,32.9093678594208,121083637.45189631
131.457986503305,32.984897484369604,162714236.43867332
132.14229368240998,34.2137738674413,165244262.04320893
132.237979942827,34.316092648873195,136034734.12686896
132.33110660922898,34.117266408152396,389515238.88620853
132.32493528975598,34.27962152701679,205638353.27851626
132.23993378742298,33.7382454200418,514103086.46683365
132.135863352174,33.5576084065497,
131.930526771219,34.4198455995405,196942395.03846416
132.040629119883,34.3967232013449,350036463.35373974
132.053685970734,34.2364052127471,264859918.0690461
131.837792308926,34.294594740879,230193958.1408432
132.619017308613,35.1427537478292,186534194.0985153
132.73914020845498,34.892550889284,145780322.0236943
132.81144449397001,34.9520336844096,201682686.89071786
132.750794866206,35.184006683789704,271531077.0643334
132.828482016714,35.1180578016708,252404981.9451394
132.54765394566297,34.8059251633896,232075442.36190242
132.43682756607598,35.033333766255,141753575.391326
132.36017283564897,34.880330552773195,187564842.4580751
132.548462988084,35.029291424529596,358687743.98866117
132.60773638681798,34.9195663404687,194826995.47423747
132.95095627806302,33.633821030191804,121454282.96266046
132.954623961258,33.49867921772459,99161327.99570784
132.966670153185,33.4129905124521,90103927.04243173
133.35853091318998,33.4705968445761,95850062.3326722
133.45763783483997,33.4908444052842,106651995.92017056
133.237637230434,33.372933070930195,9200524.143087875
133.22459800448698,33.3077723286561,4645258.562476007
133.29580263331198,33.3998617524594,96663914.10046028
133.28276340736497,33.3347010101853,49201800.00009955
132.924328014489,32.937300537206994,103234770.91363963
132.90645342546,32.79249455225369,92580725.66025327
132.861475970322,32.86093079161199,165509503.61124635
133.18631346998998,33.2684204212404,35552857.41741817
132.76317777112502,32.979661644006,81574865.9505593
132.845533434735,33.108581479399795,87266119.98896219
132.85845605901,33.03839641794119,73714334.83986565
132.73619561627697,33.10597331657549,103316216.48383948
132.697243705191,33.0246634380432,156509552.45600846
132.522090662247,32.9107022059728,87758578.11633988
132.584434447245,32.873448031096196,134408197.79319817
132.610500540375,32.992594593914994,91622647.89191243
132.51819807487797,33.057012935769905,73799317.6785839
132.56648232930297,33.0758853720042,91821690.2759498
132.644841792573,33.23343397790129,160651236.911189
132.57820467695097,33.190948977826196,83621686.88865574
132.664763426877,33.3503145840051,106291974.31982118
132.605108326317,33.418740811698,122957785.17321743
132.532427271816,33.3979457774094,113791296.67029189
132.52544525675398,33.2870345496414,103300796.19610691
131.01257773197,31.8578662164345,93691095.56343277
130.96062238802398,31.960323935304597,141430937.97151133
130.93175190536098,31.741986668214896,162882282.13846064
131.615156831367,32.393526530379305,29445926.56759323
131.673087944343,32.5227750279036,61177653.556331426
131.56885318552798,32.436331026168304,97128862.64858793
131.420130489285,32.710321104087,301885084.3274118
131.52065753890798,32.766112404732304,311446203.5459989
131.62575174510297,32.7011590827141,271969042.1986974
131.626784298504,32.5655795236926,209226018.19406405
131.47749701539198,32.005303106271,35670691.85016815
131.462108431071,31.9557490551717,20273304.486272614
131.07028925357397,32.164549240731596,317977291.0684807
130.79160361492498,31.509793590511496,165444916.2836013
130.822193862261,30.4340437772514,181152640.826471
130.762142198028,30.6698629909716,
130.685650171329,30.3358822600515,197357579.2719631
130.582213422705,30.624830629658096,
130.52604848976,30.334908940726496,172042119.05652323
129.81803971438498,33.1751938881594,186529978.18614414
129.81382025970598,33.30940900163909,329321796.24402964
129.91791687566996,33.0683602122621,131599014.97352087
130.308321411312,33.3824878590225,243741413.21363133
130.379704705602,33.2362395053205,233848404.6601475
130.408086447144,33.5066270575278,251195033.85520828
130.317716108415,33.5185471080702,191838027.5996635
130.140354789654,33.2184538637292,171742070.77856705
130.19838675920997,33.078029085278104,367580598.61587894
129.99498174507897,33.076722228310196,174712418.4159875
130.030822360659,33.19218283709459,155733403.76053604
129.96656481372298,32.525377381975495,333364118.4589112
130.23829834765198,31.5246870436839,298827823.3568925
130.23045977825402,32.0997065379837,168742998.59298825
130.475388606255,32.1484818079689,280439182.8638791
130.452999288744,32.01838899088499,218534334.07567236
130.535081156403,31.474593979157998,132890344.8593098
130.61272378803,31.472055264388196,85780545.19134212
130.931312982591,31.3057317300717,211535357.6510227
130.801949120271,31.3849300934433,176591128.6045134
130.85983523774698,31.0309883161608,
130.98131464525798,31.081759469537698,
130.53177429712198,33.027025010529,117085637.39714359
130.67744521190698,33.1295698060239,195579493.32048565
130.631698553697,32.9419486210188,177714941.30550593
130.69865697718498,32.9678773745508,107040934.94491352
130.34439395036398,32.917058832246596,154011089.4755352
130.39894633458,32.813079070262695,89315561.49597204
130.436515447293,32.9379931416063,240362824.20378736
130.832588216055,33.0626259197487,128607586.28163682
130.864804504104,32.8996357430631,168716268.71478766
130.782279114135,32.946479035932,107488918.30031869
130.56058998193203,31.704581711418,177785541.362009
130.573176079863,31.613977647063898,72854171.00864135
130.511369267829,31.573872195010196,153435349.4741113
130.412279174496,31.539885721330798,113426769.61023389
130.425994499493,31.7901402677067,56528794.87785604
130.489852413063,31.7994861840216,182979763.9649748
130.37216297318398,31.7263262954088,107893281.31252123
130.349516891352,31.611081673690197,254907953.261577
130.73493029282398,31.5652987121109,62992476.031233005
130.65286414692596,31.586227008071997,23892362.257418033
130.668699966519,31.543582841248497,33950824.93750579
130.63929703044,31.9091715113919,196394664.26315966
130.854334611198,31.923820586337897,206683959.84946895
130.844480313393,31.7803872474396,280485060.5806498
130.706966489484,32.0473619556321,370081191.7812737
130.796230175556,32.0441011734096,169471138.9507074
131.947873669689,33.1779353836491,548593185.5848492
131.193417832818,33.2572963374267,175791262.12697995
131.18231769627602,33.025870695638694,142691741.97205055
131.02046224677298,33.858259143135896,159153887.89743537
130.986164830191,33.957966657387296,139436637.90120295
130.924088578437,33.7315850764761,181350570.4836672
130.782122529795,33.8872056335307,189815164.9592365
130.636517198451,33.7986024843984,260295588.7205709
130.865014369782,33.86630409122729,183259016.2625089
130.835104384413,33.7476182999934,165959973.35640338
131.235492968217,32.84300261094269,294540513.7976686
131.173238544282,32.7535521978786,133431977.2745571
131.157437247903,32.931599670683994,117255270.69443744
131.060825310063,32.8855103377449,69373256.33591558
131.062784804094,32.815516647813894,78043519.34641407
140.36100737217896,35.8268124244536,78790610.49175072
140.376121600605,35.7174715809648,92038708.33356407
140.48666952470697,35.737419298326905,188287178.79922414
140.08719581607298,35.077836993153895,84485518.29230656
140.12985626293502,34.494075560801996,
139.931738640012,34.6686325186938,
139.87252887158098,34.041081603394794,
140.114221369914,35.438144340149094,124395733.95366403
140.180157352323,35.38501625915519,117954384.89539365
140.14449173257498,35.1879417149139,184412923.48797536
140.20111757609098,35.2467765695067,82024352.35304141
139.532315646306,34.002938767393196,55610469.25722826
139.559965960998,34.0089323069793,24776721.543646187
139.49598498640202,34.0819124272374,17984612.858826738
139.523635301094,34.0879059668235,12312602.537172182
137.66657710215298,34.7053527723012,28596502.502979033
137.71117970144698,34.71812490995969,33908134.33737985
138.342136282812,35.1944464777059,146498742.99789977
137.95149957038998,34.870720869170995,22578935.388463993
137.97506942983497,34.8320240519064,39146696.93362001
138.03598863397198,35.3949098640291,311309324.8804749
138.281171756541,35.2673113264923,147938179.6667045
138.89326705089,35.439809561610296,191757733.0689419
139.351009228761,35.3374892416656,77432675.30422042
139.303183641798,35.3894705783454,66493270.94985253
139.419385103823,35.4096517936887,98726634.3099847
139.37155951686,35.4616331303685,75141420.37409104
139.249456501716,35.4018128926572,89349081.05476485
138.216495514812,36.5213263604475,228310150.53271216
137.73302571995998,35.190973276060795,239922631.4198689
137.809696978734,35.2702491830106,204583040.33120528
138.39335840342102,35.960254283266494,140631411.84602052
138.31678901779202,36.0006603809193,263010168.49479425
138.166350796452,35.57450349253679,
138.14956917478202,36.141535912623894,143076295.95554855
138.206168747592,36.369112343371505,250840196.256766
136.71243106629902,36.8235202970316,83123070.46299225
136.82871995291399,37.459458226212,
136.256792464716,36.916171808287196,
136.00001427177,36.384251249662796,
136.40521652082597,36.5982642655542,
136.53580856031599,36.692485551816596,
136.62279922038002,36.78212850729119,
136.700135425986,36.93659744085299,
137.060718807375,37.5725021710203,
136.937489634858,37.5590706519732,289428870.12367153
136.927456188303,37.403046331632304,13865979.542099627
137.284884335247,37.223595194874,
137.13380317820702,37.3913451252033,152418262.59720072
137.042485064265,37.2837322912296,182458560.80724427
137.039982257904,37.1128326948984,170344548.4641287
136.91804793922196,37.0107594019152,243018724.2742899
136.837916499834,36.9088770571686,236711222.63046905
136.58499382129799,36.5199297064602,131252938.83909424
136.49800316123398,36.4302867509856,172225580.10772797
139.594685941986,35.5452347700351,107425228.54247774
139.52618866906502,35.531238292156196,122324746.26848213
139.6023840321,35.469504734129394,82607214.1316856
139.47133297851602,35.418911043671095,53973150.52207843
139.536991145376,35.334147889167596,109630158.71542372
139.599544926039,35.370745101747,113461846.61065474
139.703572642227,35.433652785682796,122280763.65246665
139.764000248862,35.2373113427907,140310190.48628217
139.70073353616598,35.3348931533004,139810160.22630757
140.201720842425,35.708175913624494,248367085.75638995
140.11271092097402,35.6880959321568,205937025.1660157
140.058780707868,35.768861898419104,88418190.64418705
140.040326693454,35.8632142879032,107044336.06477849
140.232410813121,36.4234673909898,287936990.2630382
140.272127891016,36.552553592078695,148744519.48104906
140.378215244553,36.6194833557663,219271252.93932873
140.484342870729,36.582607116759,264624449.986619
138.99060390956402,37.7266755668055,86727169.14113732
138.939398317302,37.6725720150351,141458202.7916175
138.41931531747002,37.2278603629812,183291299.84450918
138.36061985427,37.463727524239495,
137.800981730346,36.58479414470099,140330015.0164653
137.881985302512,36.5517886029186,120121723.19171728
137.892144419832,36.4237693357923,89287145.71887958
137.94218171560198,37.048572952182,116704913.04866786
138.05044691799898,36.9886559324832,403453127.1608451
137.759244551148,36.949767497048995,168374425.27883804
137.75873984829,36.8368770045606,405163623.93808067
141.12690675791399,37.90735163072549,
140.73521712412796,37.041012684951,176501869.63543653
140.74785276377096,36.9134310393915,126123524.07286198
140.64188953115396,37.0646262943539,178792496.27540264
140.56909392477598,36.917952760840805,269706741.0983642
140.79493530504598,37.1997763673283,183363865.51431352
140.80600063840197,37.093704092283296,94241352.77209105
140.88910952001598,37.2267283798575,196507398.49566254
140.898696644541,36.690001699893294,
140.81715806921397,36.53546804180459,
140.81863627804498,36.966122446723794,34118822.056219526
140.756172505047,36.408106758873295,
140.595619695267,36.6601787861496,204021542.17285088
140.621723594616,36.7910635013691,241421182.3286559
140.707154840637,36.8101553893227,51458683.13252383
140.476808104281,36.8944456014585,182148426.40273315
140.72783546236798,37.403828275763395,164064924.74211788
140.71480866184498,37.2780206727819,105468515.20197555
140.63254640222698,37.1955620071398,133291902.56083351
140.39911498103697,37.3353498366255,155529478.2109769
140.54421191989198,37.204718392743,188744745.1730338
140.511679340142,37.3232321958441,235979750.70896387
141.555613449624,40.3931528460768,246167281.09510383
141.64413040037698,40.3220839393449,151385270.48611194
141.237654372045,41.3864037707175,237428574.06111684
140.54484441663598,40.8824643023709,261437284.79377905
140.512027378668,41.04204991088069,212258479.37899104
140.128579570617,41.61864466730519,410233917.2995472
139.644702473166,41.864366727641695,
139.853041733823,41.778549317574296,
139.790997225561,41.364034461872095,
139.97926167723298,40.920787398678,
140.064035279025,40.623751738881296,264672528.35079035
140.373094943301,37.472058559386,157821740.9369993
140.28697676264701,37.5290801179932,211104584.96470323
140.562998577705,38.0562157248273,219091574.15818885
140.28445441824002,37.6530919322382,94053103.11232553
141.682251611208,38.8223776503057,
141.58255133223298,39.8013719020896,380974931.07777387
141.69962679684897,39.801424664146204,244752053.6890639
141.79221666027,39.6685796969715,333925942.871129
141.84268538955902,39.538252687642505,142413269.00719687
141.503878236996,39.6908532130638,254585534.95463037
141.531291085437,39.520354693620895,336352336.03650284
141.33374977487702,39.77588597060429,287007299.0645365
141.24026538091803,39.69174529551329,309899755.992566
141.086403468648,39.7123181000271,248151396.67935345
141.04967661836702,39.5492570710941,290635378.00447154
135.045336432435,35.141135288357994,152067218.51750192
135.109145557551,35.2083124859664,139037070.82181618
135.077731455942,35.31304868329919,112150526.38511795
134.924216712285,35.210999358252295,170330861.859887
134.910784045686,35.365949495688895,291518678.9891226
135.000489664227,35.4008216231274,187102030.9760759
136.534124092113,34.3755084556983,109917823.65646699
136.597843506201,35.019656230478695,147889106.27373922
136.730450440848,34.73891230367909,454876359.29289716
136.331347988418,35.0981353397829,409380759.2866905
136.05329282338198,34.046950121151,200295984.69904566
136.157570141274,33.9707154983757,24352311.46622609
136.131493902492,34.054446970057796,102609301.3223206
135.40560118569,35.0692120390689,204791079.41972315
135.450286370058,34.9606268263428,257032453.03685242
135.45307031496898,34.7432436874974,108210087.19173247
135.446526966036,34.6396910168001,114445318.27233112
135.39508725718798,34.5492153019431,179685875.90977204
135.29207953898998,34.6024360839993,333059025.15759295
135.845247013377,35.4538663684557,141490300.55460954
135.800973754479,35.344624052113204,209336169.1166733
135.87076321816798,35.6517632177916,
135.71386952243998,35.134808883061794,108725410.30150288
135.792727359201,35.1287620438062,75054101.55764493
135.836508860613,35.039755270707,112454186.44824749
135.803707587735,34.978295489299796,68185825.25212213
135.34956414662096,33.8584735143633,57884552.37846185
135.27655719471298,33.87825574127609,182450538.28498846
135.34645326773997,33.7877851509066,40256038.850787714
135.20358062976598,33.8415659292909,50555604.30495077
135.416433082392,33.724069824409796,75482355.02989326
135.348743535357,33.7187090358756,33809810.34240196
135.27887784929098,33.752707587347096,44751481.13955058
135.01326713635203,33.4859133781029,
134.69223564937798,33.5427999985386,
134.770941148041,34.2991588307577,82743388.12147838
134.881191151938,34.278205285321796,176640673.89655775
134.97658711472099,34.170090273237605,438903385.224992
134.843873384088,34.023031184617196,
134.936757458085,34.576578726327,101840287.9365943
134.97702803062498,34.395987983207405,270920458.25208724
134.90870081736298,34.4699328823113,127954044.21754892
135.08982199343401,34.3882202903877,251932979.23877692
135.125256532959,34.526714824215894,298665479.70913464
135.05102757993,34.686183694734,186651355.6094827
134.982173609349,34.6804340437566,54989185.83233659
134.678782914786,34.2398456856654,74775259.50920007
134.82987181438497,33.7124567455005,
134.794776280956,33.8156115096591,
135.040819917465,33.7546208796654,
133.873169987469,33.4685376708474,116035231.3524801
133.547006050458,33.489780730329,63814365.79103336
133.706298882915,33.4358638385574,
133.789456656306,33.5641180921827,137104495.93493852
133.405375354944,33.686087291043,121436486.73174289
133.37837595515398,33.8288874705969,144645986.25735906
133.43690140868998,33.9070051410486,129765721.09182209
133.608985058604,33.9777386056614,96174834.7483626
133.721224966824,34.0114280393811,148436372.5771951
133.763081650737,33.9454811863926,114730729.73337872
134.449748970471,33.7184831094705,106771868.03105298
134.52275356261498,33.7706932366023,41357382.53038503
137.391336752274,34.7735596299333,92561499.17683233
137.343836402784,34.853339840781004,80187129.12504755
136.75825664328298,34.304445672354,74066557.51392302
136.727464209501,34.3832918149512,93607639.66195567
136.810898225265,34.3606990794507,38812168.40840723
136.78010579148298,34.4395452220479,63662783.62149274
137.10909398937298,35.1651325430592,117340148.76840602
136.781599745406,35.0716296569496,164004625.36952117
136.84040591753399,34.9005543745221,27190623.06646032
136.508129845131,35.400292836678005,43669296.702406906
136.30992491427298,35.3463078263856,165299766.09270322
136.394301382449,35.468532996312895,291934087.83711576
136.487806937625,35.4884319135555,93203508.56132698
136.389587090592,35.241120072879596,317272845.67568654
136.508852239551,35.22727632006,136264236.3436937
136.524179446677,35.316249977471095,60236056.352071844
136.75696057623603,35.17710029783069,103506652.08164975
136.67850589582198,35.189698696531494,211721594.55751765
136.690005372426,35.3077610781126,124950980.37692195
136.792188433098,35.4071400068925,126560247.72890648
136.132511180754,35.86258336200209,122091923.77323602
136.12202783586002,36.0996539342406,169803475.0847519
136.198685915952,36.1116147200424,133640606.67747232
136.060963419579,36.0042741518394,153845680.70518172
136.06330802176197,35.9133191482494,113635614.55707128
145.183572230796,43.38587015474909,183873010.52197313
145.098409961208,43.5847133881038,113459195.08183388
145.092919013691,43.4916239133156,178689929.86931136
145.16478045682797,43.74129272860379,
145.38799013696098,43.6429793715894,
145.55301245641198,43.4126424462522,
140.88679471485298,43.152335762190596,104672241.6785481
140.74219486961698,43.19057553216449,169443581.22197402
141.07326443934897,43.33289565739529,
140.928664594113,43.3711354273692,
140.949280412325,42.0795160758885,
140.94492337140602,41.8683291923556,350243366.8634605
140.74219447298998,41.9443787649711,72337374.81069872
140.813486246433,41.8656881818164,204537105.0942249
141.180787362648,42.26388635634989,
141.041109991782,42.205363550549094,
141.158381976744,42.5418186310095,320054109.7199237
141.004169146236,42.5445289866135,201835187.20522204
140.95999057120198,42.446651619329096,125687116.01336792
140.83351352683798,42.5234836986861,49619565.635391206
140.8917687474,42.4644346748457,35585562.60469845
141.552501214212,43.372258095091205,252437698.9449379
141.458696188986,43.506722909598295,210251432.28699237
141.485092635744,43.6564849145667,328976083.36978275
141.65283012031801,43.695318090527394,515084810.89187104
141.51477122425499,42.7667719970898,189837346.2561832
141.709851837576,42.86142070993859,236323992.4777211
141.667052384616,42.7521905843769,280893280.26090956
141.23502869130598,43.34323472405189,
141.368435265981,43.4188360264989,129054633.80028903
141.46224029120697,43.28437121199179,234173806.3040099
141.243335690523,42.799866235334996,355333386.7006851
141.068769508887,42.828096509691896,449823680.0061831
141.05409093355797,42.9980720474382,514180853.90021443
141.410805935157,42.8720441498217,212176872.56467503
138.922200407265,37.3625640785958,168400726.51222676
139.029345714996,37.43889853572001,90208822.51821831
138.97858388835297,37.5694918674141,110659490.06183973
139.042300959342,37.5530284579197,86520686.17111014
138.74495666341198,37.4448554952978,64800366.72700814
138.741798339276,37.563579636362995,60309846.8236346
138.81290488124398,37.5815461255344,116055691.42039314
138.88539926108098,37.514951143365295,118982501.219724
138.841971024339,37.4221532767467,199349928.64304906
138.927922671648,36.9952500223416,275635805.92161006
138.90077223363,37.2620133573402,170676330.2965558
138.83764213393798,37.153220730357596,195876448.9871193
139.11237005506499,37.335541459461304,319143216.9450625
139.227057815142,37.3298512778697,317511682.9110648
139.05313262939998,37.2107854399776,241172841.83428133
139.06666401612597,37.049963128817105,502779401.83097786
139.16371520336997,36.9178619919186,322494603.8686002
138.55304789954099,37.12906432057349,102904673.09160207
138.677530763343,37.0911931823994,156866345.89180717
138.959890141248,36.5050102075593,159695122.90933558
139.100262469278,36.711763919787,243712765.381609
138.72086846913902,35.8800620909544,365836808.03325605
138.72348642398399,36.0311772729249,414851762.11292213
139.27579120464898,36.127179699055496,108578683.77616611
139.182957455619,36.1650824024061,249923970.5578409
139.29614292594,36.2664633262998,124919645.7599995
139.098760486158,36.295606426365,158860180.75058073
139.095459169656,36.397125769082095,196113392.01924467
142.475685976503,43.74115380416429,167253194.20663512
142.393715041083,43.8410214747318,244564343.05780566
142.24526174123102,43.780111810307396,196995322.69738564
142.345664663268,43.61222392110869,219278606.6881793
142.22895358220998,43.6575527564385,256529989.16007987
142.340911015347,43.478151154059596,308973807.1352692
142.440539434842,43.1562924881451,270808245.06306565
142.279744142646,43.0792082560059,
141.887878256487,43.0508389508868,461103595.2004826
141.743701942227,43.1465368001448,265980957.9305065
142.10941470062698,43.168497925146,
142.14374864022298,43.36441344830099,503069189.683331
141.893006676927,39.81413593655849,94654827.62926024
141.880554062313,39.901126145334295,90829929.00029896
142.343846888397,40.532961550808096,
142.33139427378302,40.61995175958389,
141.73755372377698,39.9805166968185,182589988.68976817
141.826741334124,39.989144253643204,180047567.58176896
141.817739717709,40.1401161396114,104639039.08974443
141.669450181479,40.231508440800596,234386638.2349088
141.631231263753,40.1211261697983,316476885.8507796
144.340671252657,43.7186249376096,212707633.54535297
144.52278224973597,43.5529516435959,134615880.05127475
144.54191393637598,43.6245841746264,149599251.79095936
144.30966285713998,43.517257962321004,184860994.6458195
144.19842290891398,43.623986605056004,606829199.3874055
143.480159829072,44.040684851397295,311432767.8575758
143.401972348602,43.870902265020604,243911232.71141836
144.53473799737498,43.02743871981059,236490708.51764074
144.589974013221,43.142009729230494,235004819.5679438
144.458615087094,43.2254559181104,160136758.19861743
142.62571951498197,43.5517101707556,262701098.12850222
142.492711747089,43.448172926182195,245298655.32110202
142.520894005248,43.306650251865,265010954.2126638
142.659007535847,43.2497437520841,292167794.9117143
142.785520969905,43.3058633502297,290225266.8532355
142.78041520719898,43.466307094583996,361084517.4290508
143.039502892506,43.2860787885504,187686036.0403094
142.913742219831,43.219104473318396,161743868.23931128
143.151400514958,43.109673590834404,323605081.8387193
143.156894325522,43.2521961358212,195298070.9921752
142.904261068041,42.455610394362,
142.74265320710998,42.21440971517549,156890750.28429037
142.89816265461,42.2314979388489,195168663.73988542
142.562849682594,42.355504275975,304925720.9929252
142.55111912910002,42.569785291397096,
142.73702106704698,42.6528031861107,
143.06152864304397,42.8095412794005,194642593.14354265
143.01602001436197,42.5962743558924,
143.55646662762902,42.979989524538,227840079.26402253
143.727168102441,42.7874393271501,142054650.0768867
144.22900239732598,42.94015451477069,46788687.79969326
144.129736781547,42.945618285339,94949449.9599504
144.418833582309,43.025105160523196,54657538.18285155
144.383202312459,43.1149871060964,181865742.3466277
144.162642317331,43.259799832042205,308824253.16311115
144.25989179474402,43.1053932599103,254501843.0945269
144.196257448815,43.020975084905395,151422578.20174983
133.975257950985,35.3714101722333,250493547.146044
133.618832623749,34.990605529172704,282082111.01671773
133.64638692471,35.148344764004996,196100782.24356568
133.675191220659,34.5003308862069,231879582.50254995
134.769661969305,34.7113294469073,239190168.28433737
134.73844157498996,34.8751015807227,145554816.841787
134.65750984897198,34.9775885616663,170550136.7864458
134.635000836765,35.176662071991004,176155491.92251995
134.694691890396,35.0771193099294,165531282.85712352
134.03568202463998,34.5013074192105,135246856.86899167
133.93649706412796,34.081727311417495,107935367.3661123
134.001639165933,33.9325656650739,107979952.68332079
134.76598317055502,35.542493608512004,188187118.26461047
134.81301965976903,35.4404027226216,192689515.57814136
134.649397416963,35.5028526573369,124191936.76027381
134.61967734593398,35.390244533942095,113742495.13821721
134.698338992316,35.349632436224695,184392264.36169097
132.992616744933,35.0545856518539,220575484.06621504
133.261686671916,35.0302923827571,261560586.7083959
133.013145578511,34.8056873445072,361054876.9338249
132.944672409846,34.9265951385186,270701045.7066288
133.06874892762,35.3098619576703,199723329.75845888
133.089271891785,35.146403325834896,323033375.1888541
133.193631034827,35.1360581507892,269329928.9803194
133.26652428810598,35.2998708452148,181225844.31163767
133.209648766227,35.43284428654079,220931759.19673657
133.116232548783,35.4324902239506,136363223.02619058
132.344132669826,34.5004288040808,163710486.93330836
132.32330622934498,34.61036808238679,151735775.48578218
132.38613781889097,34.716099139223694,328569174.6661549
132.47376439535697,34.700072988665696,142338023.16587347
132.53809045210798,34.5665804265903,151274808.46700406
132.54982240879497,34.4537711479797,162419753.04501894
132.48490315803596,34.37670623724149,167084670.2688046
132.406371065364,34.395602388104095,169731093.70741618
132.751572888396,34.462658360836194,207693784.44521657
132.847945030218,34.668724572154204,94087066.98184608
132.70655750371802,34.63659806512619,308352551.5415305
132.773635268604,34.7430751760169,209229739.67361873
132.772751033703,34.1146474517409,233195238.29595834
132.81735473955302,33.7961872012842,197262173.3000444
132.741470982021,33.771556553262,179672621.85736442
132.655177942188,34.0677062616627,237864153.91579968
132.65251417525798,33.913708775618105,358549389.0340603
132.88135269578402,33.941860038543595,254523561.30162412
132.87226735440902,34.079703715797294,204682202.74287426
131.47247249789402,33.3694045264866,238181141.27531517
131.26879118139598,33.251887102737605,130557650.37433486
131.31873308003998,33.3883002810555,87495784.18161646
131.395215947655,33.4318218331317,241072768.2881401
131.325997410201,33.11065698949469,102190264.76812536
131.266926914508,33.126990956268,138282205.78952593
132.11222614946396,34.082027783034,124650223.64733118
132.21408372935397,34.02199144560149,319557283.97373146
132.18102714867598,33.9069152883681,163023224.26693356
131.828023282593,34.1626303593036,201323521.08655578
131.93381459573698,34.127563229367304,211927613.55566952
131.98419437392198,34.0329018384531,140423299.50409055
132.006600416427,33.9515288345673,172710959.81726462
131.687215371459,34.095356738338495,229002509.05294916
131.630167263507,33.9206812206372,599110625.0833933
133.23457627656,33.74015373519119,298378516.4112677
133.252689195087,33.58987688371259,211860079.7619771
133.274552018586,33.2751201978624,82279664.43769115
133.54599099863998,33.306611609073,
133.44111715707302,33.055561806564,
133.183112233479,33.2110359169314,62323905.84754602
133.009054750968,33.055663716038694,79984994.36612216
133.13790294486,33.1473302894646,69465928.1724215
133.015881608214,32.9775283263591,59376518.28259515
133.004941762308,32.8990384931274,55619542.6728336
133.083832349127,32.9941145355723,
133.011628283589,33.2369104508859,96069788.33840069
132.89554600631098,33.152916493454995,81662465.60372667
133.00002222431098,33.1229592211485,67935167.2179976
133.055666522658,33.160128778821,105607767.84425676
132.882534280947,33.2486129231883,189161702.01140243
132.942972259878,33.2954373229467,32319086.23915493
131.361355294059,31.9887153172158,192131455.35282093
131.421253187004,32.0643771612747,37993057.670642845
131.436641771325,32.113931212374,80140714.5021819
131.17881033371398,32.6241114065856,322917827.0177216
131.09371941032398,32.3283967563414,210217312.82738233
131.027699406318,32.4714842754918,323683711.4818474
131.065331529396,32.6208875796672,182633233.47329086
130.61372442795602,31.3664001209592,181465068.01699328
130.533080693136,31.038923004279297,
130.730435152383,31.191605310855,157880477.08445156
130.72255069757398,31.3215748276035,310088762.24757546
130.480430735325,31.2892208539911,239976407.69827935
130.39190254569598,31.091713254059698,
129.948478512534,33.447084926669696,137197830.12955868
129.90208896528597,33.344759387246995,102881348.324579
130.03077937162502,33.3857346496443,147622076.5912391
129.984389824377,33.2834091102216,135650091.5819294
129.925284892128,32.81305436240039,80187653.10288382
129.957115392093,32.6727173338401,139286426.36929214
130.02535101118198,32.8332468542826,186685819.64143646
130.07042055044397,32.9432925076167,221459036.58143252
130.16429313557998,32.91832833795,192921390.57145026
130.102604378406,32.2936775512758,171218645.8273421
130.07111856063602,32.402819843955,178263292.21172228
130.175273324118,31.775254755740097,
130.20460827033,31.676642631272095,
130.25023170753002,32.00274626498069,117410872.81233154
130.29534512907,31.8033395263155,144887390.5917663
130.349176655379,31.8671534986134,118313817.23179129
130.333398180051,31.9679481128106,200613984.70264104
130.47833699472002,33.213249540213596,139840153.99698544
130.53741403642502,33.1178088629025,107265884.60297836
130.616126527722,33.1944249048654,138630860.6976745
130.582861397901,33.3411576394578,234294714.5682853
130.497324039159,33.3475778433732,151694285.41309473
130.649322344475,31.7274726984237,120899111.00806452
130.685246128404,31.8046083894165,89959165.99878033
130.68563418292797,31.650073878079798,49876881.62693589
130.747019917074,31.647833369819697,98342359.32108004
130.76406255263998,31.7357201959248,75024118.9130561
131.64216197724897,33.269244158191796,136665043.7606281
131.50396700812797,33.094730031016496,251012873.80062103
131.491914503499,33.2741126356287,146928267.3479134
131.423786550309,33.1837827971826,205512765.82410103
131.641995620553,32.9751281723985,135420960.30290285
131.62541590869,33.1005164623155,205535923.06553036
131.695482924621,33.184700751044694,159049104.770407
131.10793093236296,33.063510119653195,128616068.3089819
131.11716680201698,33.1700396149716,108774079.18640523
131.037745441614,32.9778196772211,99066318.23668264
130.96905753775798,33.211216702851004,125681723.32418221
131.037516224538,33.2377800175872,135770689.69595084
130.937338779951,33.0995113838334,163645138.6860738
130.964163577203,32.9929125934452,204141107.775389
130.545077576661,33.60026150747971,200757360.95401958
130.62093403359,33.6819632328234,226828906.23781383
130.61986512049202,33.465776379337505,210470879.38083497
130.736629379565,33.651880590721795,103334994.52529703
130.72211902407898,33.454138364922,184394708.82346568
130.76302682622298,33.5585408509626,135118875.00208527
139.399580784453,34.1861399904387,89001980.15245585
139.384386594024,34.3897876699674,
139.306755367923,34.5226292288163,110911994.826222
139.356117657867,35.1351530896377,
139.19838587262302,34.8639134969763,82708339.14975072
139.46247168140098,34.8987867333039,127526308.115262
139.473155092953,35.0871470773857,
139.10351821367098,35.0014731329703,20730760.65794407
139.119913014027,34.9789601084979,22097787.75376976
139.25778221572799,35.039811418091695,
139.213941256929,34.9179592935228,160021694.07446304
139.232669660568,34.4047528313016,32882895.1670212
139.25750560672498,34.1991269979414,297763098.9389364
139.301953691472,34.256816937703796,114689481.74429277
139.114458572859,34.7130144333918,340010713.71086854
139.030861720047,34.8473689729275,97498154.7640585
139.143313553739,34.5312481958334,
139.03278941392497,34.5909990681486,
138.757141748115,34.754266998056096,13168303.751324458
139.05755498378699,34.913498159014196,25468029.305134036
139.086205925073,34.9486728108639,7105021.205556154
139.094566238958,34.9190206533762,19262629.69820559
139.06981112471698,34.9711858353363,7459358.9815542605
139.03603010982297,34.9869800457573,24834669.450174894
139.015413655008,34.9589445269229,26275823.86842445
140.28667039328698,35.228985297145194,79654652.88424267
140.28676763689498,35.1759904681581,14306864.205789307
140.24152326511796,35.1910358398038,14994425.416225208
137.64956664003603,34.7596869746709,20719847.100112192
137.63392644754498,34.9472715263397,131606674.69477214
137.714734195962,34.9484945663568,167729146.18538213
137.757179567667,34.8811017019839,49961919.97131723
137.748464432601,34.8316037692722,57714925.52598199
137.73117058549198,34.786056009503696,36316595.044257484
137.69416923933,34.7724591123294,37549409.99558202
138.432525699633,35.1499271167539,160843598.90144747
138.45904866373797,35.0113081270392,56483293.969084844
138.41005990310398,35.0502916916262,87417149.88002554
137.911026121473,35.1661876058757,125323504.18372425
137.98199299074298,35.127669005121,150150135.4535629
137.90126544430498,34.9548090098493,91258236.96663755
137.875252142562,35.040933744181196,157045602.68232426
137.96758765808698,34.9332682294761,50353745.74490329
138.05552260704602,34.7495105987436,37719867.95987191
138.11974473085797,34.8468088866084,60764525.572177745
138.043318780884,34.8033267385914,54960550.00685893
138.237529027917,34.8879876586527,72290366.19990858
138.304705982883,34.93502013360149,68645769.17914298
138.31846560345002,35.012608565315695,75235006.71113005
138.033483141213,35.151797723341204,119904845.94572918
138.068179751205,35.2441854933069,285682791.9461455
138.177582663153,35.205467594484,106010162.74696349
138.087389996655,35.0273324911092,28826046.852962915
138.61298969476198,35.5656252861129,73097953.56958619
138.689894983464,35.534379604993504,177544009.04288167
139.178131131633,35.201188909062,143607315.20017013
139.235390721768,35.6019973952049,165513167.31965578
139.214303950656,35.503594182177004,120903338.99524102
139.03905043776,35.578272460935594,98436007.28269857
139.188603081,35.7357864869577,138217642.66647583
138.54056298815698,36.2015862973182,172777818.24373722
138.09555662991002,36.2858452365816,203090459.56823447
138.116146017432,36.3934291251168,138187912.7266925
137.96384598562497,36.6207418719021,274321606.48229426
138.02387142581398,36.53830572267479,109311289.29809374
138.076231242642,36.559472317137,70296131.35125026
138.049291993503,36.83728999792379,282615859.6518389
137.940522088248,36.784316525134194,271991775.3739602
138.167145353655,36.7420609347825,139782091.149644
138.141237924657,36.628139050776895,132026873.84585549
137.90026977721496,35.805555285713396,158841047.77491933
138.018252497763,36.2960315761791,94996447.81756349
137.936615745588,36.3368657523531,81455820.42783956
137.98648206845698,36.3824488702521,97327944.75720616
137.74462652643,36.2870900260902,
137.90591790234598,36.2596305053169,51240370.68664435
137.80078654653298,36.425443891986596,169889735.84596032
137.86144657658997,36.346534088756094,51689464.39848247
137.639337226413,35.219819759124,127946492.7043107
138.19504522338897,35.916594932304896,176724887.06345144
137.99400357623097,35.8391798922498,141106250.55127743
138.02550366923998,35.7167085629409,137026192.00584343
138.136328455653,35.759932818416395,362922510.2215337
138.10931314412102,36.0315305279292,218512320.16405872
138.345076732071,35.3481701751321,202125181.29666176
138.301980472128,35.536990505544,
138.47094779703897,35.3615032400256,91756196.34360139
138.531286275921,35.496985888405796,102905931.89789936
138.524665644717,35.4209075823306,80808511.82392895
138.28785947103597,36.281582328915,104806451.2417415
138.428260372875,36.2218247679354,97852651.69471695
138.33333704949,36.13564985062229,210116079.483914
138.25184928574797,36.1615897867026,135453823.21840632
138.37500390238802,36.338737471162496,95692345.96385844
138.433917040485,36.304919846263196,65926168.974349186
136.723662223071,36.687324450978295,157002734.38097993
136.673561183676,36.5382027939687,243705583.2057298
136.76375817974096,36.4510339127286,316464912.54224557
136.90593243422697,36.5441889476268,245539836.74319336
136.930271533407,37.343288240705704,115704340.11331646
136.965902066664,37.25689050501,152106454.23742038
136.825221326145,37.2514593941754,152760254.27757186
136.878831904551,37.1130585766413,166526494.5921237
136.78640482485,37.124253375716094,164597556.13084024
136.91238240916496,36.822186347439896,224533291.20227155
136.931119425276,36.657091547237705,112111708.35932857
136.839046210185,36.713058169349104,249283741.14039063
136.53682501865998,35.837241045487204,273758121.2914187
136.835528928615,35.2717073221821,85697802.59302591
136.85925730887297,35.383684649662804,141358916.73425847
137.13165897598196,35.29880632467749,104336450.17099631
137.02422367391998,35.310208393023295,110614916.27854303
137.455616340339,36.8397356333358,98568600.17619698
137.439839534844,36.722996559744,187027907.9382417
137.60894825228098,36.663145536778195,175991484.74239355
137.515317279648,36.6696718147518,224696829.58057892
137.65270978902302,36.4032779224719,
139.78219985871897,35.669459353001095,170918483.98975748
139.786434095253,35.513304423389094,375566121.77650106
139.977741869229,35.7028072932069,92468946.16973871
139.986599080086,35.5899245472771,152986586.99146256
139.912414509285,35.4747684263742,361145880.31061715
139.888647042936,35.7950760970704,166362373.35377318
139.959287854815,35.797159682691,112361204.77793412
139.92974073648898,35.3345640612129,153327557.8739117
140.03682088407,35.3417089483194,149029234.1181564
139.908137243721,35.1772554919764,70111839.59886765
139.86049228536,35.233216365996,104115897.5896062
139.986695833743,35.166640251606594,59940648.90440952
140.046131022963,35.2297460127327,188317005.9694095
139.735292933214,35.94451716846869,83743827.01066184
139.848902704434,35.9454571701258,112310975.80314323
140.29282668759598,35.9028083031057,280509377.6479001
140.20701521293498,35.8705580977821,178760363.1077002
140.530178570034,36.351563587422596,176312315.02939174
140.477253973023,36.4497349496379,176719387.53848848
140.207975470233,37.4636795263731,198882867.46600392
140.00025637088697,37.2663649781346,309476797.3528207
138.52226583138898,37.218856494791396,180303597.7048345
138.480242160843,37.266995544405,11652973.105542216
140.891466220989,38.014324430708996,159447842.63800922
140.725062543021,37.9424215000545,172650348.72718507
140.696793336891,38.0694560253315,214553079.59535885
140.724613191294,36.1265173586295,
140.649491627535,36.3976812738594,
140.59113940000802,36.2219382422535,
140.70036953256897,35.8161196451718,173427303.7512804
140.52151556308797,36.0321178815213,281009337.93240386
140.556975586731,35.8417757213076,215876552.44676805
140.47569355907999,35.906138234412595,214018073.50680715
140.210338683888,37.3560531667521,98181400.76113203
140.114019370116,37.2770201481777,178592114.60784754
140.49308231669698,40.1392294866189,295056922.515534
140.469458459319,40.4705740201851,264584761.9140991
141.334720227822,41.284671685276805,235715357.10328957
141.308181955248,41.139198219411604,166107516.60382962
141.50132557895398,40.9861760984874,
140.97216695010897,41.369566085321104,259013981.86217022
141.08307901446,41.318062761168605,232438953.73670655
140.64284930183402,40.6204298617689,187045336.28150284
140.101052436939,41.102129767294194,
140.39791766744702,41.0682146738094,241255287.6900757
140.352696203379,41.2978084728,
140.202672690564,41.3915654464983,
140.49239587868098,40.742852400957304,158811811.59644747
140.53458700914598,40.6140236341224,90707447.35283257
140.436520060155,40.5703305565338,109827137.46575381
140.371392476898,37.6755409207815,69107500.21638735
140.420458009854,37.579208939943,108693631.91304033
140.822485959705,38.1567464907453,145621633.86965793
140.73314625790198,38.1605604296466,146620164.60368046
140.964678379041,38.104361142804,
141.153602381418,38.1285307925973,
141.237347492736,38.3267140609551,275438376.6231836
140.694393433572,38.3412589136577,177570935.94160503
139.30397816900398,37.505930095226994,607483138.8261209
139.443025276236,37.4836390985496,214113970.0523388
139.546671200607,37.9589563107414,
139.39427870804698,38.2469269367988,271377311.03952104
139.557231201168,38.140532035019696,217201344.43765673
139.435063719138,38.7342198289695,
139.240824011718,39.1450888506249,
139.090803791907,38.6528978259831,
138.96718786806898,37.8047260616421,126210562.36538564
138.90455614520098,38.2232447735853,
138.644024660955,38.089221320937604,
138.766464335763,37.9084541841258,389854716.8131491
140.516027221977,38.603042959635,399854598.70555544
140.44401764365497,38.340672240997506,222440591.42578113
140.56455309557097,38.4209242073316,611886455.4076076
140.329506489249,37.9535086009002,310922748.47186685
140.069559539877,40.493352036489,409976010.4034547
140.40235816668599,40.2558068087208,166995904.95838755
140.36464087212596,40.3864165361085,442039110.050786
140.181397631616,40.3911996020874,348732897.5544367
140.099302028664,40.28191447569299,95902553.34369709
141.706848594597,39.0059973171693,3777512.196148149
141.761959432962,39.0632175332421,10489698.50660739
141.63724801201798,38.829902322763196,
141.58088902848,38.601587692176295,
141.29139470747398,39.1154402907774,168967192.1517926
141.17600249451598,39.2320656514083,219007169.61050457
141.647597160333,39.0470985023064,69864799.60095634
141.459889609632,39.23470462748429,227793789.0450385
141.415241374902,39.126259409423994,243191017.9696043
140.92337124350098,39.276165969268796,317715687.141968
141.06827297854497,39.1959477508929,248276009.89360166
141.099561429387,39.0737757669798,123514136.70194481
140.87266030510202,39.4186351075968,273995615.25638855
140.937758088006,39.5352207372012,270649653.2432612
141.05114547813298,39.83114307300809,167311609.05097285
140.964482705277,40.0309198040037,168577634.92815298
140.93717030679,39.895714279574996,335272549.4131759
136.53751724942998,34.4628251271579,95124846.0873905
136.472036688141,34.5201168990744,98421138.84549674
136.622098720437,34.486048013636996,82002316.72121353
136.62479920369498,34.6468188506121,356593641.164458
136.410325543206,34.2602922804681,72658700.63985178
136.454162935695,34.3310080778478,100627803.05023831
136.704527970021,34.95273076969409,133067187.26209728
136.779936548409,34.9762587833241,81720637.64487602
136.82580759084598,34.9274216158626,3194036.437984446
136.827438364419,34.873747616132704,3376779.3338416894
136.762319346972,34.87688649388019,74324777.81000076
136.383891253566,34.959969177114296,166153270.12048715
136.21618441926,35.094790882928706,185661198.26771188
136.07381281117802,35.162958581143805,137094991.25119007
136.138611220689,35.22419160622889,171696503.81085908
136.011059963757,33.9078509371272,85780803.19762672
136.04959684301699,33.9453546770448,81401511.80594377
136.026779235006,33.8088970348404,21232699.18663284
136.07706763233,33.84499579527,40634912.33241388
136.120086140049,33.9088810897683,11618885.946669811
135.37604584152,34.8650771995944,153922969.3036267
135.394172268696,34.7809059485613,63092619.69831079
135.281032593795,34.85647478358871,117065467.44008614
135.22980172406102,34.7598839369727,84728799.61103183
135.284621201565,34.730574059920194,77779150.66246107
135.569195774595,35.1660241742205,75730044.13269657
135.48010265146502,35.168892091733404,191502129.43580112
135.421809771336,35.3603080152267,178533553.99424085
135.405502715538,35.2541761888041,171227163.38849905
135.663822850941,35.27466224166059,228442913.9813745
135.70429659316198,35.385114614318695,188087802.92936647
135.77594188458298,35.631208376147995,
135.390526476645,35.5655449074849,
135.58181841887097,35.7197929814682,
135.67741626479696,35.062123475996096,101159573.64916132
135.72347282867997,34.99461685533329,54609297.37711439
135.60782977080896,35.070271107818094,71017530.50115019
135.69419248700697,34.902859933276495,110565713.44520614
135.603727984362,34.8646492587261,191143083.0786731
135.563421832047,34.9645538126049,151133403.03315607
135.465132558624,33.6166404257574,66218436.478034906
135.469198885284,33.693658443852,85075534.44857286
135.530504550771,33.727106458716,48321846.38490663
135.552068757468,33.5654953754406,103123041.89608955
135.597295577667,33.6776721709725,86434498.77822873
135.622926111024,33.593079105791695,133626806.86052833
134.506080753396,34.1464231555194,131618406.1264735
134.45684422754098,34.087054681960495,139650803.0500679
134.38746206645098,34.0994144768574,87088708.521219
134.66329188071097,33.990068383227,118252628.21558653
134.642371306311,34.1039133655902,170441951.99799532
134.58357818621099,34.049330911048195,68386517.06909797
134.61480533985,33.8405750703867,49762006.186657086
133.86420330756,33.5907026141313,74770203.52851894
133.870517499411,33.82048030306439,132301287.44757953
133.82628201006898,33.74558497034669,162108170.5758951
133.876609646802,33.662953931276995,64149106.34047642
133.96553930628002,33.8229138616842,96889453.70486231
134.0243412255,33.78815449430189,106934978.83774659
133.50031500003,33.5635366976613,68937345.739074
133.461498365415,33.659929402426805,127032832.40062442
133.692973292274,33.84945889291559,93008530.46491954
133.73421572428498,33.7552948125987,139889585.56791958
133.709796709764,33.646079251580396,133362196.26623717
133.63421720846998,33.604415722016704,133387893.67145212
133.577953128774,33.6321689707476,97023542.82340012
133.614692641122,33.87227213969609,135964547.2763943
133.54153893722398,33.83283723458099,151610945.48683074
133.53913649415898,33.728561675513106,177095729.4140873
134.34076480997697,33.7589443816053,109396370.00239871
134.401786830498,33.769758846384,132652845.31337531
134.430209031327,33.8948089617885,76166035.33458632
134.386020197319,33.9864702744072,98028655.37484263
134.310337583004,34.0013787974058,147117379.46532223
133.975591804263,33.4302952718031,12465449.77952983
134.040808208637,33.4274203706553,46254728.89184193
133.931565673983,33.5152578050334,70421016.18159425
134.160763758549,33.71925851592209,163762408.12776992
134.216302557447,33.6369957370227,242484547.87308976
134.040576398487,33.696920777919296,150216597.28776157
133.977226190808,33.6461669244789,95912308.15672939
134.05771142148,33.5062137851925,48040875.87440145
133.999311808692,33.5479384196451,175174705.22686166
134.208060361749,33.392920203683694,31147593.877905127
134.184327035319,33.505463385906594,148525450.92350578
134.12383764153,33.495247676912996,62494110.38900596
137.507528425278,34.866918981731104,84725670.56515774
137.60742535458598,34.778580251154295,74995218.53796247
137.58696596073,34.8570920181924,74348690.22379689
137.176724398989,34.8738317700498,91170232.12805764
145.415775418155,43.234479370341596,109402418.93995972
145.315742432454,43.3547438393586,378726264.130394
145.55651501612098,43.26647554407089,73435352.41170685
145.45648203042,43.386740013087895,255401995.91216105
140.79085975264198,42.1758886873302,261264144.60806027
140.814467508297,42.3195192175074,201812938.38275668
140.636323921104,42.0619365813471,71424552.71808602
140.71521093828,42.043392386952,75486856.87176201
140.756212287735,42.3785682413478,248507886.5972817
140.58217137356698,42.38538700140359,782217327.6014895
140.515922689098,42.2344773125484,202326091.96463758
141.62677496609402,43.0896016295646,171336946.743457
141.601907233116,42.9774584120079,150812472.04593453
141.498550266513,43.175351684701496,207964264.0905496
141.455142491058,42.9735004391781,236565129.73563224
141.377997496329,43.092187819919694,277429749.1682949
141.179270501016,43.181939591844895,102221874.64664364
141.160730458539,43.092231563878194,116742132.30697079
141.26573428377299,43.113121321360204,148306891.4961926
138.923078626101,36.6055602168861,124704672.8460866
139.01497817856,35.65894894614689,117635599.20741935
139.083753127044,35.745840098496004,297907666.6358194
138.844364148336,35.8066609231386,229292371.11518985
138.900593188203,35.621057794641,120627994.6439537
138.76581407746198,35.713200373128295,126127089.21135071
138.80544486732,35.629779998000096,267129635.98027802
139.161825762333,35.9546294328078,108651046.2304991
139.12331131083,36.0714917274096,240796413.6018626
139.056576494979,35.8713665922579,187323342.61516955
138.97120329648598,35.8866581932782,140047289.44321695
138.934267240461,36.208531120766395,111249777.02967902
138.81305992573797,36.19706415724409,108204333.55967358
138.833273304198,36.0873737130522,218554985.48796827
139.004353244493,36.1178264948028,195272165.83158013
138.95749449750298,36.0162558012213,163560733.16080776
141.690368626092,43.4135752922916,294087263.9672299
141.781747403967,43.3283155974471,307827870.89458555
141.76430108544,43.5868732827594,214276530.63117433
141.960257657823,43.4285332713441,430059201.17174244
141.936131157381,43.6606801290033,247437823.52634948
142.04070895188897,43.5875998124325,312317328.54379
143.492870451216,43.5524097184605,339069267.7023929
143.483449030119,43.7592074332875,203449625.04379496
142.983803892963,42.9143252559549,258243252.2169697
143.008493630409,43.0369764576081,268004065.1486876
142.888226768298,43.11252468736289,151223334.8432191
142.771055263287,42.8982511241955,368885238.4869122
142.73466613923,43.11043050113579,166584935.94471058
142.642184371665,43.0188081396216,400414993.5739425
143.30037538931398,42.4489719609384,286111098.8244808
143.158017356541,42.3647632953138,242589760.50699928
143.082109231446,42.490641870863996,156557327.874067
143.52222658864198,42.874204208460895,161084393.27750072
143.360585551029,42.9203720212179,305206654.4693411
143.518399218084,42.6752161442574,190216992.25351086
143.58319085160602,42.7581065893839,87956974.80559418
143.973281515305,42.9876545449593,204098487.06737694
144.039802182573,43.0630113445257,143764458.17810878
143.70403682913297,43.00434242767079,439444415.21389145
143.813774040981,42.92788984935989,266107533.21184656
144.02164156215,43.216056343495204,327124264.3729465
143.67300187627197,43.1673688563975,224377352.60797167
134.28066819357298,35.2387911071328,113456285.54753433
133.77388944984898,35.412171564353095,195723583.2171837
133.710899669457,35.342097154494894,118855743.97738096
133.72254140849998,35.179633968438296,152657461.99603444
133.829970077892,34.6323730406709,171864206.31522083
133.705145294952,34.70550147009659,179117644.79273248
133.69764127209598,34.8467587892853,248170273.2828032
133.909280776029,34.487987099709,149994553.38595167
133.828734411471,34.532546646642004,156502928.93697622
133.764765182367,34.4635917184911,22668259.80782702
133.73248387415398,34.1049920593767,183691755.562666
133.616827500948,34.2746610297828,
133.66120880904,34.379758718962805,269083967.91244996
133.82513693125497,34.1370199126044,147644292.92651796
134.42376734555998,35.1233470410273,216717322.84254602
134.512531631577,35.121618135935094,173244444.55044243
134.38985637033002,34.6307622604317,238603355.90499464
134.468576237556,34.734897712178395,97916016.84584984
134.395628219754,34.4499049196412,
134.492558525754,34.3497269297754,
134.606467567044,34.3885670053794,
134.563084229145,34.7694599199453,51266758.630466394
134.691774658815,34.4957260107405,389485064.58756095
134.66660175969,34.6723054836939,463113754.85767335
134.571639566859,34.845247980714596,64401929.44381889
134.58349554780898,34.9484516539818,121273348.5994897
134.49820838404497,34.992938466188996,161950707.06137872
134.47713157527,34.8106857729477,100161193.58865216
134.428266252291,34.8816062681889,184186977.37120286
134.052601485858,34.4008646881548,145586690.46827757
133.985951121561,34.164781370181,135325594.12903267
133.884878099874,34.3998736636005,119610891.14084685
133.81221703670698,34.379190636110096,38132188.47888449
133.960414568805,34.3499979196737,94398474.22589587
133.936025254647,34.256245056230995,97478488.92837992
133.784997102306,34.30547310226739,119837343.2496964
133.83326885131498,34.232403266315096,166865534.02415255
133.271386311855,34.9013776228557,286800420.47304213
133.43065714651198,34.8567963337638,275483065.15099555
133.248828204558,34.6840129471638,195685893.43905443
133.175148696579,34.7944179228954,309862724.8888071
133.47455552956802,34.7086224459678,333766051.0168421
133.38896420288998,34.6427987593281,156263094.28922698
132.969897153786,33.9167344796841,161941909.61778846
133.07486199958498,33.957657290993694,190127459.30924773
133.12950631793996,33.8000823620625,274027271.2321099
132.987459147411,33.7387654670319,233984549.36070493
133.06839979586996,33.6756136401795,192424153.94890073
133.122090756237,34.0804306650951,371791663.66573155
133.26264568933797,34.222262517824696,
133.24213154762398,34.0452260575746,222491499.21616313
131.683678098555,33.722136359109,
131.679454264314,33.34694277088679,179568820.38234392
131.83199299891498,33.35298084301919,355210212.2957145
131.587158624801,33.4385654093733,126034131.71911499
131.57907079366498,33.5456684446653,149324209.62844595
131.939279859156,33.55512118329689,
131.86892356215597,33.7803717429882,
133.08244629774597,33.5198205457137,88611100.33359791
133.135569121599,33.3163365134853,126279277.15596104
133.18632317901898,33.4006511578443,125733856.83131358
133.161665738343,33.494012416118096,170507735.28213763
133.022296659978,33.421533634721094,102006922.97604851
133.050762043155,33.31141086076649,141180852.52494642
131.289623081331,31.9820653472793,107709720.62416072
131.24926557081898,32.11663770936389,158806064.57774287
131.199991782024,31.9331229913377,157194616.64258373
131.159634271512,32.0676953534223,238401796.28894958
131.26726836036,32.55321267016829,190424903.29583162
131.394525456711,32.5866786935646,141491494.77114668
130.053241418529,32.639986203947096,161793544.750866
130.08031882718402,32.7303664423527,169497635.69112948
130.12688241369298,32.5063672488456,112289570.24063186
130.274955608226,32.237369149345795,291239388.0604592
130.214705213868,32.327018275203294,127725336.05178003
130.407263362794,32.43245723191979,219550636.61908597
130.384004048958,32.27139343124399,289153172.6438885
131.740973328459,32.8236600947211,238145980.13670236
131.738163436143,32.954373729717,268028432.88346726
131.87756657443498,32.851701537962995,178692063.8106177
131.89130650697098,33.030156658999495,270439293.079032
131.794437358188,33.0834312720054,139101544.792002
139.23736944054298,34.708436202594,321869776.7266972
139.2741865218,34.7966891710812,71938283.84689246
139.34031012877796,34.6445463625503,105363734.37885758
139.39466669591098,34.725175112535595,28549716.482844904
139.377393936693,34.757716295091896,15157707.261954974
139.107236808441,35.0618554791318,59037891.34463822
139.04152129398298,35.0863659345078,92949098.246817
139.03064534502,35.165912496389396,77622640.55014102
139.086822320094,35.2173850779498,52792792.93778032
139.1273832036,35.1490958802192,54232296.22379355
139.143773504406,34.253832299530806,9232874.430467596
139.08203715865798,34.4205375373398,
138.96349849370998,34.8430742511093,76318941.12947796
138.93657120670798,34.7684705838888,47311911.325781144
138.71220074933098,34.4671838065797,
138.591624948117,34.6310061067113,
139.019612188446,34.3461161202258,
138.957875842698,34.5128213580348,
138.79214062787696,35.0812158852309,161619050.55645373
138.08578718028602,34.8769337288229,12438901.742819417
138.062428559715,34.8546043189872,73360453.29887703
138.010267296363,34.9458489926073,57118207.89694677
138.067378787976,34.9726331652555,6334169.490881019
138.031851111099,35.00189924535481,53414860.55050194
138.42257578139098,34.70638703853089,
138.522709413693,34.8341551374432,465662748.7438083
138.39455781013498,34.9342353017592,108338907.94435379
138.33180942893398,34.895630434632,11204779.176468669
138.16593809772598,34.7783481646986,45229931.59890859
138.16801079710197,34.7211335220684,31501530.84359018
138.22943122111198,34.8159820905963,90192815.24956536
138.28091702535,34.811566607522096,20398582.03784517
138.19411866938697,34.669604216181,26113429.020924028
138.243531774249,34.722403375736995,67263861.60454874
138.135908047698,34.6893346739379,29993317.39092041
138.08018206752,34.635361510127396,26636861.624293596
138.023946185004,34.656444968237395,11312659.088112962
138.14409852190198,34.9498709877009,114850073.96525848
138.198389695575,34.9534158338475,63113470.96974474
138.13015218000902,35.0346951557691,69909335.13264737
138.18564823651502,35.1204424891782,59136522.03076441
138.26357209335,35.1202914549498,99709801.6875171
138.262367210517,35.038088967687294,97953035.34379515
138.92080243041,35.139344873750694,33823368.09021494
138.89006681427898,35.2084836181848,37957489.17946547
138.969957594402,35.1845071814016,64615644.70051334
138.939221978271,35.2536459258357,81366240.8567561
139.196136330933,35.353006864748096,53379799.582940646
139.175320816026,35.2997058893787,37329918.57456244
138.512929768422,36.6383433765756,119200813.69302474
138.43722159999598,36.4210652028993,101748242.74689443
138.36040393586399,36.516124077727795,364806179.8404046
138.398281511061,36.654620871329996,354051297.44517434
138.53677367045998,36.754562196531296,215049294.98702034
138.492083629911,36.918134620653,278553690.00652736
138.549598267872,37.0106009077662,163976459.7185391
138.674081131674,36.9727297695921,237572925.4542065
138.67400204958298,36.68445863925479,310444210.9159921
138.77325069039298,36.8453730032091,354217339.809699
138.77893161224398,36.711358932956394,193835391.16517565
137.79185740287,35.390450815978504,241543375.94033805
137.912485578846,35.461242327786,248403290.51625758
137.932022954913,35.5976117008182,200598133.94138235
137.85741726289498,35.6714058639972,219661872.59932464
137.766163502517,36.0822693768702,206228698.5872482
137.834125458975,35.8783173234486,130070301.64638536
137.932646939175,36.192549867051596,66285198.623797104
137.995115211723,36.1833678200148,44267942.36568139
137.890298087817,35.9928308419515,160789464.24607185
137.866281779688,36.0944168470017,204063387.34866822
138.03216331320903,36.063176095722596,137300942.47088653
137.99371134879001,35.9707721377092,159195408.47620732
137.46379671222,34.9198315552779,77722985.17314479
137.371954727337,34.913855748585,66820410.09840415
137.290100366925,35.230233592969796,124985923.33918087
137.563457555139,35.3256333390411,125928416.89303009
137.47320293150398,35.2983803816094,128581902.83365995
138.39197344859699,35.807953986486005,151336572.27262285
138.39231697090798,35.6541849832575,172630075.36956188
138.481275164199,35.565646106364,151199097.1690608
138.48084176087698,35.8473395592015,165155662.85324147
138.56456213133598,35.666734602170095,146323142.71414775
138.564472250325,35.7946590517791,313178423.22054607
136.534832027979,35.579478411995105,95276834.08424349
136.57231148965798,35.7199159898328,166254344.85910156
136.585213635981,36.0136020242922,191892844.75170654
136.430782140675,35.8328423504007,281029939.0111761
136.328466166629,35.690331014626196,427523493.58124685
136.23135126909,35.7425354059983,167971628.87583643
136.22703400086002,35.8797069554715,131373793.54309884
136.25421521913302,35.997307579233,174701482.37028447
136.360848461409,36.00264736553431,242276011.16755414
137.013183091422,35.1750211764303,48911663.57843918
136.976084901612,35.2438981463778,103292892.35108367
136.89451537937998,35.2275731820375,111181911.12559578
136.872107630379,35.1107958816021,138675982.83814958
137.34670987540798,36.8056821620235,152641914.04950497
137.269727461086,36.9956669559774,
137.116143497685,36.992517289975495,
139.682210975274,36.0082633808766,116470636.4010679
139.73509521965397,36.0969881585115,161255364.04076403
139.570339393551,35.979802396592994,141545959.6300725
139.89595017588297,36.202775565046196,137146957.13546216
139.89406972394698,36.0183977120088,146663713.88933256
139.833344197107,36.1061824879866,121195550.37052111
140.129838504711,36.3864919928994,136338776.39252165
140.302161317373,36.029290236314104,108618847.49425074
140.225940450222,36.1269006349647,172281399.70017698
140.41616400596402,36.0792740047707,152423784.67054233
140.44062346644003,36.2039149294317,192632817.61674717
140.287018541802,36.275055765636594,354282727.9508105
140.38769886942902,36.302086291647,199002940.99126187
139.890222088749,37.11807149596589,271907551.435451
139.946158754523,36.982472595212094,309748454.3482551
140.124080070612,37.5320475042249,108051801.61501223
139.912571566911,37.4260253614995,251601603.54581627
140.012680285038,37.413765974560796,236042697.89368418
140.06581744412398,36.973381610401496,169683540.9846108
138.519251082894,37.3638506669241,4180766.1707410947
138.507022729185,37.5789972064518,
138.440887643355,37.5192410180016,
138.56127475344,37.3157116173105,67509647.08291554
138.652470589611,37.303304692793695,171232757.57213062
138.67658200489498,37.41119993085749,202614665.10626397
140.812536891378,37.88118158099219,194406167.61873806
140.890530517902,37.8831277486893,69251604.4572423
140.93704705244997,37.7519852989125,54061295.01767223
140.86818830901296,37.6620326644089,212162044.79608852
140.78289913544998,37.724829656081695,229698775.7958078
140.88134923278898,41.2627052138103,218774079.97964412
140.717016914331,41.257844023644594,488876162.5347026
140.63548782805498,41.12049865388849,192425068.6092404
140.66449028418597,40.85720979874049,321292503.25082856
140.72030403891898,40.7240041249734,194045369.48255864
140.63355729446099,40.3506704787384,197526919.56504372
140.70888118798499,40.456833242733595,444736732.54806775
140.70130971854098,40.0565870020272,253051812.6392735
140.61946385727902,40.1499356725599,422157681.0287065
140.871491911953,40.1183654142348,190852121.94789124
141.174298451604,40.122133172088,303549558.2284677
141.098522559951,40.009454200778706,118285130.67604965
141.13798948952999,39.9242948359002,89555785.17042926
141.266731874004,39.889610538010196,177408503.11833003
140.32533066354,40.932863154981604,273756265.26889795
140.17848894584702,40.8730212747681,416601296.6264801
140.178978286908,40.69085899448459,255421552.8468745
140.38699183680598,40.7670864906393,255858709.87749368
140.33480738910598,40.6554327624621,180823094.52028447
140.63788853129398,39.901176526962296,270318585.31109095
140.388053350644,37.8486524678955,101730073.20828892
140.396022903609,37.7464554252885,105210250.8985543
140.497651773039,37.932146742632995,154812729.37814075
140.59267389321,37.8770415850332,215666919.50277996
140.53296088177498,37.7766858766077,205300725.3839854
140.48670218477397,37.56932990527859,124043371.44157967
140.648910805623,37.488617849291394,225368783.75011143
140.551903477326,37.450061883940194,205427567.72443166
140.67076208027697,37.654977755637,233313247.21952695
140.574574629984,37.6958923374363,190637508.0788214
140.71190257914898,39.0401273171613,140742928.056016
140.81017929382799,39.204236176300796,274096536.5675278
140.831514903387,39.065159267049296,267712639.40632582
140.667297793407,39.2708952940557,199325878.69329447
141.03782034077997,38.716816107182396,95941275.11501016
141.085877271273,38.8199147099577,265566345.8659067
140.923353195306,38.954883268085396,235104389.12223262
141.02845629727798,38.9753589536454,238567319.8914038
141.350775915426,38.8083181760604,142534997.1457191
141.378434572617,38.8979381291688,174186247.52676353
141.23985212224798,38.7647013828426,134274179.39140344
141.183407017323,38.8487747126688,211619974.39161417
141.281905666473,39.0043043714808,160035055.79972234
141.19780190435702,38.9987577481986,99546084.47379808
141.246922678455,38.6340177728439,171800499.78777605
140.825099351673,38.2839859628589,146556516.94800776
140.795869021665,38.5067649900615,81104340.34409155
140.764048670685,38.4098093185983,167950298.78322178
141.09013831512598,38.6248710582735,93133522.59365137
141.127302788307,38.4175904110779,122535203.96208656
141.207550112772,38.487596268792,77520129.93380131
141.19015343927998,38.566112245742396,93881593.7484446
140.779137881613,38.6192595338154,113217782.55739588
140.861086995882,38.828873085363895,158585383.17000654
140.661509085669,38.6870889121992,261409837.22338173
140.871335064306,38.657362432144495,181374887.92796397
140.918133167361,38.7462501681486,122219506.64309035
140.62879803710098,38.8471026768891,442190060.946632
140.740763942724,38.9077191569682,199184468.86019063
139.254817505562,37.6790601758208,430492127.17703867
139.102729672533,37.7417577624351,57607942.79373652
139.11524115126,37.6711908011703,135058727.33052954
139.079313631038,37.8198082572717,130049609.01705812
139.43045227366198,38.5094541841152,68175247.46061729
139.418322286782,38.3985823620729,375738996.42028946
139.581274779903,38.292187460293796,327462193.1817361
139.62324124617,38.552330879683495,70238362.29798181
139.688664783162,38.413290525109495,
139.670138232669,38.6156475753807,171311858.37624416
139.57544347975798,38.8128029588706,
140.35519319698798,38.0990073802338,113358805.30360381
140.329699679928,38.212694198415,99238557.98504286
140.479086863049,38.11822022942339,227114688.65898117
140.453593345989,38.2319070476046,199455590.26837417
140.26504970223903,38.252204583981296,128234067.54928246
140.29638560166902,38.3684164293012,133949061.59646395
140.15769610867198,38.4467289316011,187676487.86288068
140.24786247446698,38.4675352307631,250921921.81771216
140.379709005162,38.665298773431,224118067.28026205
140.28746532045298,38.6240562730935,153572801.5223807
140.191338800733,37.7673726543564,253697286.82598293
140.109965745519,37.7117288179632,253528994.41000944
140.00122719379496,37.8132623115984,410139077.4439227
140.213166554406,37.9447352039943,400062925.341799
141.28297798923,39.5629066456668,184516895.72144684
141.159168554745,39.470464580797795,209518936.79297516
141.20569047875398,39.3500770090923,270671646.0037049
141.40387523163,39.4765488013149,282886656.0556352
141.36573092644198,39.341896866521694,254054014.52549636
141.776884536969,39.1411249390557,67656107.14221023
141.690339695652,39.1361955580431,214530134.52193946
141.62199916038898,39.24075085813409,228854575.17714566
141.655256331006,39.39174898947749,382415425.29255056
141.84867534717,39.28590451131719,108284934.13132255
141.79538767647003,39.431973261648,377256972.0818608
141.406166589138,38.7352465372884,81952453.58227569
141.462507374496,38.6826852289449,40433148.2629688
141.343132853142,38.641372358978394,152170013.9882304
141.3994736385,38.5888110506349,99554312.33244467
141.474892765833,38.8982456247495,133638641.93454921
141.59185045889402,39.0067956513279,111154408.71642703
141.502210527117,39.0154309857081,199883328.02811795
141.577032717483,38.7909350742111,
141.51607491387298,38.6573891471394,104969288.65336691
141.503574894,38.7560643632976,74853536.48665501
136.269819305235,34.374951769705795,182000131.83304358
136.341593007147,34.3096435171842,56322696.987142645
136.39991099476498,34.4821514643309,128029406.96828036
136.385430399636,34.3803593145639,93126972.17301822
136.42885354022098,34.7356039128846,120432783.98737644
136.481313996984,34.6329963559998,114192589.21235754
136.549495041531,34.7364754210584,182321546.50595495
136.533863488176,34.9223615762505,234086056.26985863
136.452791146221,34.902729693968396,191960197.50235105
136.078303065441,34.67005027690381,104666194.43448289
136.12205002364098,34.5977996316909,159458382.60418227
136.079783814018,34.770804898434,111988806.33145897
136.18599568176901,35.0004479175021,86372181.63990565
136.114161769212,34.862708530485,134264666.91840237
136.19440128112498,34.8831754925841,174942383.23469096
136.066749160947,34.976979951533394,106951796.47839524
136.10121360082502,35.0521060541718,63546987.60662141
135.583980752616,35.2943888534688,116064546.14427952
135.60851993178596,35.360008668831,23376038.479428384
135.51119468528398,35.403388597404295,187480527.13558304
135.535733864454,35.4690084127665,11155211.220897747
134.515094818566,33.8399225043165,66753992.235098
134.562221552088,33.8747569571895,91098486.90437283
134.47051242725098,33.9127624925892,37908708.20480694
134.495705754333,33.992064010311,49973869.14958046
134.55191497284898,33.969667815487796,77172108.94844656
134.28714876211802,33.864288802776294,106652549.43179986
134.26340568333,33.947242438249795,100287502.55016759
134.19551260998298,33.829506374700294,146466212.07002914
134.114429872401,33.858831650546094,97651709.6491706
134.150108730825,34.004759543964006,97609856.45677917
134.092769072031,33.951131184336305,139586408.52204436
134.07913499557498,33.3901235283792,55655940.60632851
134.12891025088499,33.3992930323371,87300760.06050579
134.15517330765002,33.3223053658737,44288538.91420073
133.826317386531,33.2422616437131,
133.785680847258,33.2760114113988,
137.450052860076,34.750941057016796,69539131.58501932
137.48734447720798,34.7937185611719,66581218.4877074
137.51767039098,34.6967136363012,29180659.32035755
137.554962008112,34.7394911404563,59370516.624950685
137.104498852266,35.0837759108694,143869136.99551517
137.141529635484,35.013526907139,143595431.2165259
137.096679120984,34.898911165526094,70601317.59635164
137.025383384604,34.839820610505896,199920439.8051175
136.941606493131,34.84931448502349,142849871.71662325
136.91636550748197,34.930753713286194,160947198.24028707
137.00858795431498,35.0936645442405,47001426.85134456
136.949082015504,35.0457642137526,178065744.21953103
138.93162064181396,36.865938277142696,157210836.3182246
138.880095894804,36.8191669690746,86860256.5346093
139.00690925219996,36.714553311486604,170163152.60289505
138.95538450518998,36.6677820034185,90716385.75502145
143.61711495219,43.473503475207295,314889886.512996
143.897429464602,43.333702240395596,521795904.5151686
143.72504765784,43.28391897455339,444110580.2140356
143.618826507684,43.805393900845495,258730868.00358748
143.96303118377398,43.909224330430796,337454467.55708504
143.69205189108,43.6599599603607,324872323.7172852
143.79651960992996,44.03975922430261,564417287.0123053
143.631330137196,43.988449050833104,372319144.56497
143.18121988272298,42.766419980295005,236280448.29746953
143.311778578881,42.802163070628495,304900778.99723613
143.40862798297198,42.673104812745,190969685.10818845
143.294306662914,42.5664163863213,216632898.2622309
143.175022789161,42.6156185099502,197491295.95926574
134.070648390987,35.320545396552895,153657130.15590847
134.134207711086,35.2569210659556,108255106.71535778
134.119219206753,35.438857608481804,127157262.80846122
134.212079686443,35.407090063554,157448499.42763987
134.22610992327898,35.3190999871083,72397254.14760633
133.93060186037397,35.254178755880694,283596339.471908
133.84492086933,35.2837262848323,201564300.65771675
133.96096993659597,35.08397638148699,101767533.24018778
133.85596589805,35.0266735246791,135384265.95610723
133.799843017566,35.1203291761773,204981009.83687297
134.133693575838,34.3372454903775,238433654.80237088
134.160380676861,34.1114202148302,201210889.69651493
134.091432525699,34.1949150358464,260652947.72585833
134.23063056117002,34.398388609787396,155687418.2252909
134.303108332668,34.3114852519923,182113782.31066412
134.261301363783,34.1265819268407,131170619.73973979
134.315695763799,34.1863694534901,101291430.769936
134.00850027975298,34.8576790598157,236438909.9324718
133.887308340159,34.703111756425194,143172198.3084381
133.861418502735,34.922137014708895,222442788.8570182
133.807949786808,34.8406567218864,190776223.83932164
134.09137004194798,34.5720565655883,179633968.2211126
134.009069532822,34.6763295952425,212464446.42694497
134.076792756489,34.749416605810495,189287912.4037902
134.205226488498,34.532756953942496,125907126.80659369
134.271932410572,34.6267109369379,275731169.6143056
134.22579918768898,34.739097559151695,156973425.86473757
134.068319567226,35.0559312282828,249462928.54862487
134.11039730569797,34.9341704165817,281767904.60141826
134.250501253902,35.1252820825038,104144230.68910183
134.16047873038798,35.1503614863126,231330950.60993534
134.305965706902,35.035868460093596,77390028.11437824
134.324787861165,34.922807357001304,206217724.2018217
134.248800094035,34.8601380322272,229622141.48780474
133.192481966412,34.4027285990784,182168573.4458712
133.24320701673298,34.5226352348823,139563900.63957286
133.18301866617,34.5966320031321,176549664.5859538
132.948279895728,34.21942657711379,174982555.42511806
133.04984168186704,34.2335506782291,286218852.2531917
133.099718750328,34.3788121519623,209252624.48289225
132.89151213307198,34.3044448094403,135108866.41528022
132.995182488333,34.5581462724234,278707416.79647404
133.072532942514,34.5188004134028,127056185.52929917
132.87138660582602,34.424843354714994,227838682.22144252
132.90068098276203,34.524432455142296,141507260.21406448
131.385978568152,32.219017935317396,244062680.42634946
131.46448426013097,32.2871252432388,213447315.38348594
131.27578230221397,32.2441563898872,221978772.78508475
131.469426982476,32.4159841433934,294258408.00570786
131.396658856683,32.4865435524135,119729048.59442136
131.20958115965698,32.3590615495554,190046761.26228523
131.269401760332,32.4530775290172,150246608.89545357
130.344777778644,32.6517000511119,70306056.26214221
130.33523194998898,32.5529431331247,157024963.6598564
130.19538525939,32.5517351392695,193949842.10518944
130.251722241795,32.4815284583064,186140450.0284974
130.313285598177,32.7221397924333,27810037.611717604
138.967058657658,34.9477316109933,45258186.58488123
138.94183676010002,34.8979905212664,24370262.09412297
138.86669169535799,34.91393204862089,34072865.248071216
138.817263135375,34.893573601335895,84465321.66604024
138.814398201897,34.8287494693974,58906711.81989778
138.761719233654,34.8091878250908,7269407.373907265
138.671600206458,34.8793210833969,71828390.46540335
138.898793628177,34.7578464347433,51467880.1243725
138.847710916959,34.7835674973798,80260499.4049285
138.870850519434,34.6726587396981,38954619.26748651
138.794561395776,34.725128527861195,46116283.94151867
138.812011063968,34.669775802020695,57606108.95795909
138.515281413234,35.1831653932605,157679621.38227868
138.082440321672,34.71417212194469,24634002.847141426
138.107685733545,34.6900581015879,19536462.002384197
138.052312311441,34.6837262741673,12369829.472338207
138.077557723314,34.6596122538105,11870494.329640582
138.17193226158298,34.6350183634455,16177302.221434137
138.154041364185,34.623402805784096,2354673.197963244
138.143281420287,34.648266692813394,7557035.614406083
139.12363863809398,35.3898202890375,71619943.14841089
139.062156303609,35.508946673541,73582472.84406589
139.121847227253,35.4811663341861,149507056.8642541
138.970306899468,35.4127328478858,88878035.68770182
138.978159964083,35.3239576939557,142104173.25123307
139.06507255528797,35.306291531081996,80428602.53037772
139.102823123187,35.3365193136681,48075848.77204806
138.678516038139,36.5142513290214,338791822.42968065
138.580132810779,36.486460329732594,77099644.83499144
138.72152835314398,36.2648108555634,137272035.63871992
138.76982666282998,36.3951680572062,369486982.33700407
138.59949865733398,36.2733704818485,120590637.95388521
138.524492628687,36.333259087722304,72387157.19691622
138.54230221755,36.4076789496585,114665263.42679903
137.690162646696,35.5051340531745,272227840.7287975
137.019510615273,36.4586708632905,316252984.9509879
137.51090125129502,34.9982262816879,125370506.85455473
137.60159345116801,35.0354932162884,98502233.10010146
137.605651865286,35.138590812497696,90472777.82006398
137.50911853625098,35.199476187018,136053492.50559893
137.45427839081398,35.106312650970004,238464388.62850583
137.31038058203399,35.1432136125048,113467004.49416848
137.366897963064,35.0861286639039,157573153.87585175
137.331678838662,34.97206648792889,71568125.14386074
137.24144000011498,34.95535489592189,89413338.88925558
137.22598287264898,35.028349711377,117779187.83498178
137.308608982545,35.3583462154263,183265910.3449155
137.380354020657,35.3904144166188,147062455.96680707
137.38674237842397,35.5221419728791,180515585.4194617
136.75834474780498,35.4696294616554,96971064.54065338
136.600996890831,35.5302070709553,106493677.15547128
136.641595913856,35.4181803787449,82030006.77307159
136.580448402552,35.443153094223604,77634751.70348866
136.486525472451,36.1229740663275,286681112.80412614
136.36820317586398,36.116418102656105,161157453.05788022
136.438332412239,36.327729503735995,180963567.44873804
136.51999243542,36.2513481289707,269020704.44747275
136.29422688423298,36.2814354456048,155421164.503313
136.257564610827,36.1984981071681,79696525.88972759
137.04531027838198,36.80234568003839,137739429.90075088
137.121452643384,36.80952926760779,58821526.34263906
137.047131732885,36.7123726639065,74531430.59902684
137.335815354969,36.5924947655619,194998156.40260893
140.140628605593,36.1299598623447,123028877.61349922
139.98816242373601,36.170259541640405,147008811.6496599
140.09913438876302,36.241139594926196,119590437.19672264
140.03697427872902,36.253617215705994,119271463.84191109
140.196135081057,36.62474825322389,96700277.5475388
140.106572561538,36.829314391564196,157956774.60655817
140.026148524746,36.7115394465699,242879977.3035229
140.046247894608,36.498373324313995,253931193.17565376
140.07282739305901,36.6075433835496,184731913.2371285
139.885934520882,37.5535537060563,234993508.68164557
139.900561791342,37.706636492246695,414648581.0887952
139.58539899410698,37.5972599189979,315925929.7327855
139.656600853209,37.8214745502924,
139.79042901238802,37.8996925710414,
140.15536506179998,37.177625592960595,185018659.9208487
140.139369151551,37.06405880610839,192023258.21872294
140.33108538801,37.229168160521695,194930303.79385182
140.25168437557198,37.256658611535,107541667.63131769
141.310278338922,40.6945780602075,93464999.65247948
141.41475196718102,40.6580115072285,92388955.85815267
141.52704988626598,40.5676208528646,
141.485189446062,40.7827920049308,
141.370141888635,40.97045544870959,42547401.11405523
141.28788932138102,40.5993414521541,129828468.44942503
141.39236294964,40.5627748991751,140045283.46165624
141.229786522242,40.4559086298708,244086270.71767002
141.19783628425202,40.5672054684072,78616493.13339585
141.428579014338,40.4276690541108,205342351.18286216
141.35605562406897,40.35293876855339,200084197.95250648
140.75828934667499,41.02464669237659,233305142.63977268
140.754474764838,40.92094344573839,99030652.8329909
140.93623397709902,40.55299726603619,237607629.67539823
140.83001689653602,40.4314950778035,293655638.7228282
141.365748404694,39.955389130493096,221244530.8300106
141.511439400804,39.952183252113,193023458.1310465
141.522192405396,40.0928454871494,219693467.97140464
141.3993709821,40.1995663793262,202991535.35805386
141.312781911873,40.1027523996924,326521263.96207315
140.013255747486,40.224768110900996,33536674.347170256
139.686062723394,39.6689643888318,
139.952401956807,39.9348805495563,242477833.34486145
140.343911358618,40.149760723056595,122959803.62949476
140.434635508629,40.0331834009547,114609897.05367167
140.37666353640597,39.85819827221759,289702934.4134209
140.719815761085,39.467339025384604,218233922.89203975
140.62764519906298,39.391529004811495,177279210.2315316
141.47227381775397,38.5061834408889,49080447.78739366
141.39674006188497,38.5109844787371,103702583.91382681
141.47687263782598,38.4114147373737,77761078.19193195
140.96218757148,38.26669235205959,69168616.78674185
140.891588805396,38.3038951120782,80905637.43983458
141.041066869428,38.3817383519757,134556867.0730971
140.871352025943,38.4219984248991,67431592.63488905
140.922182992338,38.513560335125696,241535377.68549454
141.021299069739,38.510503022220895,291151366.1674396
139.41642110358598,37.886699821779594,209194159.45516965
139.334816374875,37.8087273214761,226364581.37395748
139.757759986284,38.7260572543086,216374103.5967875
139.663065233373,38.9232126377985,
140.168886352869,38.2077151653681,115465381.04352987
140.133425545971,38.0992682124813,216471101.59663928
140.110055886504,38.303120711526,133136335.4373826
139.987349801673,38.404795386375,314281606.5309906
139.86989932789498,38.308749955212,
139.885777483254,38.084289186867,402370528.6879069
140.002859240574,38.0234391564786,247789854.78539404
136.351683194694,34.558285054877096,111051134.5486754
136.371348431307,34.6988580465054,121800121.7726055
136.26542889765298,34.5218011576317,175642199.21080837
136.215165067872,34.6250358657951,190241554.56317243
136.325897540184,34.807980230195696,126568603.97370619
136.25596847379,34.7706419467308,193255331.93194422
143.927342366346,43.514640827394,287462169.43421054
143.829897498474,43.651314046705195,374648373.76497734
144.047796919686,43.6327947631521,186121547.91859087
143.95035205181398,43.769467982463304,280590090.9187428
130.26162488476498,32.7887176249842,75252328.24546655
130.268085645291,32.7187126565145,63118987.78539156
130.205119729179,32.7896132387472,65005543.67394497
130.16621496004498,32.711696996483994,46620863.85574638
130.207640397087,32.6666846485023,45714778.15787144
138.853918259496,35.0391044847921,37641185.86622913
138.86157222068996,34.9744773811488,81521666.289124
138.92932196170497,34.9892293081419,57525234.53080912
138.94566853355101,35.0552399770815,41844150.37264805
138.91364919913798,35.086966295799,22969158.73232839
138.57003401076,35.1257349178824,35362056.22121345
138.63563832633898,35.1611255887947,46509087.28612645
138.536267057793,35.0535130767888,32608178.368808143
138.694855334046,35.0835946213335,135415106.4143518
138.620196444015,34.9827288722505,235485649.23328465
138.713180404689,34.97741974588289,121391157.01400328
138.518738237517,35.3202097107915,34450027.950847
138.536587412421,35.2672500736182,88417103.46518923
138.572456085195,35.3796140530965,22712809.5711387
137.761550430537,35.690512201839,154930809.59651792
137.696783154579,35.651747339046295,173660790.1463021
137.751617883891,35.83166776820399,99826019.55990809
137.54383037472,35.434986756605696,204365970.97386923
137.59468654859398,35.5231323208344,170523029.32028323
137.459964108852,35.5394613554343,118530655.67464109
136.70462082406797,35.9742837001845,267602730.90532067
136.80295199663396,36.018157383710694,324007437.3398661
136.97697173958596,36.32931922174829,163910677.12485948
136.816647150315,36.1496531638176,331555802.6799575
136.79637695753698,36.3408374331453,217879284.74730557
136.700849324589,36.2619819841455,289830473.2475132
137.06428195102498,36.024712679448896,210558517.6021325
136.965492537621,36.141312144003,171738558.93527892
137.030289493944,36.2421227529339,211961023.9387584
136.971200700081,35.4429664835532,209267075.82253754
137.04126272984396,35.39007178821841,98858983.34280439
137.18892414222603,35.5344182307972,112728470.30636609
137.148698031906,35.378669719872605,84679901.80391443
137.214978773169,35.430583462312505,193988287.25692964
137.194010843505,35.771157449841,86487803.83173274
137.313683045088,35.6567013395967,202053304.7326848
137.23014867602703,35.6416685560254,161082101.932706
137.24937498320398,36.7074849080643,95488422.91868679
137.25425726825998,36.6110365851945,162053540.4408474
137.177701714581,36.714481679650504,43786870.032627605
137.113482250503,36.676948117715405,97064396.64407972
137.11104812393998,36.5361489167103,245795233.86703616
137.180149873074,36.4772341557756,104084552.92452525
137.333649991527,36.442071330409796,252010601.0772801
137.452553909946,36.476790529476,229891058.88205
137.23608481568698,36.361014475572595,170539021.88764104
140.13074362419,35.9992729436769,112129088.257168
140.111311987548,36.0767540791218,1758494.0635369166
140.060843021616,35.968926720936004,156168237.8268507
139.989519194712,36.0493073850657,131566881.2614356
140.021005915725,36.1045761376377,1966929.249887696
140.23519212162898,36.7036536762258,87068041.51683278
140.192308470423,36.8042237515458,175639449.87795824
140.348484427932,36.7205085759006,128515586.90263103
140.388430132962,36.7910098927305,103585463.66178381
139.45165097358,37.34884718175599,134316947.89570957
139.323976255662,37.1620659000855,180846935.77462026
139.40952230686798,37.2033528006492,178493952.71558082
139.48345281307797,37.1348431916286,191789195.91451734
139.277498413911,36.9843817792746,310452296.57701933
139.44049059639602,36.443343685161594,314767548.6192921
139.39202089718398,36.2756194659276,308243177.7519583
139.43664856730402,36.1102614517161,295961811.3170905
139.53382376547899,36.099021222184795,255615226.837824
139.618459237752,36.979327306439096,291164337.90830666
139.48396691166298,36.9984431203332,180275632.65007204
139.393007241873,36.751695712875,337286682.90847325
139.363558563702,36.8892686085429,280957899.66943955
139.31663847617997,36.6617349248535,183778970.36174184
139.351795403469,36.545725201986,198471174.5098555
139.172033711436,36.633432751687195,198584561.28190365
139.27315197859798,36.426909485745895,109852808.11579943
139.181943643677,36.4661159183772,358331631.999211
139.88577921974698,36.866374947138,204782630.39343098
139.92501387255598,36.7395090173331,189228226.82114896
139.975419874785,36.370427617164296,97253033.17966981
139.953989374716,36.4698313277991,133904705.71611403
139.88628796220098,36.3166864378197,178972690.33013466
140.91792002201097,41.0846748162972,211722390.4414352
140.876389222173,40.98396166461959,156137072.91913652
140.95244293604102,40.710822959221794,450631963.810773
140.853957335586,40.795623536982596,157583440.84139922
140.872574640336,40.880258417981395,33245929.410364006
141.14462309277002,40.3833540103917,296245969.7147291
141.027268859367,40.43551098717239,205378997.39810243
141.12477151146,40.2256239309771,188988560.65223616
140.95600482648302,40.2003905698989,241210481.95693007
140.92105177880399,40.314008798939696,261920327.66468206
139.762216740564,39.9297183298299,35375556.90638705
139.862885599338,39.9822409783731,128954123.45785588
139.922422218414,40.131646696640395,247062582.28815162
139.788606268014,40.1585318141931,
139.89663040785302,40.290945495834,
140.046873415383,39.949852198908296,134405268.3534809
140.12310702792598,39.8027362303098,169165052.0606021
140.242183225782,39.8630861937099,389435841.1962327
140.25199589441698,40.0673485271004,384301621.673817
140.13423686816398,40.147480406777696,325495686.27279407
140.048190586986,40.0903340419857,122243011.27474405
140.70770354242802,39.584454968619,192805253.93488204
140.627952101703,39.6493514106591,156069342.11601928
140.83049560866,39.648765920214,162790197.83499265
140.82602261267098,39.812256787825504,378204385.3393433
140.703548324658,39.8282797283712,241097893.70801234
141.45693499179004,38.306886731553,18043186.16802698
141.44475915616198,38.367669922626,29231841.982871797
141.361015091406,38.348174066073305,91876170.37070534
141.303252714888,38.4291718578174,118109943.77804232
141.379332639468,38.437215849004495,58196926.6330273
139.171737127764,37.8789663155409,168319432.05785453
139.292592950973,37.8899358981396,247915.0977746911
139.183902661089,38.093327806914594,
139.34149528358398,38.146559789183996,
139.374197679684,37.9679083984431,251805.7429992243
139.852033827957,38.7455729192136,200435471.4974858
139.94728608511198,38.592168316874705,307762094.91092914
140.076854653626,38.603625705687904,326590375.1852299
140.14798836620997,39.2830529794989,200588233.3219325
138.593868720384,35.349142693537196,33693608.82460851
138.64153966614597,35.2122878520567,37253251.24070772
138.597241349754,35.260981861502096,15946280.278775057
137.6750134551,35.9661589390752,164537902.57467657
137.679557127354,35.8658205015891,122130117.5812167
137.624469313353,35.7713723280177,96970440.90558736
136.67091898458898,35.749024716669,212459862.10409388
136.75483970167798,35.8270314482157,161258905.73892844
136.68076530652502,35.6113418613315,160358135.66044635
136.776965652195,35.5757369675103,233269265.58659488
136.98630703929598,35.5839598571391,279951644.11400443
137.077671435276,35.6126284149966,169391453.310483
136.872962594874,35.6655475458876,208848345.98154712
136.86068296629298,35.7791591712555,123726547.3518304
137.102996175882,35.756925323862596,318265094.7365493
137.029209751929,35.897231957795995,328133234.38213927
136.91672518484398,35.8823356422432,142387548.13747254
137.596057108191,36.2550192161586,
137.48953220174698,36.3220055451891,
140.252978789451,37.0303555531041,148230754.90809637
140.26516299090898,36.9145877173788,227617653.50207868
140.34799234714498,36.8845189588887,108606834.07662757
140.348375712138,37.116431888943,145116371.9768194
140.436370318464,36.9879546676167,159755975.1503174
140.44893788491498,37.1040997619457,146808589.92307407
139.55897395687498,37.35665024903789,166991949.11018196
139.75716736221898,37.4733161819445,163040910.4813632
139.65487813883098,37.477373507837996,321851686.09437203
139.783804408248,37.3457878373877,170850262.54198757
139.57814895918298,37.2312586011234,183725761.17517373
139.773878844237,37.1852349682803,277486799.3865602
139.67879858654698,37.1306328833682,306408689.9726679
139.82953336489498,36.633985840372794,171470556.8566953
139.845614449959,36.5273994090819,114353552.75248282
141.13111281393302,40.68506159928209,116355742.27187186
141.06191777746199,40.78374743071199,194131483.60585466
141.28552238476502,40.8709405065324,207534178.57477078
141.22881835240202,40.7565597447525,276327156.2574207
141.223562451378,41.039683277234396,443755345.1368941
141.095525366367,41.1168157335507,430058327.8189248
141.02118409123798,40.990288660190096,182850072.80401427
140.28484546913097,39.4979287951017,240333997.9501811
140.51255514255297,39.598227528558596,241099232.30047587
140.500136021256,39.4575210659454,188220566.7439478
140.393358673392,39.3875031721017,326177153.11453736
140.37154508830199,39.7056847527615,347562096.886685
140.49247741386,39.7359655923747,230956014.90575388
140.51070590749498,38.9489075483838,264119563.05950567
140.407098739248,38.85114959748989,258764534.00277007
140.28100884616498,39.168291613116594,243252729.3645682
139.88393958039597,38.8862034124245,163890793.18404546
140.09696112277797,39.666586279666504,261896640.34644568
140.173956419145,39.4906874466423,335960812.68179613
140.11197231484198,39.40415876104289,143111252.086345
139.968546172224,39.7441875630954,274384151.50692445
138.67830798228,35.2648116548178,94499205.62953907
138.70220089275,35.438139868596295,132162397.15313633
138.64008760803299,35.3628358840812,114070015.00440899
137.360940528867,35.7541662451314,159061240.14689118
137.542684029366,35.7820162521855,168842659.00572622
137.454400298622,35.6790433175088,93643540.60844958
137.51952177249,35.680389530873995,144117631.59075555
137.591498804067,35.9757769828413,104451106.03848942
137.575690441728,36.0538695031416,96295798.42075291
137.514257192334,35.886082469523,89569268.7318311
139.72813686222597,36.656329655434504,222757644.3448519
139.629486044961,36.8355866446095,367222517.7271038
139.745789103492,36.8036311011501,263371932.04996923
139.524442397043,36.7171295628357,155809407.96120682
139.53676882427698,36.5247872579898,221803965.36761603
139.79918175702602,36.3503973350595,196558614.7908508
139.77993874485298,36.4617065956869,111740287.25764579
139.710594993255,36.227292132810895,220832745.04079157
139.621195120803,36.2577861807678,240918398.07986525
139.61537141989797,36.4506855965637,299096667.1279553
139.68552828017698,36.5315008092342,106811513.35926084
140.433378667659,39.2707824873375,166686378.8558124
140.39590183904997,39.179918058355796,188333829.63678986
140.51384702001897,39.0978723140841,127429628.43384601
140.60307778605,39.128475602782494,115998827.39604665
140.579808609867,39.2201666704254,141309520.04276267
140.302511235711,38.9131259205711,303568936.1956395
140.250262677756,39.0483177627015,298709195.0839395
140.226909709953,38.7711523523478,169991677.05780247
140.106465408921,38.771528084104204,369730341.2780752
140.07699833592298,39.035517298875895,270219917.0573761
140.008802592846,38.9007011885019,304504353.0192469
139.989314378529,39.373496221270194,81609212.35855338
139.754144457873,39.4236375826326,
139.922883532278,39.537626190298504,
139.740787427043,39.09149372634,528265760.22320193
139.867387932393,39.034968836061,120117096.07653804
140.025330429897,39.2523904397262,263051850.87863404
139.985086568019,39.124828609518296,227943843.84004653
138.72596853574797,35.276438666000395,45157117.15018428
138.837512220264,35.2421951266968,120568601.09175844
138.78414763392297,35.192862141488696,136616315.9345316
138.808241550957,35.3710401105765,103786091.91278647
138.75679753587298,35.3840943253578,60283162.34468285
137.406852880506,36.1750286376831,154291011.91268477
137.464129322289,36.070977614826,146116769.46263748
137.195984726097,36.0590240653005,302900258.59662926
137.430811181103,35.9714038961937,216093893.86828372
137.178154715943,36.2003019251016,262147456.58140734
137.27230941286498,36.2487567671328,164717952.97629356
137.251927194624,35.94577546962599,135443229.6200001
137.335322510925,35.9137514813451,333443830.9684655
