lon,lat,area
143.76847110172798,23.153161739937897,
130.88113346771098,23.667593406959703,
144.0305451717,44.5283231733549,
143.025193313607,44.96716006327709,
146.108150240415,26.147908645296898,
146.097534235455,25.994993521671898,
142.169911646994,26.929515394138498,
141.588438293478,25.5390853197183,
141.87972010571698,26.1671446428381,
145.516060881939,24.6045634472517,
145.80734269417798,25.2326227703715,
141.06857384178898,28.0999328136912,
139.030932113007,25.877357906076597,
128.404064506047,23.077746903175797,
141.545443520052,45.39475982669099,
140.918061644514,31.7580894281112,
137.19257184075298,28.785454548995105,
123.49796357853899,24.3114735055104,
125.105641471338,27.1687801446039,
125.06656594594799,24.7384207731804,
131.14132941884696,34.7916764157402,
137.488229861994,33.430275039493196,
137.894292005052,41.2031326233318,
134.573261241342,38.7350622287211,
124.43498779007999,24.3820576760541,
124.733822196984,24.5754101318748,
123.907786772121,24.273119080336503,778438217.8057863
125.748733372383,25.3071026136423,
125.52163684763998,25.2699379398147,
126.67098305819098,27.871783929527997,
137.11027031172898,33.1498612453437,
137.159438414427,33.185846486459695,
140.90142485835898,44.3368052683941,
131.87560490728802,30.092469597085497,
132.798448263723,30.655465482199798,
132.85322523214498,24.067757841847502,
133.83656506499398,26.5458136774809,
124.07625030408299,24.431478205840197,
124.376354797299,24.503252127730196,
125.558340263598,27.1963348368591,
125.858444756814,27.2681087587491,
128.076517570683,25.5568829121144,
138.252999397392,33.7699876638333,
139.020902472738,33.7517559238563,
136.52144982966598,38.7282225977526,
138.279012835788,39.4061730542601,
141.389531759454,43.9640650408113,
141.164338677681,44.9424139688007,
141.782827239306,45.4370971035399,35837402.32679353
141.39871006153197,44.814591140028604,
145.06431205134,43.955018901849,219539367.76673874
144.89424479976597,43.9205246019573,426306096.5641865
143.93005668488698,44.235056240981095,
142.857016486305,44.208473479189806,344854900.628272
143.064639681909,44.3148752712798,242632638.25351351
132.074819650488,32.6979266779869,
127.517295181848,28.5188066394528,
127.919224178262,28.717672700857797,
129.060288393762,30.019076786433903,
128.47345056008098,29.128885004514895,
130.83605572926902,26.716019379875096,
130.379770159056,27.4960242412548,
128.91084818261098,32.921937752305794,
129.36058043822098,31.3362943828341,
130.512816176457,34.568044413843594,
141.496717149843,33.7037836532298,
141.56949864763197,44.320150961991295,482056075.6035144
141.48752693895597,44.138855649002394,
141.84382476560998,44.754066658415404,295934437.7579795
141.612600287037,44.4838589415561,461304086.90079516
141.607629134202,44.6486792665419,
141.488092092435,45.078804483051904,
141.42644878738201,45.2966542385643,
141.25372070858398,45.20662731182399,306869435.6286415
141.663832506636,45.3389915154132,55083580.248288386
141.919771860141,44.8461038961045,214423972.94036105
142.044266802735,44.470896182295,704529932.3159003
141.79328698989298,44.4474010590423,137570346.43331182
141.887411763141,44.562486597337504,383043600.79606205
141.75018535048798,44.283693079477494,160661347.6487021
143.423642174736,44.157648918820804,290141756.19186777
143.387138638788,44.3003233132878,167388716.8198115
143.244043133103,44.148389926812605,316812452.91675013
143.207539597155,44.2910643212796,263611319.45326364
143.21912028563702,44.79660519113669,
143.570565904227,44.4959218998063,
142.70662154397,44.24267857867109,243508081.54803392
134.064325286694,35.8298089990995,
132.10204013816698,35.283260287436704,
131.193159745296,35.167518350121306,
131.88891876576898,35.67444890866229,
132.55363711728597,35.42378220084,
131.798422256325,32.0306474542494,
131.885178833133,32.314503744448196,
128.893897611171,26.0286653018238,
129.00298532130898,26.1261080195775,
128.09967311823002,26.8346830116585,301182370.70521843
126.473418723267,25.757336348432702,
126.782465642151,25.6727307925011,
128.483903531346,27.384713882070603,
130.727878261431,28.238354640124196,
129.496480506855,34.2187149312855,
129.00589207393799,33.38275084738769,
126.94527960912598,30.449097589053,
127.23281713916398,31.122789280146304,
129.311745182235,33.625369412438104,
129.514796085114,33.7876418052426,
129.495059955591,32.765712255084594,
129.519967071297,32.4087719963469,
128.81672590244702,32.7264889154775,218760005.57358202
129.073066699137,32.35421109798239,
129.208712966487,32.437987342186794,
130.369505888919,34.289863700030395,
137.791882470363,37.4319566526444,
137.473721316327,37.7003703885864,
136.113469601769,35.398332429738296,154548753.9255853
141.726298012794,45.1095994712451,411602166.44655335
141.867467551095,45.008375595645006,400816503.6697309
141.72931034819698,45.2797595768661,219772777.39068547
142.010232896466,45.1561491848082,458929594.7060033
141.988058090835,45.355478648535,322412559.7869145
141.848305080867,45.3778651649928,217490604.33964416
145.043913801369,43.664049942321604,123217197.10057057
145.110284296989,43.820629282821606,151356125.81741536
142.147043137407,45.0762900265227,449456141.1251076
142.350628916793,44.9026414074546,279580758.62944555
142.17527876356198,44.6078266218816,362282583.2694592
142.094370818499,44.7914542746132,171252385.6614894
142.178876750394,44.8738668158682,302116533.0956139
142.49250059487298,44.832537389557494,483308328.1252332
139.95588941135998,42.7155885496131,
139.987322884365,43.1590217431923,
140.298000290184,43.579046527846494,
140.02597335559798,42.4556684522223,
140.02336362992997,42.270857688147,437197355.9797879
139.78237097160599,42.4256275392807,
139.77976124593798,42.240816775205396,695581859.61813
141.784994529222,44.168423029302,236441175.64277634
141.66440697585,44.0138874524052,323772373.3710613
141.734149280922,43.877930020174794,498736263.84970295
142.84607606378998,44.021532119862,829768647.2614884
131.077459289832,34.46356678165169,
131.235243633153,34.5119793062484,529273709.79915226
131.796015810327,34.884667615690205,
131.700748194708,34.806186221947804,
131.54690788027798,34.716287233745696,
131.76619230964198,34.66962507009539,151603888.4854874
131.378058310257,34.6071367422198,562727377.6957973
131.374510408416,34.0714068748977,240976927.51153898
131.299799120292,34.3203797214564,271992517.86705124
133.75492576974,35.7658731923196,
133.903639120251,35.7993646101762,
133.37559587985598,34.3210365914295,
132.13529566894798,33.165518504127895,707439775.05181
132.354052647729,35.070048162781504,120079217.6866127
132.73169893598998,35.553703532407496,
132.347849708085,32.9015205705615,
132.28284062630996,33.0560281642569,447562797.00963235
127.02543990229499,26.4319019514594,
127.063310404866,26.297221169884498,
127.227455102088,26.3755620393474,328619499.65873396
127.67894350539899,26.738048941031998,
127.61738640839101,26.5274789494704,
127.98304699534201,26.779843902451198,334540265.32974815
127.40129063013,26.322364075009197,
127.539647329743,26.3670000569646,
127.546192851792,26.159417649614696,211668943.92878458
128.023897346565,26.5231289045184,117754190.17094722
127.99215810414,26.625940325681402,292682794.999348
128.195761885059,26.942642241655797,375057694.0511343
128.329869406299,27.123255769830003,
129.42400753821002,26.7522019159263,
129.20501313650698,26.4139378573818,
128.26208107581002,26.8639120111329,53276010.70970773
128.177194195347,26.7062614807626,
128.80482119970299,27.676420950446396,
129.61648573179897,28.8309938636082,
129.688454194233,28.3905881499174,323523176.11849535
129.796444877418,28.8216759918219,
129.86841333985197,28.3812702781311,208255403.74420655
129.886822395429,30.612071679014097,
129.43811766039002,33.2237081712459,
129.26791081944302,33.0648658503999,
129.466291456062,32.9261534833572,
130.02396500313003,33.6395562796095,
129.82491523009801,34.023689149480795,
130.154114376891,34.0860380389683,
130.485650186661,33.7777917656784,124441809.7421136
130.03014782478598,31.212199074605998,
139.550095804779,34.785561812595,147484819.6972477
140.11902030330597,33.7665580674939,
139.548181582887,33.2574045016092,
140.608932993804,35.5787400495054,
140.325765040098,34.6930454798202,
137.920295817744,38.0607020138202,
137.840297128413,37.8929042066124,
141.93995283184202,39.5848225181937,26709277.10836012
136.22521794581698,34.0624426140801,79971500.0163839
135.889359495021,34.305633499559406,114442543.4786151
135.757152297063,34.2339351451119,199262962.65540376
135.789879537345,34.3374212524662,113020730.6480229
135.846906397422,33.8270458944396,40359521.263791606
135.923171003532,33.80240541206759,72945282.42746474
135.783102535113,34.6696344101613,128059071.06576401
135.791987063238,33.9727005821808,119851875.22077462
135.80160814436698,33.883839871473896,130644548.87768832
135.50986045538698,34.0792987412988,210827836.45096153
135.668936986143,34.227223002726596,220661158.77734596
135.679270922646,34.087630776012,106622981.21507224
135.612874279641,34.0406302795317,255754595.48999608
135.68882971667102,33.840711887036996,168580763.3963791
135.612811992537,33.8825721012636,184755583.12077898
135.344601909561,34.140747755782805,116728780.90387261
135.276403700064,34.164807635220896,81350106.5747165
135.21300398733598,34.08789935315159,65063036.77784246
137.315083488363,34.5319243618767,
137.166585406323,34.524041280263695,
136.15850454782398,35.4777766578543,130117843.7401151
136.10553035244,35.538505247388,75019519.84523553
136.30352402775898,35.534393214632395,226795284.88588247
135.11634118458298,34.8504805614042,148620499.73083293
135.114964958886,34.7645542585605,137407786.26850772
144.187383826266,41.9036050960791,
148.418583170682,36.9470101884741,
142.33865394107698,45.1504834411059,71262840.20259157
142.257051768777,45.14651931522479,162695472.29992604
142.37949045368399,45.0353876065071,143018023.92028087
142.696596109947,44.3866811693052,355575603.0554124
142.503858898929,44.680586605488905,432531749.82772166
142.472847040425,44.397624455533794,385824414.8558545
142.35274517181298,44.5422525049491,491435968.5595082
139.84080715406998,42.000018215802896,
139.656949148376,42.1168462671627,169295109.22006384
139.471035608256,42.0934006202952,12244667.176062105
140.191466294649,42.470208818706894,
140.04682967642398,41.9764498258776,117794387.2788715
140.16924694347298,41.911124314415396,261392162.0258463
140.106574054722,42.123318790179,192483082.20575875
140.228991321771,42.0579932787168,334362837.4547082
141.04122264384898,41.6760787733202,341044656.7822924
141.50714265385497,42.284128554594304,
142.081921493556,44.2254329017446,599605484.5914131
141.947342016183,44.121102890455795,346535244.10809076
141.947900453667,43.9288475909085,400858375.3784692
144.802767028458,43.7475068391306,606455214.311576
144.90646378441198,43.6254217985223,293303013.123611
144.270124721349,43.3888710219657,418384818.96257496
131.661946058643,34.6193468897496,11519822.303754859
131.53070271762297,34.5578577479454,16107945.18633935
134.57033366746202,35.5276379925555,131687797.63832712
132.49585156975198,33.4987572212568,96908783.67750649
133.299972749592,33.86252405660189,175245131.37594122
131.902482215955,34.6507852525989,178433127.53633037
132.27739791730198,34.9170449492997,256843926.30056503
132.84268295647797,35.3945434563402,154497225.1160849
132.86990873362797,35.655678713202896,
131.40293985185403,31.676660696465397,76210970.18134512
131.368611305052,31.7650286747838,123927158.89376165
127.656974985804,26.1646783864884,8087500.076039582
127.68829996632599,26.2375800122634,16706716.706911283
127.710627816651,26.1497739190842,84369873.85956897
127.76338680689098,26.1782650543524,8726771.06672664
127.741449567501,26.2262959011207,103094917.8539151
127.86872410210799,26.2421813914128,11904619.94867449
127.81773355167299,26.482166452173296,50699037.87509829
127.88840175747899,26.538832866965098,178240845.16167042
127.7931440742,26.310403448524802,101076005.20854448
127.92014099990399,26.436021445802098,78581149.78396466
127.87090680381598,26.334944540503496,240659585.48626906
129.028039022355,27.9218443039899,
129.293959187679,28.5203290175331,
129.492122276055,28.7144601931407,
129.564090738489,28.274054479449898,
130.14362369939698,27.418182338223602,
129.720017437593,27.120631428956997,
128.946796974039,27.783392351236497,
131.168621309385,31.680760693424702,510093604.0422448
131.28439420760398,31.6595066730393,200128757.89972264
131.208275646888,29.3509193631918,
131.03960170263602,28.9581946729218,
129.640957417719,33.4536464931141,
129.626269839957,33.22715114591399,160013642.45154515
129.774984130374,32.715547080103796,164411004.68113205
130.245409569792,31.3737731095866,192609642.75782722
130.380340002066,31.360889523740695,211952179.3575568
130.41883626205498,33.6346919817546,224112752.41521728
130.589915162454,32.3931200536977,161186426.286476
130.573989411855,32.2301671136214,209989092.16693667
130.672576432167,32.2100079534057,250610174.5489131
130.685929723371,32.48563377839999,159506982.7739286
131.259290708205,33.4690225680195,134690559.84402353
131.14405369639198,33.7204110063282,
131.25741154614,33.6669895260105,
131.125424636151,33.895156739673894,307644277.3788076
131.235263684481,34.0591691507925,200877733.4801422
131.19864073714197,34.1806148206776,328651990.9311764
130.89101515610997,33.3257065307232,137253108.8505886
130.80213457839,33.3244200237201,243447654.30499876
131.338608498966,32.860965787445394,237717168.411861
139.610298760548,34.9435731728787,648009828.3423572
139.56762741477598,35.248022664884694,121887728.401178
139.69344790813497,35.1870380669544,127734823.47223204
139.74680266545897,35.070948919030194,262776132.22829774
139.59267358324198,34.562990708597994,
137.84866037867098,34.9033393906593,41056013.04956649
137.978237759637,34.6450205141304,36664346.79891611
137.606000197116,34.5060407651619,
137.442060016107,34.5290914828596,
137.876924508642,34.695762176456704,49053102.91566755
138.642408279276,35.65867709133509,51038475.10382937
137.52996111845098,37.136338504749006,
136.88923597404,37.5424447420638,
139.425568272111,35.808644703407396,121079961.77610642
139.320737992854,35.7100916220345,92069292.19465683
139.394107845135,35.7056296452768,111417101.4588747
140.479301821551,35.550742760514304,
138.166674057456,37.0239223904847,157006316.6182747
138.068569225587,37.336887340193094,
140.90102651153097,37.5730489750011,123383939.4383952
140.84265973212598,37.4732283970572,269266269.10943586
140.92380714657298,37.374372806604896,255130324.7687001
140.954007909528,41.5498579466652,280706120.043686
140.83070925395998,41.655013572051004,279078864.0563564
140.23876225791298,41.77478805407159,431299824.91951925
135.95455074524398,34.413978325326596,235654601.67865282
136.061786907222,34.447832091611396,189283286.5153668
135.893629721289,34.507659621593405,212134627.7651773
135.89787680987098,34.6258713269073,204514756.18123916
135.971880058806,34.671415419375904,128092043.08155128
135.22591765583996,34.9077657253149,106901561.92882037
135.656535743058,34.69560535647359,43358970.04430375
135.738723696774,34.600391809447196,76384851.21102837
135.787178664126,34.498390462601996,87802568.56273176
135.748619730405,34.436496919242,112793959.34933987
135.671716721475,34.6160746723374,80412226.05432284
136.49845544933402,34.1523323225436,
136.33924415205598,34.137239781282,
135.926798670729,34.187600101413004,182384470.46945098
135.86816528132098,33.9955926350799,181657849.417346
135.843664451649,34.117234971296405,195334526.1071036
135.831502727943,33.7576383105588,58689113.97929277
135.865392165327,33.5875584012507,50611302.73870092
136.038636419169,33.7735593126327,28917667.966085892
136.22368343595,33.8293359960732,
136.308514028709,33.944264264096994,
135.910872596829,33.6344618627688,37144274.54395985
135.93726715710898,33.730346869975804,69775380.81604914
135.894333927528,33.7061776881357,59084479.331685446
135.99214641863398,35.2484591005701,179521600.50563902
135.928146319284,35.187820229397,195610327.58278227
135.996301816386,35.3753007388044,109653157.61163798
135.713538782184,34.7825893412052,52995397.02230271
135.77309859893998,34.77230125778309,126846148.42201422
135.973360807383,34.7721700409061,145670298.5713872
135.613519145148,34.3415443431159,120839111.62652795
135.68003371302598,33.7299527993868,150340856.11511624
135.79475923932603,33.6053091160017,124854815.72634995
135.777408471243,33.7036731999429,146855240.92240146
135.50130860732398,34.202968020134094,118870745.66712546
135.42393035259,34.214403854436306,167906209.58296028
135.554916392676,34.3160602424475,62749114.85386463
135.518660791932,34.4178775197015,91451891.9512297
135.25294065327,34.2433372258098,118447788.42152496
135.12823916466598,34.1435846860614,91684925.17577565
135.18007320074398,34.10566275530039,16542144.524999311
135.145637164692,34.2439320053259,135400723.20637226
135.19747120077,34.206010074564894,25968622.954418987
135.157731028518,33.9268858164489,12050851.368901039
135.19920263760898,34.0066299072423,74164514.82602939
134.986984611534,33.8990181044988,
133.49538395985002,34.1935943739258,
137.33928666780298,34.7015153824119,105019770.09896608
137.587144199571,34.6814685446295,38914843.0510017
137.04180177926702,34.500329112717594,
136.943115092256,34.465416986945996,73707541.65724306
136.870809436878,34.4174715503025,128699149.46561868
136.15343493483599,35.6473261955382,108938375.73553781
136.10611882691998,35.7404868015459,155133877.71259114
134.91019179491698,34.8392050300701,116996533.7523776
135.01784533181998,34.98708956647079,180042075.0732755
135.026059596978,34.8918098390631,156241951.45318317
134.35005751728,35.882692707533096,
134.948053681683,35.6826420332679,76506430.13600665
135.09728086413898,36.6257162230839,
135.776765225574,36.0352826600118,
135.723738082152,35.932103320311,
145.02795342090002,43.1026680407928,95640321.43546747
144.022910455248,41.849444269036795,
145.009714281663,43.3790335898073,203058423.92249653
145.653045442113,43.29237797723519,43553090.43002108
142.80954251751,44.4824963368302,429287452.01081103
142.73690717510402,44.63177372359859,382353278.7799145
143.027191147137,44.444895538286104,305722550.4476479
142.89428629895102,44.6682410688327,
142.725548871048,44.783724507667195,
140.477458932525,43.219048680564896,244934383.9714644
141.08512889278498,43.776941503369805,
140.7543928197,43.6757432642058,
140.561056741908,42.6118893742344,516638352.7925161
140.18570736059996,42.6511096838112,350070864.93722
140.193732861303,42.926530327658995,
140.356181531478,43.0503487149153,
140.382934715892,42.690233059749,500647734.74030215
141.535842640236,41.902468013465395,
141.94327706605202,42.076753451178604,
141.213957042015,41.564127921525,
142.11233636843102,41.9989103426013,
141.895204623777,41.3484051672912,
142.25935682158197,42.459901158575995,292179405.88744885
142.428416123961,42.3820580499987,199084547.5591009
140.377141075314,42.2746514527326,435250411.56617266
140.382819977367,42.0881674473315,371187895.6375746
140.715195089865,41.85728397132149,22819576.775674537
140.786486863308,41.7785933881668,46420267.110872
141.66048776447698,42.5579459437836,
139.25817818279398,35.799289489688995,111849045.05016062
142.258146532623,44.1747082170537,317486502.1527308
142.528324702104,44.1870774830034,165898351.95268562
142.41609674268898,44.2706286133881,277114416.1676277
142.345423714032,40.3959034846521,
144.4774014816,43.87136518472399,384610873.25341886
144.61930111021798,43.72375957409459,317852814.91403097
144.28389232111797,44.0969785234671,
143.96268140208898,44.096591701819804,
144.63724746206998,43.99564470119609,
144.403870062144,43.970232548998794,49853337.76180265
144.89618098612797,43.3877530137777,306598462.02350837
144.81229468892997,43.49698797518911,165999099.6150213
143.985941192544,42.8417402521812,
134.023828766751,35.4897223841622,92540607.63910311
134.42781453080102,35.59697184647669,14723147.315951485
134.48632982202002,35.5776203014914,117291299.14968333
134.452978897446,35.441060312855996,162690936.8314601
134.368975052004,35.4910426217919,183865893.7895051
134.26540259695201,35.491446257091,144001646.83374712
134.310459760785,35.510394166777196,16630342.504078561
134.48521335367798,35.356974665595,201178984.60160142
134.397604052151,35.244617449107,349721811.11536294
134.867751866001,35.6170914189849,199447962.92432508
133.524970847532,35.3749383493803,214511219.76785907
133.10740585487397,35.9770797778821,
133.277641116312,35.781674863994404,
133.00145361115798,35.7126463135398,
132.35906828278198,33.3485188549293,232724698.8259092
132.4013532072,33.4849763204847,232645924.67446047
132.21599849119198,33.343051186750806,365004802.72817034
132.362353850859,33.6601456657983,411207869.57012343
132.70756376641498,34.3337829763302,233201358.0549851
132.565385642316,33.611487406444205,146715312.8791267
132.63409752710697,33.556549516116,179860946.06798857
131.88287386032,34.541588297053195,176375475.16825598
131.748492689781,34.5567306739974,189893466.25793964
131.723499376029,34.413720607767594,432451065.4550257
131.51675106626098,34.4432518573473,285915587.3140923
131.62300109352898,34.361730932921695,314947233.39972794
131.596486115292,34.175331445068,214267077.71016732
131.428662146034,34.3009312668297,243221938.57067758
131.466750486819,34.1734040901561,235562726.6673623
132.01973930574,34.8107198008779,115294462.70791675
132.002188897623,34.7019809951793,190646039.1776602
132.115006921359,34.8892011946203,109516007.73065765
132.18537318402898,34.8324024600618,217536878.19604537
132.626586134988,35.267021932767896,112783008.19151902
132.758363692581,35.3082748687284,159364385.6740954
132.611980002414,34.6724326013142,237044300.3768322
132.920112099456,35.176665320666096,128978936.59410727
132.76867094175302,32.8513066084599,118929571.19664411
132.67667078268897,32.77716183967829,117097376.50165612
132.382217860926,32.3616991601013,
132.245240246724,32.355990630677994,
132.917501157243,33.015435926886596,103857176.8033532
132.806393875749,33.285914785295695,145021596.99370617
132.773304068394,33.377612123978096,153203267.31444678
132.710067782655,33.1876101927381,128966687.00297509
133.34508506790897,33.569447025569396,150826091.50603947
132.72373114951503,32.906497943107794,75116620.57633571
132.631730990451,32.8323531743262,81872164.75475056
132.45105979604398,33.136430519883895,137997591.9626002
132.44658463027199,33.2513885279334,187364748.19460022
130.871796668151,32.189709027501294,201038640.21771464
131.12235186345902,31.8459684453306,305386234.3590441
130.96376945995198,32.098509937989,325182559.80971164
131.561076706587,32.173724599104,
131.509830338403,32.0876701947384,
131.40221053812598,31.880087211112798,202526372.66917208
131.348212895097,31.5477174330813,92113259.96978447
131.28424801889102,31.511856928157098,152623997.45649374
131.21334365337,31.165862486394897,
131.08645390361397,30.8913421761714,
130.89220303064403,30.7937184661854,
129.734904595395,33.1308887044542,181160940.71871963
129.745133052447,32.988733362743396,201005990.37006938
129.893289561981,32.914737999686395,220243118.26780736
129.803640857748,32.8794163338729,253747843.58562595
129.875108530266,33.5705639591982,330765654.533986
129.74537271847802,33.491599165134,
130.19597988658802,33.5707254357156,122080427.8989707
130.12942427281502,33.4403828382789,189563544.15003255
130.192567154562,33.364328325490796,229882435.58713475
129.840253419459,32.2223282865825,
129.86383679755198,32.5444409290968,286870292.85445297
130.51457367068997,32.472498548721,302549807.59740406
130.430438515047,32.742639328941294,228697226.55811453
130.528202994288,32.6839237277553,415645678.3404703
130.02744348858002,31.729432425431398,
129.9779599041,32.0328520637664,
130.106017810362,32.1756346670781,177510973.30297643
130.43599106307002,31.4406075054786,105273270.75049408
131.065963856157,31.5882718492341,214421025.4672982
131.127554553138,31.13387350128,
131.190479426688,31.3725333065793,146500928.9748249
131.08796816217298,31.427694207270896,308491956.1753801
130.97504162595598,31.413006662505595,258757339.2763792
130.48253046199798,29.665752364409702,
130.083407631606,29.404662739983298,
130.13983233523797,30.1013459020329,
130.379353484061,30.361462207134302,146088805.4595632
130.286174922849,30.5442112677339,416093402.99381787
130.22372103552897,31.1519296504845,
130.18997920338296,30.884222358224402,
130.46109490243498,30.759128310213598,
130.32198241840797,33.077655193337705,408240476.6234631
130.902963284511,32.7927219401793,233688099.9907892
130.775426396142,33.1730447317632,317346204.2526211
130.859036214324,32.305818138429004,144147708.5266762
130.749079664412,32.3228562821109,133617768.95876785
130.746507205017,32.4355291670289,169986028.66416568
130.920537266937,32.4512996614884,318035408.7080412
130.856713299972,32.5460671307937,197320028.57054064
130.820354732859,32.7388898959221,167924275.9996455
130.830390055893,32.6504410743555,156384167.09927332
130.71655233080398,32.607527974761304,110393347.93100695
130.634167093485,32.7264394290933,289512118.44894314
130.673895983532,32.8249927121127,157392174.82684788
130.532635677642,31.9269402930027,195031487.84838834
130.938868583622,31.637600052920394,156448372.35577124
130.89122767818898,31.532608684440596,152240075.2304433
131.467504818045,33.5708583120933,138005687.31299725
131.447197928937,33.8986587121083,497897080.9342679
131.389142788365,33.7253037180081,518868135.8738549
131.030957200506,33.460670448315,218674382.79461628
131.047191826881,33.582764704335,126076250.37960555
130.917575126514,33.450413875741496,186694353.2046882
131.18079720834,33.3800810523939,170894391.05186504
131.072855916882,33.3625264180329,193910522.8294257
131.048553840666,34.268728197791994,166375147.64901468
131.105179800837,34.17737582160989,129192107.24235162
131.01767782857598,34.062210329644195,168497723.90540832
130.846647030033,34.070220575872796,282210273.51699686
130.961051868405,34.153562705826296,204087318.8243018
130.932189098304,33.6308363710209,125336186.1208911
130.869602350938,33.553529854779,152738137.44044667
131.80864863691798,32.686396030167,
131.01445469758798,32.7589089534828,110972835.41301876
139.87397500362,34.9550602490562,10155130.41392125
139.88019131526,35.030025337131,111462232.50478673
139.83020610761398,35.0020281577956,41318426.13771536
139.99354376221498,35.0826432598125,77974843.73715426
139.91498517219298,35.093258500182294,89035460.16451328
140.259295397727,35.593676620032305,123874021.798903
140.346533226405,35.626409560410906,124168969.35022917
139.485660648939,34.297109741687095,
139.39146335961001,34.049476390832105,
139.497598928325,33.7308979565283,
139.790240651226,34.5984426453831,
139.652545628772,34.295463703974,
137.758723326609,34.6914078032709,34746527.11922021
137.88672544845,34.870846739916,34811268.65903911
137.874882029577,34.8219657934995,52680159.97966397
137.941619685144,34.733780634564,49904513.56086428
137.986697053623,34.704122430347695,65697819.425682396
138.025394596815,34.7190647509662,11453611.85871221
137.939856258171,34.7915872246602,44480697.68331318
137.828101824732,34.8049605115311,56970935.97000804
137.82838087682399,34.7365634845845,67383730.8438423
137.78152607943898,34.731578422807196,21385010.37069659
137.780201705223,35.0568569893641,171493075.76611197
138.667022720919,34.824400256362196,148104899.1442406
139.306274472684,35.6040486020637,93918834.47268872
139.00402168431899,35.0417777987673,41349228.826037034
138.92466544740302,35.5403813094297,122666385.1059669
137.623710709221,36.942463737164694,160349010.02230033
139.514970277683,35.6282625927558,139941333.2366553
139.428061169463,35.6125079050488,102773544.951658
139.372837425723,35.5366056646986,88563885.86176148
139.573865044284,35.7071280177579,70691904.31531252
139.572944149716,35.870080647865194,168092266.36391586
139.51841636304,35.7943883881815,174427972.6060005
139.635555417963,35.658143535029396,27252085.992807165
139.696270649166,35.6969785441401,167500168.51707804
139.853195035158,35.8685708245293,117755290.492678
139.683500366322,35.8602366067011,131058775.59945385
139.73714534462098,35.8078230275832,99591870.12221874
140.081325793134,35.5461555739455,144038904.6117531
140.353939479039,35.527644171937496,82050628.85214002
140.376160150083,35.4320296546788,152250610.08870628
140.30978530156497,35.3140518536388,111031294.72376838
140.266701650361,35.494911231558895,70832684.58343749
140.243677949628,35.4143420859459,155481167.25927228
138.84653559783598,37.6743146307561,112989248.89636682
138.63918886791598,37.751768375940294,
138.697017657792,37.8321463050102,
138.43771671714597,38.1316227257064,119088695.58367962
138.47278791634199,37.8008415104694,
138.294248455407,37.8809926532202,8856051.802335415
138.360446631594,37.96344355797179,86405521.71233574
138.330680458509,37.1279158800957,162167762.23349825
138.211635624183,37.145816060232,169161250.05511186
138.22179599471102,37.398863990241594,
138.28214536583698,37.6168309713636,
137.70106017350102,36.706307893110896,353399720.43703
141.14188612649397,37.80844567797659,
141.146879250465,37.6843806123906,
141.257792114736,37.4277003066549,
141.09041577404398,37.081996147861496,
141.88948410255298,39.715149527522705,141497949.18463132
140.699287104156,41.6452588682856,336541071.23741615
140.39334575801698,41.74422358682399,311472608.2846782
140.64426906317698,41.819038301937596,173773488.359719
140.477659099173,41.910734015782495,326945998.8365877
140.59238142912602,41.9246772899823,280366921.3217395
140.62137305634,41.4464185863024,
140.43318658353598,41.4943232263593,
139.20698543924698,40.1033082434358,
139.67861367837298,40.8559972660059,
141.82933609128898,34.847504851005,
145.988219574681,30.177614459747698,
147.096737995086,35.544152059983595,
143.089353143649,40.59966190643879,
135.096792179679,35.043449244939296,169534820.71669814
135.224090961861,35.1836172410712,180196225.11928156
135.214582916094,35.005454681442295,120717045.86209059
135.27807257316,35.0784454799658,162876157.04408097
135.277019638464,35.259667897244995,156691412.46005806
135.594029347656,34.688796464430894,99221050.54999483
135.525999221349,34.6052952483876,87603625.96657312
136.67109185063399,34.2749458799616,41069071.451895505
136.607026814445,34.3342741205442,108947226.04140894
136.007522847504,34.166931149848196,146564536.54049528
136.077319833774,34.3188183142794,195857275.00661346
136.199141707035,34.1461740857622,165532717.80837408
136.190737614195,34.290564401286595,384637487.15143603
135.97425186826797,33.80951909429489,42923334.201587185
135.958532597019,33.90847299658169,89748164.60871725
135.944577722646,35.4471050793189,132770082.80352926
136.008771312645,35.530865359786496,118008998.16951552
136.00954363540498,35.6543711423064,250583649.92804188
135.970866250197,35.7685077111747,180962108.36011022
135.55475086256402,34.7611045259016,144608964.6651734
135.839357849019,35.2281248401995,118808381.3303303
135.735658746633,34.8673499123004,46639780.61528325
136.174112613528,35.3327238165891,138833546.7224397
135.83980408439098,34.8527157325314,101345761.81145632
135.928122121704,34.848481451001895,160239888.64475486
135.80922199290598,34.9212659451579,46718843.48291116
135.925798734066,35.0506165438044,161009258.7339104
135.98713252007403,34.9613877295782,158196165.56361753
135.645487997943,34.5430064002287,77531449.75109534
135.562276893219,34.5390358683216,103442129.34180921
135.551652832398,34.4736279194373,50323003.5519483
135.673936039521,34.465429993978496,71503815.98823941
135.62592270800099,34.4272961224137,39985912.15520493
135.777003065121,33.4897799827371,4325616.789009826
135.75553824181802,33.543515938604095,65780207.89131226
135.441448490601,33.992589743399094,111795895.51666464
135.43245588328497,33.915597950015105,91443054.1443583
135.353568199509,34.0426029235809,87199296.97983675
135.27156864028498,33.9853933571097,158793033.24504396
135.414142814775,33.793145939440805,67252211.7118734
135.537224961996,33.821247301356905,73943833.08770502
135.473629028892,33.8568754015239,103272908.3580759
135.699774625404,33.5347568925963,74361652.13468662
135.721239448707,33.4810209367293,3253832.410190512
135.10020333519603,33.434768327786095,
135.295141872726,29.058918998481897,
135.826781366793,29.128852998049197,
135.300490657794,34.3262510755956,108123421.58089617
135.444404801607,34.411759026612,157757483.0305313
135.403282147617,34.3213775836602,128997568.81239022
135.238605593586,34.4698533006036,284553224.967693
134.812415833491,34.3890329851101,108831461.739247
134.917081592535,34.7503966287984,112744183.57157823
134.87166544127098,34.64654131136879,185191767.05120268
134.347612711785,33.5332170219321,
133.498800424836,33.9902359698,144787283.65880576
134.26355321857497,33.467447551870194,74650052.78099224
134.30466745673996,33.6418991746299,113276616.78563845
137.14125346977,34.680788329657794,187791746.63195503
137.231478676347,34.739674667101795,155941040.6687796
137.238844912983,34.8300274542528,147515805.95750725
136.801985393304,34.589455554182095,226212422.1615537
136.669603976103,34.4025772962102,87950779.79898825
136.872062838192,34.6727972745099,135814712.41181386
136.910094447984,34.579659413227496,147814029.4573561
136.982400103362,34.627604849871,100499376.34203473
137.02814538504302,34.7112488366358,156037009.7485263
136.583493048057,35.1243467580456,143078115.60176146
136.610319731787,35.3313827970378,137114816.91136277
137.179431101625,35.222607444660895,146448246.46988708
136.223305593738,36.289771406592,44815480.08860004
136.10998524024,36.194873282353505,29094777.596843474
134.823555326097,35.075896245248096,182829154.3270228
134.881486959021,35.0003857627182,145947981.76771247
134.833555249338,34.8991218464559,162980975.68123728
135.133370174847,35.65887851519069,161813978.30654958
135.232517119161,35.3883606623481,215133545.88739187
135.26061832542598,35.59126405931249,165576525.59433585
135.31644079928697,35.4516469824165,162200703.33875525
144.84857882682,43.01997547054349,76347084.3615055
144.93243062413498,43.0985072032515,148117395.12522024
144.848205754131,43.223835230195405,252043155.84552106
145.10525363343902,43.1691410101644,202750877.32458445
145.100367498768,43.2732798312408,204587739.36871055
145.288491351168,43.1614668646557,212693630.95278156
140.621725281114,43.1396870245242,321176795.00522166
140.75191762391097,42.91010800338899,303671598.2500757
140.89436895402,43.0351408315224,254350941.9727627
140.71820313569697,42.66252771156089,137286460.20765248
140.756772168408,42.764687352908396,254627652.47988182
140.81661900645898,42.5809407960684,55045867.26743511
140.913902073846,42.7197446432955,234510956.5597112
140.919052802055,42.6197691395124,107570381.04756495
140.41139660941798,42.93854256764819,141289431.91228786
140.44617529453498,42.853847556329704,311478611.5953672
140.60401565892,43.0372532769234,106298078.0389557
140.638794344037,42.9525582656049,247021545.08868402
142.23642631486197,42.5833335004407,298287078.36791515
142.13266206899098,42.7098241784412,
142.24656705401998,42.876219546573594,342066642.92908335
142.39577091880798,42.8618416168437,193092445.294792
142.393755063747,42.7197714072855,260284097.1578784
141.98873534310297,42.7105582843566,
141.82797154775702,42.617820116100894,361569660.3433905
141.878895884814,42.8778660782373,377520505.88662803
141.44279977545298,42.6552395211195,223030096.68889886
141.267049278927,42.6593544065898,316075118.2477816
138.737944531362,37.168578432100496,263286239.96002665
138.280280519007,36.773745038055296,220187587.4393252
138.27865429831198,36.9042405591981,238829124.12786642
138.364874732073,36.9847926001884,318519365.57199913
138.8961193323,36.411610615452595,262191527.0976379
139.25857749619198,35.8926059417772,146566016.79917422
139.345665869817,36.0131287952865,144025052.72496653
139.35259773322798,35.906423132253295,160224713.3606754
138.969028337337,36.2927203773321,155143224.6987169
138.482226715701,35.999639855982,151048637.9802012
138.568475159994,36.0980745305301,231692099.39369258
142.679724837243,43.92702909610949,314147548.6392257
142.512368417892,44.05836935976959,188822190.47084704
142.486171197876,43.00776362684999,176138911.59404317
142.248818112225,44.0161119575991,190294076.59585238
142.390812038079,43.983324230699694,406387999.87027866
142.038411365004,43.82004250750499,326515162.67490464
142.159297318533,43.8695212448031,116680579.53838848
143.21258583248098,42.244500780768,265084817.8381944
143.154434274885,42.1392649440708,281594384.7996071
143.78221109759102,42.5854565734455,
144.141176717439,42.68620439532239,
144.339520517742,42.709336912172695,
143.418329349405,41.5346448731247,
142.79489351922302,41.1924086974983,
142.27350075371402,40.764192588725095,
143.02767816843,42.1410474881319,227517116.13643473
142.391087903823,41.5904583138891,
142.12758624995698,40.9419891862872,
142.60866706706398,41.4754901368566,
144.29055791449198,43.8421641131232,364683112.3057751
144.129192975933,43.96605680794799,251995153.2482031
144.21702649503598,43.94103147739799,29740432.303325478
144.705471042363,43.111413963113094,223021145.24370128
144.723862316385,43.253438750213995,311104704.57484704
144.442786973397,43.3449332618478,296469405.13064116
144.574111399641,43.4492537670873,269104143.98021376
144.682539909039,43.4161997398206,134496194.8083044
143.282830420653,43.8605016498528,233938610.74793807
143.18141885949,44.0210252442213,275518353.76929325
143.03787281553,43.9429643314266,431005808.4918071
142.867059701883,43.5795559902285,238205261.6621804
142.74410622846,43.7711975661543,247795180.3100642
142.603940096475,43.710618281688596,421528476.45304173
143.335096983474,43.2915725354541,189385193.31124747
143.362514864745,43.451076193493094,648696311.5705949
142.997926137264,43.4860865611062,
143.07461264117998,43.667834648479804,
143.233951515699,43.6474732931523,
143.354943865254,42.3287094463926,100183431.51968579
143.45864637396602,42.448265203287896,
143.295208989339,43.0621100406651,330747155.0298291
143.525431674768,43.1430159532647,118946511.86173853
143.425815074091,43.1789686566348,283426602.61130506
133.84855957209,33.92621243879339,138766697.18365297
133.614335666823,34.6424142437835,293299859.96920604
133.94057661613198,33.9866347869543,147373648.54105258
134.840620832709,35.1859562448141,172161084.31967315
134.712507498657,35.2501360958538,169394299.41986206
135.00449397375598,35.549872660533,170858687.23636246
135.10484987049597,35.5479469794537,229816719.13893968
135.148174340949,35.4170462035071,143544524.88951805
133.61179595081998,35.423221533579,215065898.07594702
133.589709176385,35.752721309639405,
133.464850653486,35.757298965828,
133.367956893831,35.1643076315586,193168199.63419703
133.506101824623,34.9874066320944,336303011.3980614
133.547920082379,35.2625247658629,175142440.54978007
133.453101211881,35.166003169987796,260578589.58648577
133.37246025345,34.533692511044094,170936656.94267866
133.41103896519297,35.425593098065505,106662511.65333995
133.310654531307,35.4982521804306,174130198.8352205
133.34884388199,35.3114839761189,150268865.5617116
133.02620951532,35.4928900197003,112372629.4116408
132.94781908181398,35.4082953573459,131060866.14505348
132.972293654112,35.3095395085851,147853460.83535028
132.625978785729,34.3356091220307,149860472.76925498
132.20531651283,34.6899570066984,131390340.12889385
132.145793382405,34.50216318895829,264884897.42391056
132.117399842043,34.6380169355583,266590513.35615376
132.254536493673,34.4441639817924,141773821.11380443
132.43526031948298,34.07662089244379,232276019.87586436
132.58641829884,34.1946537786414,196453183.05031005
132.507621092682,34.2200798604456,148265353.8494498
132.44582885585697,33.8602000640244,
132.554362284762,33.7977609038982,
132.942446535789,34.7024383894353,191608731.87645328
132.785576371041,34.2397688230191,131093632.39229351
132.86939632820702,33.6661172055846,153538919.11351368
132.712030976316,33.6006707912139,158730021.75698408
132.873064011402,33.530975393117394,134746762.9238182
132.79158241704297,33.49015962676889,261903725.4079402
131.35741074522,32.9922867130395,112153718.6877472
131.53971130667398,32.9093678594208,121083444.85361464
131.457986503305,32.984897484369604,162714210.58272105
132.14229368240998,34.2137738674413,165244468.05991
132.237979942827,34.316092648873195,136034781.0502082
132.33110660922898,34.117266408152396,389515334.14994335
132.32493528975598,34.27962152701679,205638375.397662
132.23993378742298,33.7382454200418,514103342.7765168
132.135863352174,33.5576084065497,
131.930526771219,34.4198455995405,196942518.3052416
132.040629119883,34.3967232013449,350036613.74195117
132.053685970734,34.2364052127471,264860149.40585452
131.837792308926,34.294594740879,230194113.18598852
132.619017308613,35.1427537478292,186534171.68189344
132.73914020845498,34.892550889284,145780383.36500454
132.81144449397001,34.9520336844096,201682862.75860336
132.750794866206,35.184006683789704,271530750.56299335
132.828482016714,35.1180578016708,252404928.98047927
132.54765394566297,34.8059251633896,232075600.87380597
132.43682756607598,35.033333766255,141753417.5108523
132.36017283564897,34.880330552773195,187564894.61401004
132.548462988084,35.029291424529596,358688143.4887213
132.60773638681798,34.9195663404687,194827237.66291237
132.95095627806302,33.633821030191804,121453206.13046922
132.954623961258,33.49867921772459,99160348.79142103
132.966670153185,33.4129905124521,90103862.69620685
133.35853091318998,33.4705968445761,95850144.97719815
133.45763783483997,33.4908444052842,106652228.78858215
133.237637230434,33.372933070930195,9200663.120701281
133.22459800448698,33.3077723286561,4645288.348703709
133.29580263331198,33.3998617524594,96663966.50225736
133.28276340736497,33.3347010101853,49201604.671303675
132.924328014489,32.937300537206994,103234914.88753423
132.90645342546,32.79249455225369,92580876.1434838
132.861475970322,32.86093079161199,165509789.81453866
133.18631346998998,33.2684204212404,35552831.36071784
132.76317777112502,32.979661644006,81574887.64772551
132.845533434735,33.108581479399795,87266233.04091223
132.85845605901,33.03839641794119,73714423.52736329
132.73619561627697,33.10597331657549,103316193.09194715
132.697243705191,33.0246634380432,156509817.6623145
132.522090662247,32.9107022059728,87758777.83683893
132.584434447245,32.873448031096196,134408419.0692993
132.610500540375,32.992594593914994,91622779.2071292
132.51819807487797,33.057012935769905,73799448.56895383
132.56648232930297,33.0758853720042,91821801.88715692
132.644841792573,33.23343397790129,160651495.0621489
132.57820467695097,33.190948977826196,83621814.5890984
132.664763426877,33.3503145840051,106292345.3022153
132.605108326317,33.418740811698,122958269.75800987
132.532427271816,33.3979457774094,113791433.1315621
132.52544525675398,33.2870345496414,103300935.64032643
131.01257773197,31.8578662164345,93691299.33680409
130.96062238802398,31.960323935304597,141430897.45306635
130.93175190536098,31.741986668214896,162882606.217662
131.615156831367,32.393526530379305,29446198.441263087
131.673087944343,32.5227750279036,61178213.72852314
131.56885318552798,32.436331026168304,97128952.99161911
131.420130489285,32.710321104087,301884787.75589406
131.52065753890798,32.766112404732304,311445770.58348227
131.62575174510297,32.7011590827141,271969325.252207
131.626784298504,32.5655795236926,209226053.45507425
131.47749701539198,32.005303106271,35670950.70901665
131.462108431071,31.9557490551717,20273283.701746996
131.07028925357397,32.164549240731596,317978204.1581213
130.79160361492498,31.509793590511496,165444953.16301048
130.822193862261,30.4340437772514,181152348.63747033
130.762142198028,30.6698629909716,
130.685650171329,30.3358822600515,197357372.15396902
130.582213422705,30.624830629658096,
130.52604848976,30.334908940726496,172042052.20425352
129.81803971438498,33.1751938881594,186529964.95343852
129.81382025970598,33.30940900163909,329321790.12543565
129.91791687566996,33.0683602122621,131598902.76349302
130.308321411312,33.3824878590225,243741869.08532318
130.379704705602,33.2362395053205,233848973.73055318
130.408086447144,33.5066270575278,251195207.85322398
130.317716108415,33.5185471080702,191838258.6204429
130.140354789654,33.2184538637292,171739804.2690271
130.19838675920997,33.078029085278104,367580148.8515151
129.99498174507897,33.076722228310196,174712285.4832592
130.030822360659,33.19218283709459,155733895.52871284
129.96656481372298,32.525377381975495,333363239.5898809
130.23829834765198,31.5246870436839,298827801.8002036
130.23045977825402,32.0997065379837,168742898.0251897
130.475388606255,32.1484818079689,280439070.14366
130.452999288744,32.01838899088499,218534302.02242184
130.535081156403,31.474593979157998,132888001.89889067
130.61272378803,31.472055264388196,85780551.84267499
130.931312982591,31.3057317300717,211535487.0454774
130.801949120271,31.3849300934433,176591274.06388023
130.85983523774698,31.0309883161608,
130.98131464525798,31.081759469537698,
130.53177429712198,33.027025010529,117085710.7289906
130.67744521190698,33.1295698060239,195580282.79425225
130.631698553697,32.9419486210188,177712427.71831557
130.69865697718498,32.9678773745508,107043704.53068179
130.34439395036398,32.917058832246596,154011038.8545765
130.39894633458,32.813079070262695,89315336.91504562
130.436515447293,32.9379931416063,240362334.8725199
130.832588216055,33.0626259197487,128610260.60865436
130.864804504104,32.8996357430631,168720388.8472723
130.782279114135,32.946479035932,107490607.34357621
130.56058998193203,31.704581711418,177785577.7970017
130.573176079863,31.613977647063898,72854039.88396388
130.511369267829,31.573872195010196,153435024.5879656
130.412279174496,31.539885721330798,113429865.65607771
130.425994499493,31.7901402677067,56528888.961008884
130.489852413063,31.7994861840216,182979942.6004013
130.37216297318398,31.7263262954088,107893432.84138016
130.349516891352,31.611081673690197,254908255.59107965
130.73493029282398,31.5652987121109,62992586.438696206
130.65286414692596,31.586227008071997,23892069.333035205
130.668699966519,31.543582841248497,33950758.54263119
130.63929703044,31.9091715113919,196394820.12345737
130.854334611198,31.923820586337897,206683656.7988118
130.844480313393,31.7803872474396,280484580.7259759
130.706966489484,32.0473619556321,370081829.5872263
130.796230175556,32.0441011734096,169471267.1723564
131.947873669689,33.1779353836491,548593269.799299
131.193417832818,33.2572963374267,175791674.3327392
131.18231769627602,33.025870695638694,142690779.39717346
131.02046224677298,33.858259143135896,159154248.0651587
130.986164830191,33.957966657387296,139436828.02105898
130.924088578437,33.7315850764761,181350749.41058037
130.782122529795,33.8872056335307,189815240.8564136
130.636517198451,33.7986024843984,260295795.75306508
130.865014369782,33.86630409122729,183259085.73118556
130.835104384413,33.7476182999934,165960073.91066357
131.235492968217,32.84300261094269,294537284.1866779
131.173238544282,32.7535521978786,133431347.85896201
131.157437247903,32.931599670683994,117254446.14344898
131.060825310063,32.8855103377449,69368416.88554662
131.062784804094,32.815516647813894,78041336.76554248
140.36100737217896,35.8268124244536,78790864.21237913
140.376121600605,35.7174715809648,92038933.7402853
140.48666952470697,35.737419298326905,188287359.1568382
140.08719581607298,35.077836993153895,84485854.06159863
140.12985626293502,34.494075560801996,
139.931738640012,34.6686325186938,
139.87252887158098,34.041081603394794,
140.114221369914,35.438144340149094,124395703.5980904
140.180157352323,35.38501625915519,117955456.32937445
140.14449173257498,35.1879417149139,184413424.55899036
140.20111757609098,35.2467765695067,82025031.90566324
139.532315646306,34.002938767393196,55609279.8491607
139.559965960998,34.0089323069793,24776674.897640947
139.49598498640202,34.0819124272374,17983843.825733636
139.523635301094,34.0879059668235,12312189.603591029
137.66657710215298,34.7053527723012,28596509.817535646
137.71117970144698,34.71812490995969,33908245.45916868
138.342136282812,35.1944464777059,146498636.18017784
137.95149957038998,34.870720869170995,22579026.879713796
137.97506942983497,34.8320240519064,39146934.58178229
138.03598863397198,35.3949098640291,311309171.3584722
138.281171756541,35.2673113264923,147938621.16165534
138.89326705089,35.439809561610296,191757823.7661041
139.351009228761,35.3374892416656,77432735.72047395
139.303183641798,35.3894705783454,66493826.096047595
139.419385103823,35.4096517936887,98726386.53648844
139.37155951686,35.4616331303685,75141661.5181664
139.249456501716,35.4018128926572,89349174.65384038
138.216495514812,36.5213263604475,228310112.87172246
137.73302571995998,35.190973276060795,239922699.6707616
137.809696978734,35.2702491830106,204582991.02350843
138.39335840342102,35.960254283266494,140631360.48298958
138.31678901779202,36.0006603809193,263009919.5691591
138.166350796452,35.57450349253679,
138.14956917478202,36.141535912623894,143075852.09791008
138.206168747592,36.369112343371505,250840070.2057644
136.71243106629902,36.8235202970316,83123082.33782503
136.82871995291399,37.459458226212,
136.256792464716,36.916171808287196,
136.00001427177,36.384251249662796,
136.40521652082597,36.5982642655542,
136.53580856031599,36.692485551816596,
136.62279922038002,36.78212850729119,
136.700135425986,36.93659744085299,
137.060718807375,37.5725021710203,
136.937489634858,37.5590706519732,289426345.0031688
136.927456188303,37.403046331632304,13865526.173690885
137.284884335247,37.223595194874,
137.13380317820702,37.3913451252033,152418122.15949896
137.042485064265,37.2837322912296,182458597.070855
137.039982257904,37.1128326948984,170344605.17191496
136.91804793922196,37.0107594019152,243018575.57602873
136.837916499834,36.9088770571686,236711219.3593657
136.58499382129799,36.5199297064602,131252949.33829615
136.49800316123398,36.4302867509856,172225779.06159127
139.594685941986,35.5452347700351,107424904.59811647
139.52618866906502,35.531238292156196,122324952.39621924
139.6023840321,35.469504734129394,82607324.52118301
139.47133297851602,35.418911043671095,53973243.916554384
139.536991145376,35.334147889167596,109630394.28437902
139.599544926039,35.370745101747,113462058.10940397
139.703572642227,35.433652785682796,122280909.77821966
139.764000248862,35.2373113427907,140310487.55262855
139.70073353616598,35.3348931533004,139810510.20679942
140.201720842425,35.708175913624494,248367005.35907346
140.11271092097402,35.6880959321568,205937172.84903172
140.058780707868,35.768861898419104,88418402.07219808
140.040326693454,35.8632142879032,107044511.00273162
140.232410813121,36.4234673909898,287937470.67890364
140.272127891016,36.552553592078695,148744611.50445902
140.378215244553,36.6194833557663,219271717.91335464
140.484342870729,36.582607116759,264624785.30594194
138.99060390956402,37.7266755668055,86727212.38885008
138.939398317302,37.6725720150351,141458102.68995503
138.41931531747002,37.2278603629812,183292085.21967176
138.36061985427,37.463727524239495,
137.800981730346,36.58479414470099,140329304.04073715
137.881985302512,36.5517886029186,120123090.08847426
137.892144419832,36.4237693357923,89288153.75703825
137.94218171560198,37.048572952182,116704604.05252436
138.05044691799898,36.9886559324832,403453135.5468288
137.759244551148,36.949767497048995,168374377.45522124
137.75873984829,36.8368770045606,405160230.40092504
141.12690675791399,37.90735163072549,
140.73521712412796,37.041012684951,176502372.53485104
140.74785276377096,36.9134310393915,126123817.56264581
140.64188953115396,37.0646262943539,178792763.96570402
140.56909392477598,36.917952760840805,269706333.149268
140.79493530504598,37.1997763673283,183364219.4054987
140.80600063840197,37.093704092283296,94241401.91507655
140.88910952001598,37.2267283798575,196508099.28061777
140.898696644541,36.690001699893294,
140.81715806921397,36.53546804180459,
140.81863627804498,36.966122446723794,34118874.63789339
140.756172505047,36.408106758873295,
140.595619695267,36.6601787861496,204021996.504491
140.621723594616,36.7910635013691,241422017.11652744
140.707154840637,36.8101553893227,51458073.05205168
140.476808104281,36.8944456014585,182148618.49736366
140.72783546236798,37.403828275763395,164065286.8438858
140.71480866184498,37.2780206727819,105468659.02667363
140.63254640222698,37.1955620071398,133292036.3580516
140.39911498103697,37.3353498366255,155529606.56649554
140.54421191989198,37.204718392743,188744862.23897308
140.511679340142,37.3232321958441,235979890.66234794
141.555613449624,40.3931528460768,246167155.5377544
141.64413040037698,40.3220839393449,151387045.04991442
141.237654372045,41.3864037707175,237428621.41364315
140.54484441663598,40.8824643023709,261437138.63278356
140.512027378668,41.04204991088069,212258562.3509198
140.128579570617,41.61864466730519,410236441.05581987
139.644702473166,41.864366727641695,
139.853041733823,41.778549317574296,
139.790997225561,41.364034461872095,
139.97926167723298,40.920787398678,
140.064035279025,40.623751738881296,264672239.437933
140.373094943301,37.472058559386,157822040.94929942
140.28697676264701,37.5290801179932,211104604.69476408
140.562998577705,38.0562157248273,219091938.85103372
140.28445441824002,37.6530919322382,94052828.70235609
141.682251611208,38.8223776503057,
141.58255133223298,39.8013719020896,380977489.49551415
141.69962679684897,39.801424664146204,244745820.20891273
141.79221666027,39.6685796969715,333925962.4047917
141.84268538955902,39.538252687642505,142413171.72915408
141.503878236996,39.6908532130638,254585598.31921378
141.531291085437,39.520354693620895,336353006.46761084
141.33374977487702,39.77588597060429,287007213.51107126
141.24026538091803,39.69174529551329,309899028.07568985
141.086403468648,39.7123181000271,248151504.9082843
141.04967661836702,39.5492570710941,290635358.05447733
135.045336432435,35.141135288357994,152067140.25672266
135.109145557551,35.2083124859664,139037134.00592443
135.077731455942,35.31304868329919,112150500.5373318
134.924216712285,35.210999358252295,170330953.24047947
134.910784045686,35.365949495688895,291518776.77715415
135.000489664227,35.4008216231274,187102070.83730164
136.534124092113,34.3755084556983,109917872.61706842
136.597843506201,35.019656230478695,147889278.0017486
136.730450440848,34.73891230367909,454876905.3455289
136.331347988418,35.0981353397829,409380852.4009033
136.05329282338198,34.046950121151,200296063.73475537
136.157570141274,33.9707154983757,24352416.88545239
136.131493902492,34.054446970057796,102609300.30022587
135.40560118569,35.0692120390689,204791231.8582058
135.450286370058,34.9606268263428,257032614.69607115
135.45307031496898,34.7432436874974,108211108.24878322
135.446526966036,34.6396910168001,114446395.19872868
135.39508725718798,34.5492153019431,179686112.89565685
135.29207953898998,34.6024360839993,333059251.38863575
135.845247013377,35.4538663684557,141490299.45688647
135.800973754479,35.344624052113204,209336197.38447174
135.87076321816798,35.6517632177916,
135.71386952243998,35.134808883061794,108725447.16070633
135.792727359201,35.1287620438062,75054089.1698193
135.836508860613,35.039755270707,112454262.21566853
135.803707587735,34.978295489299796,68185911.42386198
135.34956414662096,33.8584735143633,57884545.93892608
135.27655719471298,33.87825574127609,182450793.77800992
135.34645326773997,33.7877851509066,40256024.393831454
135.20358062976598,33.8415659292909,50555542.13640608
135.416433082392,33.724069824409796,75482534.26892045
135.348743535357,33.7187090358756,33809779.18545116
135.27887784929098,33.752707587347096,44751305.768456645
135.01326713635203,33.4859133781029,
134.69223564937798,33.5427999985386,
134.770941148041,34.2991588307577,82743434.28884888
134.881191151938,34.278205285321796,176641149.13259447
134.97658711472099,34.170090273237605,438903456.40646774
134.843873384088,34.023031184617196,
134.936757458085,34.576578726327,101840372.08001399
134.97702803062498,34.395987983207405,270920842.22582376
134.90870081736298,34.4699328823113,127954103.98847875
135.08982199343401,34.3882202903877,251933451.7737311
135.125256532959,34.526714824215894,298666110.42209816
135.05102757993,34.686183694734,186651559.76568052
134.982173609349,34.6804340437566,54989197.336585514
134.678782914786,34.2398456856654,74775325.99366526
134.82987181438497,33.7124567455005,
134.794776280956,33.8156115096591,
135.040819917465,33.7546208796654,
133.873169987469,33.4685376708474,116035363.10013291
133.547006050458,33.489780730329,63814357.60232188
133.706298882915,33.4358638385574,
133.789456656306,33.5641180921827,137104532.84540418
133.405375354944,33.686087291043,121436661.32235616
133.37837595515398,33.8288874705969,144645998.6453335
133.43690140868998,33.9070051410486,129765957.39085221
133.608985058604,33.9777386056614,96174937.08393264
133.721224966824,34.0114280393811,148436504.35125104
133.763081650737,33.9454811863926,114731009.25257601
134.449748970471,33.7184831094705,106771872.88492317
134.52275356261498,33.7706932366023,41357475.048018724
137.391336752274,34.7735596299333,92561615.78162092
137.343836402784,34.853339840781004,80187210.72780764
136.75825664328298,34.304445672354,74066544.37907456
136.727464209501,34.3832918149512,93607782.24009074
136.810898225265,34.3606990794507,38812160.01427133
136.78010579148298,34.4395452220479,63662935.55483636
137.10909398937298,35.1651325430592,117340123.14183444
136.781599745406,35.0716296569496,164004775.33890358
136.84040591753399,34.9005543745221,27190688.154892344
136.508129845131,35.400292836678005,43669361.08122058
136.30992491427298,35.3463078263856,165299900.0482675
136.394301382449,35.468532996312895,291934234.30074507
136.487806937625,35.4884319135555,93203695.73410119
136.389587090592,35.241120072879596,317272983.77150494
136.508852239551,35.22727632006,136264607.73853463
136.524179446677,35.316249977471095,60236146.90566599
136.75696057623603,35.17710029783069,103506769.34755835
136.67850589582198,35.189698696531494,211721581.5753001
136.690005372426,35.3077610781126,124950993.00050801
136.792188433098,35.4071400068925,126560376.18434827
136.132511180754,35.86258336200209,122091985.57630692
136.12202783586002,36.0996539342406,169803368.55160013
136.198685915952,36.1116147200424,133640744.19830534
136.060963419579,36.0042741518394,153845791.46768197
136.06330802176197,35.9133191482494,113635664.62715334
145.183572230796,43.38587015474909,183873187.7535046
145.098409961208,43.5847133881038,113459431.6350485
145.092919013691,43.4916239133156,178690321.8076683
145.16478045682797,43.74129272860379,
145.38799013696098,43.6429793715894,
145.55301245641198,43.4126424462522,
140.88679471485298,43.152335762190596,104672364.79601377
140.74219486961698,43.19057553216449,169443697.7957338
141.07326443934897,43.33289565739529,
140.928664594113,43.3711354273692,
140.949280412325,42.0795160758885,
140.94492337140602,41.8683291923556,350243150.9280153
140.74219447298998,41.9443787649711,72337296.96547662
140.813486246433,41.8656881818164,204536958.90752095
141.180787362648,42.26388635634989,
141.041109991782,42.205363550549094,
141.158381976744,42.5418186310095,320053710.9738925
141.004169146236,42.5445289866135,201835031.13010335
140.95999057120198,42.446651619329096,125687069.79139064
140.83351352683798,42.5234836986861,49619528.91154348
140.8917687474,42.4644346748457,35585524.78081166
141.552501214212,43.372258095091205,252437824.95024708
141.458696188986,43.506722909598295,210251531.3291073
141.485092635744,43.6564849145667,328976237.6746307
141.65283012031801,43.695318090527394,515085029.39042395
141.51477122425499,42.7667719970898,189837653.30586305
141.709851837576,42.86142070993859,236324110.2927671
141.667052384616,42.7521905843769,280893510.8255718
141.23502869130598,43.34323472405189,
141.368435265981,43.4188360264989,129054794.96206555
141.46224029120697,43.28437121199179,234174027.93885025
141.243335690523,42.799866235334996,355333140.20030946
141.068769508887,42.828096509691896,449821471.2757328
141.05409093355797,42.9980720474382,514181022.58287966
141.410805935157,42.8720441498217,212177206.95562574
138.922200407265,37.3625640785958,168400815.20323864
139.029345714996,37.43889853572001,90208747.24584891
138.97858388835297,37.5694918674141,110659640.01443543
139.042300959342,37.5530284579197,86520639.33896255
138.74495666341198,37.4448554952978,64800391.018198
138.741798339276,37.563579636362995,60309816.25548488
138.81290488124398,37.5815461255344,116055638.66466413
138.88539926108098,37.514951143365295,118982679.54463476
138.841971024339,37.4221532767467,199350265.71616575
138.927922671648,36.9952500223416,275635950.73128235
138.90077223363,37.2620133573402,170676402.44444314
138.83764213393798,37.153220730357596,195876595.9948299
139.11237005506499,37.335541459461304,319142416.709084
139.227057815142,37.3298512778697,317511699.4551634
139.05313262939998,37.2107854399776,241172244.32262117
139.06666401612597,37.049963128817105,502778679.381462
139.16371520336997,36.9178619919186,322495211.0921936
138.55304789954099,37.12906432057349,102904777.71231274
138.677530763343,37.0911931823994,156866174.69093657
138.959890141248,36.5050102075593,159695153.83576185
139.100262469278,36.711763919787,243713195.11832967
138.72086846913902,35.8800620909544,365836757.31107074
138.72348642398399,36.0311772729249,414851536.6957911
139.27579120464898,36.127179699055496,108578641.5760529
139.182957455619,36.1650824024061,249923984.01981652
139.29614292594,36.2664633262998,124919341.3921588
139.098760486158,36.295606426365,158860294.3644007
139.095459169656,36.397125769082095,196113399.9369941
142.475685976503,43.74115380416429,167253341.68084714
142.393715041083,43.8410214747318,244564407.20414335
142.24526174123102,43.780111810307396,196995455.27488825
142.345664663268,43.61222392110869,219278863.6770603
142.22895358220998,43.6575527564385,256530207.91790512
142.340911015347,43.478151154059596,308974112.62954634
142.440539434842,43.1562924881451,270808569.69809747
142.279744142646,43.0792082560059,
141.887878256487,43.0508389508868,461104355.39445585
141.743701942227,43.1465368001448,265981297.11359432
142.10941470062698,43.168497925146,
142.14374864022298,43.36441344830099,503069488.1693377
141.893006676927,39.81413593655849,94654619.32302625
141.880554062313,39.901126145334295,90829083.36848377
142.343846888397,40.532961550808096,
142.33139427378302,40.61995175958389,
141.73755372377698,39.9805166968185,182584659.19074246
141.826741334124,39.989144253643204,180050316.1446126
141.817739717709,40.1401161396114,104640917.12252463
141.669450181479,40.231508440800596,234386266.17189097
141.631231263753,40.1211261697983,316477304.01595974
144.340671252657,43.7186249376096,212708045.2390912
144.52278224973597,43.5529516435959,134616078.0394087
144.54191393637598,43.6245841746264,149599488.8298788
144.30966285713998,43.517257962321004,184861253.54483008
144.19842290891398,43.623986605056004,606830321.3430839
143.480159829072,44.040684851397295,311433129.7672263
143.401972348602,43.870902265020604,243911486.44195637
144.53473799737498,43.02743871981059,236491631.907017
144.589974013221,43.142009729230494,235006688.9510069
144.458615087094,43.2254559181104,160136139.5730387
142.62571951498197,43.5517101707556,262701337.83706668
142.492711747089,43.448172926182195,245298798.78317106
142.520894005248,43.306650251865,265011132.24761164
142.659007535847,43.2497437520841,292168001.86135304
142.785520969905,43.3058633502297,290225423.5766071
142.78041520719898,43.466307094583996,361084939.31400955
143.039502892506,43.2860787885504,187686328.0406806
142.913742219831,43.219104473318396,161744050.96177882
143.151400514958,43.109673590834404,323605466.71797776
143.156894325522,43.2521961358212,195298375.98388696
142.904261068041,42.455610394362,
142.74265320710998,42.21440971517549,156890851.26482952
142.89816265461,42.2314979388489,195168586.72185662
142.562849682594,42.355504275975,304926096.0552881
142.55111912910002,42.569785291397096,
142.73702106704698,42.6528031861107,
143.06152864304397,42.8095412794005,194642696.91572228
143.01602001436197,42.5962743558924,
143.55646662762902,42.979989524538,227840347.60362056
143.727168102441,42.7874393271501,142054630.35478923
144.22900239732598,42.94015451477069,46788885.63196172
144.129736781547,42.945618285339,94949679.82155477
144.418833582309,43.025105160523196,54657675.79951281
144.383202312459,43.1149871060964,181864588.9815106
144.162642317331,43.259799832042205,308824150.2361143
144.25989179474402,43.1053932599103,254501888.8221261
144.196257448815,43.020975084905395,151422698.13163185
133.975257950985,35.3714101722333,250494045.7577956
133.618832623749,34.990605529172704,282082332.17481273
133.64638692471,35.148344764004996,196100952.78519383
133.675191220659,34.5003308862069,231879774.5984456
134.769661969305,34.7113294469073,239190167.04177758
134.73844157498996,34.8751015807227,145554868.82288954
134.65750984897198,34.9775885616663,170550176.78436777
134.635000836765,35.176662071991004,176155265.9788753
134.694691890396,35.0771193099294,165531279.05832106
134.03568202463998,34.5013074192105,135246944.80461916
133.93649706412796,34.081727311417495,107936141.43753201
134.001639165933,33.9325656650739,107979224.21095747
134.76598317055502,35.542493608512004,188187035.4372576
134.81301965976903,35.4404027226216,192689596.50086823
134.649397416963,35.5028526573369,124191936.9240734
134.61967734593398,35.390244533942095,113742859.66019897
134.698338992316,35.349632436224695,184392650.00254223
132.992616744933,35.0545856518539,220575183.8426353
133.261686671916,35.0302923827571,261560573.61063853
133.013145578511,34.8056873445072,361055207.3261603
132.944672409846,34.9265951385186,270701099.03111356
133.06874892762,35.3098619576703,199723300.70648056
133.089271891785,35.146403325834896,323033205.7687677
133.193631034827,35.1360581507892,269330233.37293655
133.26652428810598,35.2998708452148,181225931.51763242
133.209648766227,35.43284428654079,220931654.12449116
133.116232548783,35.4324902239506,136363238.63790694
132.344132669826,34.5004288040808,163710689.68533552
132.32330622934498,34.61036808238679,151735902.45905367
132.38613781889097,34.716099139223694,328569477.172326
132.47376439535697,34.700072988665696,142338117.0689472
132.53809045210798,34.5665804265903,151276197.19911554
132.54982240879497,34.4537711479797,162421463.44387567
132.48490315803596,34.37670623724149,167084744.3334408
132.406371065364,34.395602388104095,169731221.46881956
132.751572888396,34.462658360836194,207691854.57913557
132.847945030218,34.668724572154204,94087145.08515476
132.70655750371802,34.63659806512619,308350360.69165176
132.773635268604,34.7430751760169,209229581.24519056
132.772751033703,34.1146474517409,233195483.17799518
132.81735473955302,33.7961872012842,197262317.88603178
132.741470982021,33.771556553262,179672712.41978085
132.655177942188,34.0677062616627,237864440.33646554
132.65251417525798,33.913708775618105,358549546.8085738
132.88135269578402,33.941860038543595,254523996.9818456
132.87226735440902,34.079703715797294,204682662.38962856
131.47247249789402,33.3694045264866,238181972.03920534
131.26879118139598,33.251887102737605,130556303.47484621
131.31873308003998,33.3883002810555,87495293.84412196
131.395215947655,33.4318218331317,241072937.92107558
131.325997410201,33.11065698949469,102189939.30053808
131.266926914508,33.126990956268,138281342.18636152
132.11222614946396,34.082027783034,124650362.98964766
132.21408372935397,34.02199144560149,319557627.3654331
132.18102714867598,33.9069152883681,163023364.79138225
131.828023282593,34.1626303593036,201323609.89925236
131.93381459573698,34.127563229367304,211927796.1551065
131.98419437392198,34.0329018384531,140423343.45188677
132.006600416427,33.9515288345673,172711116.04035008
131.687215371459,34.095356738338495,229002588.90479797
131.630167263507,33.9206812206372,599111116.5580626
133.23457627656,33.74015373519119,298378625.75761986
133.252689195087,33.58987688371259,211860507.3064629
133.274552018586,33.2751201978624,82280278.53862977
133.54599099863998,33.306611609073,
133.44111715707302,33.055561806564,
133.183112233479,33.2110359169314,62324063.31399597
133.009054750968,33.055663716038694,79985066.99577492
133.13790294486,33.1473302894646,69466029.82913652
133.015881608214,32.9775283263591,59376622.107840076
133.004941762308,32.8990384931274,55619600.775597714
133.083832349127,32.9941145355723,
133.011628283589,33.2369104508859,96069895.76314542
132.89554600631098,33.152916493454995,81662748.09890558
133.00002222431098,33.1229592211485,67935265.5382474
133.055666522658,33.160128778821,105607870.79838577
132.882534280947,33.2486129231883,189162333.67152545
132.942972259878,33.2954373229467,32319164.465405393
131.361355294059,31.9887153172158,192131479.70508727
131.421253187004,32.0643771612747,37993158.856350556
131.436641771325,32.113931212374,80140653.34806772
131.17881033371398,32.6241114065856,322918276.6903189
131.09371941032398,32.3283967563414,210217630.2515839
131.027699406318,32.4714842754918,323681291.17420757
131.065331529396,32.6208875796672,182633687.36339498
130.61372442795602,31.3664001209592,181465007.08798692
130.533080693136,31.038923004279297,
130.730435152383,31.191605310855,157880411.7837848
130.72255069757398,31.3215748276035,310088951.07945997
130.480430735325,31.2892208539911,239976329.5208514
130.39190254569598,31.091713254059698,
129.948478512534,33.447084926669696,137197871.34406465
129.90208896528597,33.344759387246995,102881399.88025498
130.03077937162502,33.3857346496443,147623726.70135874
129.984389824377,33.2834091102216,135651896.32355347
129.925284892128,32.81305436240039,80186725.40918966
129.957115392093,32.6727173338401,139285500.19010472
130.02535101118198,32.8332468542826,186685561.80310374
130.07042055044397,32.9432925076167,221458712.42354974
130.16429313557998,32.91832833795,192921174.75075477
130.102604378406,32.2936775512758,171218512.52984157
130.07111856063602,32.402819843955,178263178.95478356
130.175273324118,31.775254755740097,
130.20460827033,31.676642631272095,
130.25023170753002,32.00274626498069,117410869.95197524
130.29534512907,31.8033395263155,144887421.82784557
130.349176655379,31.8671534986134,118313884.98727538
130.333398180051,31.9679481128106,200614041.01185971
130.47833699472002,33.213249540213596,139840305.87101844
130.53741403642502,33.1178088629025,107266002.8435367
130.616126527722,33.1944249048654,138631101.33234566
130.582861397901,33.3411576394578,234294910.50454417
130.497324039159,33.3475778433732,151694347.3348152
130.649322344475,31.7274726984237,120898684.71992584
130.685246128404,31.8046083894165,89959330.84722944
130.68563418292797,31.650073878079798,49876178.61144627
130.747019917074,31.647833369819697,98341914.21020232
130.76406255263998,31.7357201959248,75024185.27192134
131.64216197724897,33.269244158191796,136664919.55687168
131.50396700812797,33.094730031016496,251012892.89694965
131.491914503499,33.2741126356287,146928972.3630713
131.423786550309,33.1837827971826,205513292.70624143
131.641995620553,32.9751281723985,135420949.40555033
131.62541590869,33.1005164623155,205535930.4895228
131.695482924621,33.184700751044694,159049067.04559997
131.10793093236296,33.063510119653195,128616056.99900787
131.11716680201698,33.1700396149716,108775276.21482693
131.037745441614,32.9778196772211,99060017.73422661
130.96905753775798,33.211216702851004,125682348.89083065
131.037516224538,33.2377800175872,135771606.0936208
130.937338779951,33.0995113838334,163647212.85182092
130.964163577203,32.9929125934452,204136659.2032945
130.545077576661,33.60026150747971,200757611.59394377
130.62093403359,33.6819632328234,226828986.1224981
130.61986512049202,33.465776379337505,210471161.9469686
130.736629379565,33.651880590721795,103335026.61768451
130.72211902407898,33.454138364922,184395094.89258757
130.76302682622298,33.5585408509626,135119036.42717174
139.399580784453,34.1861399904387,89000043.73559809
139.384386594024,34.3897876699674,
139.306755367923,34.5226292288163,110911498.67734616
139.356117657867,35.1351530896377,
139.19838587262302,34.8639134969763,82708460.0930929
139.46247168140098,34.8987867333039,127525476.55569445
139.473155092953,35.0871470773857,
139.10351821367098,35.0014731329703,20730751.470294125
139.119913014027,34.9789601084979,22097830.055537485
139.25778221572799,35.039811418091695,
139.213941256929,34.9179592935228,160021840.12237802
139.232669660568,34.4047528313016,32882926.93734438
139.25750560672498,34.1991269979414,297764544.7967506
139.301953691472,34.256816937703796,114689544.70740904
139.114458572859,34.7130144333918,340010779.405123
139.030861720047,34.8473689729275,97498116.5302284
139.143313553739,34.5312481958334,
139.03278941392497,34.5909990681486,
138.757141748115,34.754266998056096,13168321.306572309
139.05755498378699,34.913498159014196,25468009.40306885
139.086205925073,34.9486728108639,7105048.29669855
139.094566238958,34.9190206533762,19262659.971980266
139.06981112471698,34.9711858353363,7459372.847066957
139.03603010982297,34.9869800457573,24834665.980748568
139.015413655008,34.9589445269229,26275789.972504497
140.28667039328698,35.228985297145194,79654050.51980798
140.28676763689498,35.1759904681581,14307182.350426499
140.24152326511796,35.1910358398038,14993922.496580118
137.64956664003603,34.7596869746709,20719941.70133897
137.63392644754498,34.9472715263397,131606635.33311185
137.714734195962,34.9484945663568,167729329.97752723
137.757179567667,34.8811017019839,49962224.90296025
137.748464432601,34.8316037692722,57715034.90188968
137.73117058549198,34.786056009503696,36316583.658202775
137.69416923933,34.7724591123294,37549613.59355922
138.432525699633,35.1499271167539,160843877.56900594
138.45904866373797,35.0113081270392,56483413.63137939
138.41005990310398,35.0502916916262,87417295.12487917
137.911026121473,35.1661876058757,125323487.62072848
137.98199299074298,35.127669005121,150150101.96847892
137.90126544430498,34.9548090098493,91258276.05610818
137.875252142562,35.040933744181196,157045670.22802532
137.96758765808698,34.9332682294761,50354008.78838632
138.05552260704602,34.7495105987436,37719699.406648204
138.11974473085797,34.8468088866084,60764323.90516151
138.043318780884,34.8033267385914,54960535.63912397
138.237529027917,34.8879876586527,72290630.24464971
138.304705982883,34.93502013360149,68645975.83691497
138.31846560345002,35.012608565315695,75235128.34627685
138.033483141213,35.151797723341204,119904914.18383913
138.068179751205,35.2441854933069,285682778.21600163
138.177582663153,35.205467594484,106010700.80052377
138.087389996655,35.0273324911092,28826241.754999623
138.61298969476198,35.5656252861129,73097760.35353746
138.689894983464,35.534379604993504,177543748.14528978
139.178131131633,35.201188909062,143607741.9295852
139.235390721768,35.6019973952049,165513219.80558547
139.214303950656,35.503594182177004,120903562.34969968
139.03905043776,35.578272460935594,98436077.85260972
139.188603081,35.7357864869577,138217620.82902712
138.54056298815698,36.2015862973182,172777732.74545202
138.09555662991002,36.2858452365816,203089587.4895485
138.116146017432,36.3934291251168,138186447.75620311
137.96384598562497,36.6207418719021,274326802.1745881
138.02387142581398,36.53830572267479,109311461.64817074
138.076231242642,36.559472317137,70295674.39355421
138.049291993503,36.83728999792379,282615586.9761229
137.940522088248,36.784316525134194,271994251.4564706
138.167145353655,36.7420609347825,139782374.87292907
138.141237924657,36.628139050776895,132027402.80371653
137.90026977721496,35.805555285713396,158841027.18027136
138.018252497763,36.2960315761791,94997264.96803536
137.936615745588,36.3368657523531,81456227.07739896
137.98648206845698,36.3824488702521,97327917.93948337
137.74462652643,36.2870900260902,
137.90591790234598,36.2596305053169,51240421.516810566
137.80078654653298,36.425443891986596,169889021.64137557
137.86144657658997,36.346534088756094,51689627.17512606
137.639337226413,35.219819759124,127946541.84275906
138.19504522338897,35.916594932304896,176724760.65334758
137.99400357623097,35.8391798922498,141106355.41305226
138.02550366923998,35.7167085629409,137026256.38933405
138.136328455653,35.759932818416395,362922556.2419212
138.10931314412102,36.0315305279292,218511906.77866948
138.345076732071,35.3481701751321,202125289.13250723
138.301980472128,35.536990505544,
138.47094779703897,35.3615032400256,91756188.89341004
138.531286275921,35.496985888405796,102905842.4769188
138.524665644717,35.4209075823306,80808583.88061012
138.28785947103597,36.281582328915,104806369.01190148
138.428260372875,36.2218247679354,97852658.0533882
138.33333704949,36.13564985062229,210116066.18557355
138.25184928574797,36.1615897867026,135453818.24880123
138.37500390238802,36.338737471162496,95692891.34389898
138.433917040485,36.304919846263196,65926087.32548937
136.723662223071,36.687324450978295,157002842.66642705
136.673561183676,36.5382027939687,243705605.2513393
136.76375817974096,36.4510339127286,316464982.5720904
136.90593243422697,36.5441889476268,245539915.28149185
136.930271533407,37.343288240705704,115704347.45620745
136.965902066664,37.25689050501,152106375.6079448
136.825221326145,37.2514593941754,152760265.7488085
136.878831904551,37.1130585766413,166526388.53097424
136.78640482485,37.124253375716094,164597584.4164027
136.91238240916496,36.822186347439896,224533308.30430982
136.931119425276,36.657091547237705,112111829.62018092
136.839046210185,36.713058169349104,249283871.4499412
136.53682501865998,35.837241045487204,273758086.47376823
136.835528928615,35.2717073221821,85697877.19178581
136.85925730887297,35.383684649662804,141358997.32030025
137.13165897598196,35.29880632467749,104336492.73469621
137.02422367391998,35.310208393023295,110614996.67737427
137.455616340339,36.8397356333358,98568437.67698584
137.439839534844,36.722996559744,187027862.4793363
137.60894825228098,36.663145536778195,175992676.05962384
137.515317279648,36.6696718147518,224697217.17086124
137.65270978902302,36.4032779224719,
139.78219985871897,35.669459353001095,170918615.6710992
139.786434095253,35.513304423389094,375567274.71635115
139.977741869229,35.7028072932069,92468851.69284415
139.986599080086,35.5899245472771,152987063.55140096
139.912414509285,35.4747684263742,361146011.62583196
139.888647042936,35.7950760970704,166362590.39632523
139.959287854815,35.797159682691,112360968.31699915
139.92974073648898,35.3345640612129,153327637.10264242
140.03682088407,35.3417089483194,149029242.80866897
139.908137243721,35.1772554919764,70111970.73636062
139.86049228536,35.233216365996,104116010.79371114
139.986695833743,35.166640251606594,59940774.68956921
140.046131022963,35.2297460127327,188317119.86995894
139.735292933214,35.94451716846869,83743656.49121004
139.848902704434,35.9454571701258,112310352.4637663
140.29282668759598,35.9028083031057,280509565.9916081
140.20701521293498,35.8705580977821,178759498.7787119
140.530178570034,36.351563587422596,176312484.43361923
140.477253973023,36.4497349496379,176719712.9821732
140.207975470233,37.4636795263731,198883181.76670128
140.00025637088697,37.2663649781346,309477410.1221189
138.52226583138898,37.218856494791396,180303556.37128133
138.480242160843,37.266995544405,11650784.355512552
140.891466220989,38.014324430708996,159454490.57592648
140.725062543021,37.9424215000545,172650418.56323153
140.696793336891,38.0694560253315,214553324.86546737
140.724613191294,36.1265173586295,
140.649491627535,36.3976812738594,
140.59113940000802,36.2219382422535,
140.70036953256897,35.8161196451718,173427286.44269797
140.52151556308797,36.0321178815213,281009609.67787606
140.556975586731,35.8417757213076,215876726.0303909
140.47569355907999,35.906138234412595,214018330.99413806
140.210338683888,37.3560531667521,98181617.03112914
140.114019370116,37.2770201481777,178592401.87106794
140.49308231669698,40.1392294866189,295056261.2498248
140.469458459319,40.4705740201851,264584704.521717
141.334720227822,41.284671685276805,235715424.99742427
141.308181955248,41.139198219411604,166107430.46468815
141.50132557895398,40.9861760984874,
140.97216695010897,41.369566085321104,259013726.0589355
141.08307901446,41.318062761168605,232438987.15400442
140.64284930183402,40.6204298617689,187045268.6441635
140.101052436939,41.102129767294194,
140.39791766744702,41.0682146738094,241255188.05782482
140.352696203379,41.2978084728,
140.202672690564,41.3915654464983,
140.49239587868098,40.742852400957304,158812154.85639545
140.53458700914598,40.6140236341224,90707489.1764684
140.436520060155,40.5703305565338,109826922.7092782
140.371392476898,37.6755409207815,69106695.86919364
140.420458009854,37.579208939943,108693754.32722135
140.822485959705,38.1567464907453,145625887.92823008
140.73314625790198,38.1605604296466,146620322.57742485
140.964678379041,38.104361142804,
141.153602381418,38.1285307925973,
141.237347492736,38.3267140609551,275440537.0068022
140.694393433572,38.3412589136577,177571347.41374436
139.30397816900398,37.505930095226994,607483136.052256
139.443025276236,37.4836390985496,214113983.13506493
139.546671200607,37.9589563107414,
139.39427870804698,38.2469269367988,271377436.48438257
139.557231201168,38.140532035019696,217201274.09941554
139.435063719138,38.7342198289695,
139.240824011718,39.1450888506249,
139.090803791907,38.6528978259831,
138.96718786806898,37.8047260616421,126210733.8236606
138.90455614520098,38.2232447735853,
138.644024660955,38.089221320937604,
138.766464335763,37.9084541841258,389854770.8583769
140.516027221977,38.603042959635,399855160.15121204
140.44401764365497,38.340672240997506,222441450.21185428
140.56455309557097,38.4209242073316,611888086.4713048
140.329506489249,37.9535086009002,310921568.00597614
140.069559539877,40.493352036489,409975844.1706999
140.40235816668599,40.2558068087208,166995489.40191203
140.36464087212596,40.3864165361085,442038811.8631953
140.181397631616,40.3911996020874,348732662.6764232
140.099302028664,40.28191447569299,95902511.33483167
141.706848594597,39.0059973171693,3778418.257456194
141.761959432962,39.0632175332421,10492363.82773666
141.63724801201798,38.829902322763196,
141.58088902848,38.601587692176295,
141.29139470747398,39.1154402907774,168967148.08442098
141.17600249451598,39.2320656514083,219006791.45689106
141.647597160333,39.0470985023064,69861685.37386921
141.459889609632,39.23470462748429,227799601.9077307
141.415241374902,39.126259409423994,243197335.9133324
140.92337124350098,39.276165969268796,317716160.9491448
141.06827297854497,39.1959477508929,248275655.56363976
141.099561429387,39.0737757669798,123513990.25619286
140.87266030510202,39.4186351075968,273995746.69051975
140.937758088006,39.5352207372012,270650045.37405235
141.05114547813298,39.83114307300809,167311509.86865336
140.964482705277,40.0309198040037,168577853.3376227
140.93717030679,39.895714279574996,335272990.0753707
136.53751724942998,34.4628251271579,95124942.21875983
136.472036688141,34.5201168990744,98421242.11415452
136.622098720437,34.486048013636996,82002382.81799844
136.62479920369498,34.6468188506121,356594034.79576576
136.410325543206,34.2602922804681,72658670.4827017
136.454162935695,34.3310080778478,100627846.5800705
136.704527970021,34.95273076969409,133068293.41815162
136.779936548409,34.9762587833241,81720741.2222466
136.82580759084598,34.9274216158626,3193484.517301362
136.827438364419,34.873747616132704,3376388.5282483385
136.762319346972,34.87688649388019,74324905.60221463
136.383891253566,34.959969177114296,166153311.1523738
136.21618441926,35.094790882928706,185661294.99841127
136.07381281117802,35.162958581143805,137095090.90547875
136.138611220689,35.22419160622889,171696676.7904977
136.011059963757,33.9078509371272,85780874.8532842
136.04959684301699,33.9453546770448,81401566.62505397
136.026779235006,33.8088970348404,21232713.261837248
136.07706763233,33.84499579527,40635147.002810515
136.120086140049,33.9088810897683,11618931.497565547
135.37604584152,34.8650771995944,153923072.4081472
135.394172268696,34.7809059485613,63092610.175958626
135.281032593795,34.85647478358871,117065569.64928636
135.22980172406102,34.7598839369727,84728777.60894713
135.284621201565,34.730574059920194,77779102.25019757
135.569195774595,35.1660241742205,75730137.04106149
135.48010265146502,35.168892091733404,191502179.19366467
135.421809771336,35.3603080152267,178533735.0060029
135.405502715538,35.2541761888041,171227263.78736922
135.663822850941,35.27466224166059,228442741.42512086
135.70429659316198,35.385114614318695,188086597.3110066
135.77594188458298,35.631208376147995,
135.390526476645,35.5655449074849,
135.58181841887097,35.7197929814682,
135.67741626479696,35.062123475996096,101159761.01231347
135.72347282867997,34.99461685533329,54609416.395768784
135.60782977080896,35.070271107818094,71017632.54936
135.69419248700697,34.902859933276495,110565793.58067562
135.603727984362,34.8646492587261,191142998.82059395
135.563421832047,34.9645538126049,151133407.7933656
135.465132558624,33.6166404257574,66218490.176878095
135.469198885284,33.693658443852,85075578.23206918
135.530504550771,33.727106458716,48321898.71751382
135.552068757468,33.5654953754406,103123082.62589136
135.597295577667,33.6776721709725,86434544.3159657
135.622926111024,33.593079105791695,133626991.24349324
134.506080753396,34.1464231555194,131618590.9887098
134.45684422754098,34.087054681960495,139650328.11046216
134.38746206645098,34.0994144768574,87089318.57468353
134.66329188071097,33.990068383227,118252289.65634753
134.642371306311,34.1039133655902,170442337.998778
134.58357818621099,34.049330911048195,68386757.0048438
134.61480533985,33.8405750703867,49761878.35294176
133.86420330756,33.5907026141313,74770336.9833929
133.870517499411,33.82048030306439,132302083.90667899
133.82628201006898,33.74558497034669,162108179.87713724
133.876609646802,33.662953931276995,64149226.83240449
133.96553930628002,33.8229138616842,96888800.40035696
134.0243412255,33.78815449430189,106934897.26132667
133.50031500003,33.5635366976613,68937438.93995789
133.461498365415,33.659929402426805,127033027.4371703
133.692973292274,33.84945889291559,93008626.59479342
133.73421572428498,33.7552948125987,139889463.42599082
133.709796709764,33.646079251580396,133362108.231588
133.63421720846998,33.604415722016704,133388072.7229723
133.577953128774,33.6321689707476,97023863.49055561
133.614692641122,33.87227213969609,135964738.7845362
133.54153893722398,33.83283723458099,151611598.45385823
133.53913649415898,33.728561675513106,177096324.63172516
134.34076480997697,33.7589443816053,109396580.49476956
134.401786830498,33.769758846384,132652858.54327874
134.430209031327,33.8948089617885,76166245.03508848
134.386020197319,33.9864702744072,98029606.23339552
134.310337583004,34.0013787974058,147117507.93690398
133.975591804263,33.4302952718031,12465482.313965134
134.040808208637,33.4274203706553,46254860.81552561
133.931565673983,33.5152578050334,70421182.61601873
134.160763758549,33.71925851592209,163762840.01263177
134.216302557447,33.6369957370227,242484824.88377482
134.040576398487,33.696920777919296,150217000.87378475
133.977226190808,33.6461669244789,95912423.79754604
134.05771142148,33.5062137851925,48040982.34317605
133.999311808692,33.5479384196451,175174860.54963228
134.208060361749,33.392920203683694,31147662.92204909
134.184327035319,33.505463385906594,148525574.31236708
134.12383764153,33.495247676912996,62494064.55032937
137.507528425278,34.866918981731104,84725783.98685028
137.60742535458598,34.778580251154295,74995221.8257762
137.58696596073,34.8570920181924,74348648.371897
137.176724398989,34.8738317700498,91169606.45654722
145.415775418155,43.234479370341596,109402583.3567707
145.315742432454,43.3547438393586,378726857.43876374
145.55651501612098,43.26647554407089,73435201.2059471
145.45648203042,43.386740013087895,255401840.25314873
140.79085975264198,42.1758886873302,261263841.33196384
140.814467508297,42.3195192175074,201812832.04140913
140.636323921104,42.0619365813471,71424613.2206548
140.71521093828,42.043392386952,75486703.73860766
140.756212287735,42.3785682413478,248507773.06344682
140.58217137356698,42.38538700140359,782217325.0608258
140.515922689098,42.2344773125484,202326429.8131028
141.62677496609402,43.0896016295646,171337217.36905754
141.601907233116,42.9774584120079,150812781.90508312
141.498550266513,43.175351684701496,207964375.49425393
141.455142491058,42.9735004391781,236565335.04493704
141.377997496329,43.092187819919694,277429942.5325254
141.179270501016,43.181939591844895,102221932.2033989
141.160730458539,43.092231563878194,116742248.01609834
141.26573428377299,43.113121321360204,148306915.1426967
138.923078626101,36.6055602168861,124704767.43971956
139.01497817856,35.65894894614689,117635345.09795138
139.083753127044,35.745840098496004,297906871.30551213
138.844364148336,35.8066609231386,229292912.62677082
138.900593188203,35.621057794641,120627665.62835476
138.76581407746198,35.713200373128295,126127202.75945055
138.80544486732,35.629779998000096,267129875.736323
139.161825762333,35.9546294328078,108651006.62655708
139.12331131083,36.0714917274096,240796302.3492148
139.056576494979,35.8713665922579,187322949.96748632
138.97120329648598,35.8866581932782,140047322.2705797
138.934267240461,36.208531120766395,111249681.34677194
138.81305992573797,36.19706415724409,108204246.77170072
138.833273304198,36.0873737130522,218555074.88774794
139.004353244493,36.1178264948028,195272141.44925117
138.95749449750298,36.0162558012213,163560686.04475942
141.690368626092,43.4135752922916,294087292.8928153
141.781747403967,43.3283155974471,307828241.2818597
141.76430108544,43.5868732827594,214276634.05470562
141.960257657823,43.4285332713441,430059492.80420303
141.936131157381,43.6606801290033,247438135.34851286
142.04070895188897,43.5875998124325,312317740.65732324
143.492870451216,43.5524097184605,339069544.9188965
143.483449030119,43.7592074332875,203449782.3603329
142.983803892963,42.9143252559549,258243440.55000284
143.008493630409,43.0369764576081,268004323.22682968
142.888226768298,43.11252468736289,151223474.07882354
142.771055263287,42.8982511241955,368885540.0283591
142.73466613923,43.11043050113579,166585235.53849274
142.642184371665,43.0188081396216,400415225.28603625
143.30037538931398,42.4489719609384,286111064.00884885
143.158017356541,42.3647632953138,242590072.04420137
143.082109231446,42.490641870863996,156557618.09140414
143.52222658864198,42.874204208460895,161084518.17499018
143.360585551029,42.9203720212179,305206905.43501836
143.518399218084,42.6752161442574,190216900.7843467
143.58319085160602,42.7581065893839,87957018.70020826
143.973281515305,42.9876545449593,204098423.11952946
144.039802182573,43.0630113445257,143764494.85488904
143.70403682913297,43.00434242767079,439444704.7359697
143.813774040981,42.92788984935989,266107840.16164035
144.02164156215,43.216056343495204,327124202.011402
143.67300187627197,43.1673688563975,224377617.2172301
134.28066819357298,35.2387911071328,113456355.02143298
133.77388944984898,35.412171564353095,195723194.72478208
133.710899669457,35.342097154494894,118855791.20042029
133.72254140849998,35.179633968438296,152657772.09680313
133.829970077892,34.6323730406709,171864247.82391548
133.705145294952,34.70550147009659,179117728.35295385
133.69764127209598,34.8467587892853,248170451.61048576
133.909280776029,34.487987099709,149994374.5557262
133.828734411471,34.532546646642004,156502763.97157934
133.764765182367,34.4635917184911,22668573.642715346
133.73248387415398,34.1049920593767,183691808.48310235
133.616827500948,34.2746610297828,
133.66120880904,34.379758718962805,269084074.62550056
133.82513693125497,34.1370199126044,147644543.53347898
134.42376734555998,35.1233470410273,216716797.33630374
134.512531631577,35.121618135935094,173244418.28057456
134.38985637033002,34.6307622604317,238603483.428608
134.468576237556,34.734897712178395,97916053.55704448
134.395628219754,34.4499049196412,
134.492558525754,34.3497269297754,
134.606467567044,34.3885670053794,
134.563084229145,34.7694599199453,51266681.11057448
134.691774658815,34.4957260107405,389485164.7747835
134.66660175969,34.6723054836939,463113937.427571
134.571639566859,34.845247980714596,64401958.88283514
134.58349554780898,34.9484516539818,121273350.53374185
134.49820838404497,34.992938466188996,161950685.5537128
134.47713157527,34.8106857729477,100161333.2233153
134.428266252291,34.8816062681889,184187015.8248287
134.052601485858,34.4008646881548,145586932.5435038
133.985951121561,34.164781370181,135326551.31003186
133.884878099874,34.3998736636005,119610810.1200576
133.81221703670698,34.379190636110096,38132448.45570483
133.960414568805,34.3499979196737,94398785.0945206
133.936025254647,34.256245056230995,97478902.64322951
133.784997102306,34.30547310226739,119837457.61550422
133.83326885131498,34.232403266315096,166865848.48315153
133.271386311855,34.9013776228557,286800600.75564593
133.43065714651198,34.8567963337638,275483265.6477145
133.248828204558,34.6840129471638,195685944.63169274
133.175148696579,34.7944179228954,309862873.43112135
133.47455552956802,34.7086224459678,333766151.2869982
133.38896420288998,34.6427987593281,156263053.97595835
132.969897153786,33.9167344796841,161941739.78104696
133.07486199958498,33.957657290993694,190127766.65371165
133.12950631793996,33.8000823620625,274028084.85640424
132.987459147411,33.7387654670319,233983929.2739933
133.06839979586996,33.6756136401795,192425503.0472221
133.122090756237,34.0804306650951,371791740.6461557
133.26264568933797,34.222262517824696,
133.24213154762398,34.0452260575746,222491331.33682054
131.683678098555,33.722136359109,
131.679454264314,33.34694277088679,179568966.1232724
131.83199299891498,33.35298084301919,355210266.755868
131.587158624801,33.4385654093733,126034174.12940165
131.57907079366498,33.5456684446653,149324480.69895962
131.939279859156,33.55512118329689,
131.86892356215597,33.7803717429882,
133.08244629774597,33.5198205457137,88612363.35233359
133.135569121599,33.3163365134853,126279443.28626586
133.18632317901898,33.4006511578443,125733816.00681038
133.161665738343,33.494012416118096,170508110.93469292
133.022296659978,33.421533634721094,102007934.42970759
133.050762043155,33.31141086076649,141181028.788153
131.289623081331,31.9820653472793,107709737.96509817
131.24926557081898,32.11663770936389,158806200.6119413
131.199991782024,31.9331229913377,157194609.35312954
131.159634271512,32.0676953534223,238402141.20546123
131.26726836036,32.55321267016829,190425393.32050133
131.394525456711,32.5866786935646,141491653.17336413
130.053241418529,32.639986203947096,161793236.87550625
130.08031882718402,32.7303664423527,169497467.72962245
130.12688241369298,32.5063672488456,112289244.52345096
130.274955608226,32.237369149345795,291239218.6906601
130.214705213868,32.327018275203294,127725494.22082968
130.407263362794,32.43245723191979,219550244.86554322
130.384004048958,32.27139343124399,289153404.3004304
131.740973328459,32.8236600947211,238146100.30607048
131.738163436143,32.954373729717,268028477.53451845
131.87756657443498,32.851701537962995,178692007.14584392
131.89130650697098,33.030156658999495,270439222.34671885
131.794437358188,33.0834312720054,139101418.79022014
139.23736944054298,34.708436202594,321870470.322241
139.2741865218,34.7966891710812,71937969.80667518
139.34031012877796,34.6445463625503,105363014.10700627
139.39466669591098,34.725175112535595,28549360.810810998
139.377393936693,34.757716295091896,15157482.551493604
139.107236808441,35.0618554791318,59037754.98999148
139.04152129398298,35.0863659345078,92949158.41143171
139.03064534502,35.165912496389396,77622635.88254185
139.086822320094,35.2173850779498,52792733.24024765
139.1273832036,35.1490958802192,54231686.23253918
139.143773504406,34.253832299530806,9233119.048636848
139.08203715865798,34.4205375373398,
138.96349849370998,34.8430742511093,76319194.65578534
138.93657120670798,34.7684705838888,47312169.19807648
138.71220074933098,34.4671838065797,
138.591624948117,34.6310061067113,
139.019612188446,34.3461161202258,
138.957875842698,34.5128213580348,
138.79214062787696,35.0812158852309,161619463.54697588
138.08578718028602,34.8769337288229,12438792.007594164
138.062428559715,34.8546043189872,73360381.38602476
138.010267296363,34.9458489926073,57118501.13858908
138.067378787976,34.9726331652555,6334113.376658275
138.031851111099,35.00189924535481,53415085.6284498
138.42257578139098,34.70638703853089,
138.522709413693,34.8341551374432,465663676.97539914
138.39455781013498,34.9342353017592,108338978.76671043
138.33180942893398,34.895630434632,11204508.023290418
138.16593809772598,34.7783481646986,45230011.46541662
138.16801079710197,34.7211335220684,31501540.367224634
138.22943122111198,34.8159820905963,90193196.79764125
138.28091702535,34.811566607522096,20398353.511745073
138.19411866938697,34.669604216181,26113457.707367916
138.243531774249,34.722403375736995,67264098.86979793
138.135908047698,34.6893346739379,29993315.557139188
138.08018206752,34.635361510127396,26637055.216371562
138.023946185004,34.656444968237395,11312640.330020892
138.14409852190198,34.9498709877009,114850111.64103036
138.198389695575,34.9534158338475,63113613.40059302
138.13015218000902,35.0346951557691,69909682.45443669
138.18564823651502,35.1204424891782,59136476.95256215
138.26357209335,35.1202914549498,99709186.88455431
138.262367210517,35.038088967687294,97953260.46045505
138.92080243041,35.139344873750694,33823352.99689965
138.89006681427898,35.2084836181848,37957583.892416455
138.969957594402,35.1845071814016,64615362.41475459
138.939221978271,35.2536459258357,81365972.99991527
139.196136330933,35.353006864748096,53379828.37144681
139.175320816026,35.2997058893787,37330039.54413106
138.512929768422,36.6383433765756,119200807.08305135
138.43722159999598,36.4210652028993,101748968.89470214
138.36040393586399,36.516124077727795,364806182.9484855
138.398281511061,36.654620871329996,354051305.32123834
138.53677367045998,36.754562196531296,215048957.57833707
138.492083629911,36.918134620653,278553592.8704929
138.549598267872,37.0106009077662,163976934.24938318
138.674081131674,36.9727297695921,237573105.80569953
138.67400204958298,36.68445863925479,310443844.9790951
138.77325069039298,36.8453730032091,354217305.65242386
138.77893161224398,36.711358932956394,193835310.017647
137.79185740287,35.390450815978504,241543373.9513292
137.912485578846,35.461242327786,248403262.98588994
137.932022954913,35.5976117008182,200598127.8319701
137.85741726289498,35.6714058639972,219661822.8449437
137.766163502517,36.0822693768702,206228556.38760102
137.834125458975,35.8783173234486,130070296.00443867
137.932646939175,36.192549867051596,66285188.27641979
137.995115211723,36.1833678200148,44268246.85827971
137.890298087817,35.9928308419515,160789407.71206966
137.866281779688,36.0944168470017,204063475.48550394
138.03216331320903,36.063176095722596,137301527.3543961
137.99371134879001,35.9707721377092,159195493.25628296
137.46379671222,34.9198315552779,77722996.11489503
137.371954727337,34.913855748585,66820433.16770576
137.290100366925,35.230233592969796,124985950.07668634
137.563457555139,35.3256333390411,125928399.56333742
137.47320293150398,35.2983803816094,128581863.49023373
138.39197344859699,35.807953986486005,151336510.25784764
138.39231697090798,35.6541849832575,172629750.11022922
138.481275164199,35.565646106364,151199307.21488526
138.48084176087698,35.8473395592015,165155614.7123256
138.56456213133598,35.666734602170095,146323288.3025855
138.564472250325,35.7946590517791,313178496.39360225
136.534832027979,35.579478411995105,95276936.11846407
136.57231148965798,35.7199159898328,166254571.3332753
136.585213635981,36.0136020242922,191892678.1427583
136.430782140675,35.8328423504007,281030299.1242414
136.328466166629,35.690331014626196,427523656.23369557
136.23135126909,35.7425354059983,167971676.1376348
136.22703400086002,35.8797069554715,131373859.2971255
136.25421521913302,35.997307579233,174701580.75003538
136.360848461409,36.00264736553431,242276420.06351507
137.013183091422,35.1750211764303,48911669.297644705
136.976084901612,35.2438981463778,103292870.35755432
136.89451537937998,35.2275731820375,111181938.60892697
136.872107630379,35.1107958816021,138676045.85934833
137.34670987540798,36.8056821620235,152640552.5147342
137.269727461086,36.9956669559774,
137.116143497685,36.992517289975495,
139.682210975274,36.0082633808766,116471527.6592633
139.73509521965397,36.0969881585115,161256662.6138165
139.570339393551,35.979802396592994,141545929.05840087
139.89595017588297,36.202775565046196,137146937.621532
139.89406972394698,36.0183977120088,146663012.41654047
139.833344197107,36.1061824879866,121195276.61365147
140.129838504711,36.3864919928994,136339004.35515022
140.302161317373,36.029290236314104,108618975.41163032
140.225940450222,36.1269006349647,172281563.0210714
140.41616400596402,36.0792740047707,152423940.80513328
140.44062346644003,36.2039149294317,192633092.66295135
140.287018541802,36.275055765636594,354282998.81944793
140.38769886942902,36.302086291647,199003387.0783296
139.890222088749,37.11807149596589,271908315.77275085
139.946158754523,36.982472595212094,309749089.40578187
140.124080070612,37.5320475042249,108051958.88572082
139.912571566911,37.4260253614995,251601716.92361593
140.012680285038,37.413765974560796,236043001.0582534
140.06581744412398,36.973381610401496,169682222.66491947
138.519251082894,37.3638506669241,4180278.6911050607
138.507022729185,37.5789972064518,
138.440887643355,37.5192410180016,
138.56127475344,37.3157116173105,67509663.90923694
138.652470589611,37.303304692793695,171232789.2519189
138.67658200489498,37.41119993085749,202614739.1511763
140.812536891378,37.88118158099219,194406632.94040897
140.890530517902,37.8831277486893,69254876.76270902
140.93704705244997,37.7519852989125,54063193.38890526
140.86818830901296,37.6620326644089,212160544.47654858
140.78289913544998,37.724829656081695,229699155.4007764
140.88134923278898,41.2627052138103,218774067.89060295
140.717016914331,41.257844023644594,488876249.40308684
140.63548782805498,41.12049865388849,192425046.8754378
140.66449028418597,40.85720979874049,321292423.2855121
140.72030403891898,40.7240041249734,194044915.18962273
140.63355729446099,40.3506704787384,197527116.38359907
140.70888118798499,40.456833242733595,444736652.3783561
140.70130971854098,40.0565870020272,253052375.21705052
140.61946385727902,40.1499356725599,422157719.95872176
140.871491911953,40.1183654142348,190852222.95218393
141.174298451604,40.122133172088,303549406.1269068
141.098522559951,40.009454200778706,118285059.73721585
141.13798948952999,39.9242948359002,89555683.28512676
141.266731874004,39.889610538010196,177408491.67623055
140.32533066354,40.932863154981604,273756243.3377245
140.17848894584702,40.8730212747681,416601351.08344936
140.178978286908,40.69085899448459,255421471.7645328
140.38699183680598,40.7670864906393,255858374.63127407
140.33480738910598,40.6554327624621,180822924.66734973
140.63788853129398,39.901176526962296,270319253.0804039
140.388053350644,37.8486524678955,101728504.31292848
140.396022903609,37.7464554252885,105208598.52874748
140.497651773039,37.932146742632995,154813075.00582594
140.59267389321,37.8770415850332,215666963.87037155
140.53296088177498,37.7766858766077,205300770.96181315
140.48670218477397,37.56932990527859,124043557.45977704
140.648910805623,37.488617849291394,225368985.38241777
140.551903477326,37.450061883940194,205427749.44093034
140.67076208027697,37.654977755637,233313442.06006852
140.574574629984,37.6958923374363,190637834.77647105
140.71190257914898,39.0401273171613,140743419.2082739
140.81017929382799,39.204236176300796,274097229.9855697
140.831514903387,39.065159267049296,267713615.66336265
140.667297793407,39.2708952940557,199326266.22525394
141.03782034077997,38.716816107182396,95941222.24141784
141.085877271273,38.8199147099577,265566520.4227711
140.923353195306,38.954883268085396,235104539.14699534
141.02845629727798,38.9753589536454,238567107.43603957
141.350775915426,38.8083181760604,142537718.93622744
141.378434572617,38.8979381291688,174188912.22132185
141.23985212224798,38.7647013828426,134274236.75067335
141.183407017323,38.8487747126688,211619656.44065097
141.281905666473,39.0043043714808,160034951.35986984
141.19780190435702,38.9987577481986,99546068.53115942
141.246922678455,38.6340177728439,171800712.45338592
140.825099351673,38.2839859628589,146560949.4397292
140.795869021665,38.5067649900615,81106471.90517269
140.764048670685,38.4098093185983,167955148.75158358
141.09013831512598,38.6248710582735,93133386.20084868
141.127302788307,38.4175904110779,122534000.44076885
141.207550112772,38.487596268792,77520230.96018894
141.19015343927998,38.566112245742396,93881751.43445973
140.779137881613,38.6192595338154,113221002.24980864
140.861086995882,38.828873085363895,158585485.0498502
140.661509085669,38.6870889121992,261410731.29030874
140.871335064306,38.657362432144495,181374822.17925996
140.918133167361,38.7462501681486,122219457.60448527
140.62879803710098,38.8471026768891,442192306.9708972
140.740763942724,38.9077191569682,199185549.1851324
139.254817505562,37.6790601758208,430492402.7923975
139.102729672533,37.7417577624351,57607595.09945887
139.11524115126,37.6711908011703,135058489.40948468
139.079313631038,37.8198082572717,130049290.8125124
139.43045227366198,38.5094541841152,68174154.64936739
139.418322286782,38.3985823620729,375738671.90287995
139.581274779903,38.292187460293796,327461642.52656305
139.62324124617,38.552330879683495,70236601.23080638
139.688664783162,38.413290525109495,
139.670138232669,38.6156475753807,171310940.80223137
139.57544347975798,38.8128029588706,
140.35519319698798,38.0990073802338,113359173.5128533
140.329699679928,38.212694198415,99238593.09575042
140.479086863049,38.11822022942339,227115193.98848513
140.453593345989,38.2319070476046,199455491.4687982
140.26504970223903,38.252204583981296,128234118.85045381
140.29638560166902,38.3684164293012,133949298.55053115
140.15769610867198,38.4467289316011,187676601.18478313
140.24786247446698,38.4675352307631,250922009.41108683
140.379709005162,38.665298773431,224117950.9796999
140.28746532045298,38.6240562730935,153572954.16736796
140.191338800733,37.7673726543564,253701462.17952248
140.109965745519,37.7117288179632,253529713.8753327
140.00122719379496,37.8132623115984,410139774.1391147
140.213166554406,37.9447352039943,400066273.2366977
141.28297798923,39.5629066456668,184516692.1251033
141.159168554745,39.470464580797795,209518815.0080227
141.20569047875398,39.3500770090923,270671211.3226668
141.40387523163,39.4765488013149,282889875.87461597
141.36573092644198,39.341896866521694,254057624.77049956
141.776884536969,39.1411249390557,67660360.14015882
141.690339695652,39.1361955580431,214522532.85070553
141.62199916038898,39.24075085813409,228851715.39239645
141.655256331006,39.39174898947749,382410494.17247415
141.84867534717,39.28590451131719,108289532.61736019
141.79538767647003,39.431973261648,377257056.23369193
141.406166589138,38.7352465372884,81952992.04826176
141.462507374496,38.6826852289449,40436638.74781521
141.343132853142,38.641372358978394,152170320.95719007
141.3994736385,38.5888110506349,99557939.4557041
141.474892765833,38.8982456247495,133637787.2048461
141.59185045889402,39.0067956513279,111154871.00788501
141.502210527117,39.0154309857081,199885254.93723553
141.577032717483,38.7909350742111,
141.51607491387298,38.6573891471394,104968163.44700551
141.503574894,38.7560643632976,74850350.14632294
136.269819305235,34.374951769705795,182000334.5236408
136.341593007147,34.3096435171842,56322703.77269131
136.39991099476498,34.4821514643309,128029508.32371545
136.385430399636,34.3803593145639,93127090.15069422
136.42885354022098,34.7356039128846,120432850.38677932
136.481313996984,34.6329963559998,114192731.61568244
136.549495041531,34.7364754210584,182321770.69941318
136.533863488176,34.9223615762505,234086240.33398977
136.452791146221,34.902729693968396,191960266.44976616
136.078303065441,34.67005027690381,104666142.92318667
136.12205002364098,34.5977996316909,159458393.41635928
136.079783814018,34.770804898434,111988768.43408322
136.18599568176901,35.0004479175021,86372244.88147298
136.114161769212,34.862708530485,134264565.33956364
136.19440128112498,34.8831754925841,174942499.1279637
136.066749160947,34.976979951533394,106951744.33301236
136.10121360082502,35.0521060541718,63546997.483393125
135.583980752616,35.2943888534688,116065490.73126589
135.60851993178596,35.360008668831,23374770.582977485
135.51119468528398,35.403388597404295,187482125.07746965
135.535733864454,35.4690084127665,11155597.426401068
134.515094818566,33.8399225043165,66754207.52672526
134.562221552088,33.8747569571895,91098686.75050417
134.47051242725098,33.9127624925892,37908378.73820343
134.495705754333,33.992064010311,49973368.69383875
134.55191497284898,33.969667815487796,77172247.38120934
134.28714876211802,33.864288802776294,106652617.43011999
134.26340568333,33.947242438249795,100287273.29359539
134.19551260998298,33.829506374700294,146466501.14607063
134.114429872401,33.858831650546094,97651818.46241407
134.150108730825,34.004759543964006,97609257.82030056
134.092769072031,33.951131184336305,139586506.36306766
134.07913499557498,33.3901235283792,55656010.60583917
134.12891025088499,33.3992930323371,87300848.14515914
134.15517330765002,33.3223053658737,44288571.248962514
133.826317386531,33.2422616437131,
133.785680847258,33.2760114113988,
137.450052860076,34.750941057016796,69539223.9340926
137.48734447720798,34.7937185611719,66581292.94581126
137.51767039098,34.6967136363012,29180694.303012047
137.554962008112,34.7394911404563,59370536.19781351
137.104498852266,35.0837759108694,143869200.21311912
137.141529635484,35.013526907139,143596224.784859
137.096679120984,34.898911165526094,70601937.78891279
137.025383384604,34.839820610505896,199920567.17214507
136.941606493131,34.84931448502349,142849912.20388928
136.91636550748197,34.930753713286194,160947381.43023548
137.00858795431498,35.0936645442405,47001476.8811573
136.949082015504,35.0457642137526,178065871.9182162
138.93162064181396,36.865938277142696,157210654.06098095
138.880095894804,36.8191669690746,86860462.93946016
139.00690925219996,36.714553311486604,170163056.02446827
138.95538450518998,36.6677820034185,90716622.7041196
143.61711495219,43.473503475207295,314890468.6780271
143.897429464602,43.333702240395596,521796430.0045569
143.72504765784,43.28391897455339,444110923.8239143
143.618826507684,43.805393900845495,258731063.54102165
143.96303118377398,43.909224330430796,337454727.2713118
143.69205189108,43.6599599603607,324872926.2195035
143.79651960992996,44.03975922430261,564417808.5154718
143.631330137196,43.988449050833104,372319322.52762216
143.18121988272298,42.766419980295005,236280798.33676094
143.311778578881,42.802163070628495,304900760.46921575
143.40862798297198,42.673104812745,190969654.9932022
143.294306662914,42.5664163863213,216633008.1915742
143.175022789161,42.6156185099502,197491433.77929237
134.070648390987,35.320545396552895,153657474.7596556
134.134207711086,35.2569210659556,108254887.723259
134.119219206753,35.438857608481804,127157407.0163019
134.212079686443,35.407090063554,157448472.69452453
134.22610992327898,35.3190999871083,72397107.71160822
133.93060186037397,35.254178755880694,283596052.19462454
133.84492086933,35.2837262848323,201563059.36446396
133.96096993659597,35.08397638148699,101767514.68465139
133.85596589805,35.0266735246791,135384242.40569308
133.799843017566,35.1203291761773,204981289.19012374
134.133693575838,34.3372454903775,238433308.84647757
134.160380676861,34.1114202148302,201209974.2736532
134.091432525699,34.1949150358464,260652590.5112052
134.23063056117002,34.398388609787396,155687541.97857168
134.303108332668,34.3114852519923,182114021.20591334
134.261301363783,34.1265819268407,131170683.40287222
134.315695763799,34.1863694534901,101291523.34191096
134.00850027975298,34.8576790598157,236438890.16039556
133.887308340159,34.703111756425194,143172356.9032004
133.861418502735,34.922137014708895,222442755.73307097
133.807949786808,34.8406567218864,190776405.40510494
134.09137004194798,34.5720565655883,179634429.12924537
134.009069532822,34.6763295952425,212464759.4863724
134.076792756489,34.749416605810495,189287610.1635377
134.205226488498,34.532756953942496,125907413.33426799
134.271932410572,34.6267109369379,275731178.2306686
134.22579918768898,34.739097559151695,156973214.62102538
134.068319567226,35.0559312282828,249463029.98452994
134.11039730569797,34.9341704165817,281768026.41156286
134.250501253902,35.1252820825038,104144295.44033991
134.16047873038798,35.1503614863126,231331011.39012358
134.305965706902,35.035868460093596,77389845.4297783
134.324787861165,34.922807357001304,206217845.99745065
134.248800094035,34.8601380322272,229622219.1174653
133.192481966412,34.4027285990784,182168519.50794694
133.24320701673298,34.5226352348823,139563929.53279415
133.18301866617,34.5966320031321,176549887.4438411
132.948279895728,34.21942657711379,174982980.36838093
133.04984168186704,34.2335506782291,286218619.5828417
133.099718750328,34.3788121519623,209252497.54062912
132.89151213307198,34.3044448094403,135109105.80370316
132.995182488333,34.5581462724234,278707616.8927071
133.072532942514,34.5188004134028,127056218.12162176
132.87138660582602,34.424843354714994,227838958.6157934
132.90068098276203,34.524432455142296,141507459.52342567
131.385978568152,32.219017935317396,244063022.6868823
131.46448426013097,32.2871252432388,213447512.84166542
131.27578230221397,32.2441563898872,221978742.41307595
131.469426982476,32.4159841433934,294258486.9845634
131.396658856683,32.4865435524135,119728702.1025668
131.20958115965698,32.3590615495554,190046935.67224964
131.269401760332,32.4530775290172,150246627.84489548
130.344777778644,32.6517000511119,70306003.71523549
130.33523194998898,32.5529431331247,157024814.2648327
130.19538525939,32.5517351392695,193949465.02047896
130.251722241795,32.4815284583064,186140740.53270692
130.313285598177,32.7221397924333,27809913.654815115
138.967058657658,34.9477316109933,45258442.883201405
138.94183676010002,34.8979905212664,24370384.03430436
138.86669169535799,34.91393204862089,34072845.392753705
138.817263135375,34.893573601335895,84465097.31190234
138.814398201897,34.8287494693974,58906771.21551959
138.761719233654,34.8091878250908,7269427.223206702
138.671600206458,34.8793210833969,71828681.06378248
138.898793628177,34.7578464347433,51467685.60914767
138.847710916959,34.7835674973798,80260548.77684902
138.870850519434,34.6726587396981,38954413.79903023
138.794561395776,34.725128527861195,46116297.56379705
138.812011063968,34.669775802020695,57606082.58756089
138.515281413234,35.1831653932605,157679656.34649792
138.082440321672,34.71417212194469,24634030.17506763
138.107685733545,34.6900581015879,19536565.45518439
138.052312311441,34.6837262741673,12369848.473222815
138.077557723314,34.6596122538105,11870524.857661948
138.17193226158298,34.6350183634455,16177338.464212157
138.154041364185,34.623402805784096,2354682.0865138406
138.143281420287,34.648266692813394,7557013.447460809
139.12363863809398,35.3898202890375,71619944.83906487
139.062156303609,35.508946673541,73582369.99060145
139.121847227253,35.4811663341861,149507119.10282978
138.970306899468,35.4127328478858,88878053.97579673
138.978159964083,35.3239576939557,142104437.82872263
139.06507255528797,35.306291531081996,80428621.12146306
139.102823123187,35.3365193136681,48075999.13824764
138.678516038139,36.5142513290214,338792418.68479705
138.580132810779,36.486460329732594,77099754.706897
138.72152835314398,36.2648108555634,137271741.46002063
138.76982666282998,36.3951680572062,369486780.3026241
138.59949865733398,36.2733704818485,120590369.25508592
138.524492628687,36.333259087722304,72386926.46891646
138.54230221755,36.4076789496585,114664845.5606542
137.690162646696,35.5051340531745,272227889.0218728
137.019510615273,36.4586708632905,316253226.8128939
137.51090125129502,34.9982262816879,125370533.4885736
137.60159345116801,35.0354932162884,98502247.2759749
137.605651865286,35.138590812497696,90472811.7730263
137.50911853625098,35.199476187018,136053526.87876838
137.45427839081398,35.106312650970004,238464409.31105712
137.31038058203399,35.1432136125048,113466973.30378684
137.366897963064,35.0861286639039,157573180.55032444
137.331678838662,34.97206648792889,71568188.36598352
137.24144000011498,34.95535489592189,89412990.03630678
137.22598287264898,35.028349711377,117778949.56636983
137.308608982545,35.3583462154263,183266082.60484663
137.380354020657,35.3904144166188,147062459.82592937
137.38674237842397,35.5221419728791,180515605.93432477
136.75834474780498,35.4696294616554,96971157.89763883
136.600996890831,35.5302070709553,106493738.2260082
136.641595913856,35.4181803787449,82030068.30948383
136.580448402552,35.443153094223604,77634803.49548395
136.486525472451,36.1229740663275,286678869.877258
136.36820317586398,36.116418102656105,161159106.18268022
136.438332412239,36.327729503735995,180963744.39166945
136.51999243542,36.2513481289707,269018484.36658585
136.29422688423298,36.2814354456048,155423511.99376014
136.257564610827,36.1984981071681,79697433.71448107
137.04531027838198,36.80234568003839,137739501.52448145
137.121452643384,36.80952926760779,58822380.09243971
137.047131732885,36.7123726639065,74531511.07011132
137.335815354969,36.5924947655619,194998136.6912829
140.140628605593,36.1299598623447,123028878.26325078
139.98816242373601,36.170259541640405,147008942.58196205
140.09913438876302,36.241139594926196,119590576.13959774
140.03697427872902,36.253617215705994,119271587.50640292
140.196135081057,36.62474825322389,96700313.03316714
140.106572561538,36.829314391564196,157955857.16766846
140.026148524746,36.7115394465699,242880043.64243987
140.046247894608,36.498373324313995,253931586.68804297
140.07282739305901,36.6075433835496,184731912.45056105
139.885934520882,37.5535537060563,234993688.40946373
139.900561791342,37.706636492246695,414649220.1039522
139.58539899410698,37.5972599189979,315926023.62194335
139.656600853209,37.8214745502924,
139.79042901238802,37.8996925710414,
140.15536506179998,37.177625592960595,185018445.79534954
140.139369151551,37.06405880610839,192023205.68626204
140.33108538801,37.229168160521695,194930407.38351217
140.25168437557198,37.256658611535,107541557.14656864
141.310278338922,40.6945780602075,93464097.02430208
141.41475196718102,40.6580115072285,92388864.27772523
141.52704988626598,40.5676208528646,
141.485189446062,40.7827920049308,
141.370141888635,40.97045544870959,42548115.10198606
141.28788932138102,40.5993414521541,129828390.98815882
141.39236294964,40.5627748991751,140045241.59531122
141.229786522242,40.4559086298708,244086074.67766875
141.19783628425202,40.5672054684072,78616426.67071669
141.428579014338,40.4276690541108,205342385.63087872
141.35605562406897,40.35293876855339,200084247.03300223
140.75828934667499,41.02464669237659,233306181.58619615
140.754474764838,40.92094344573839,99030787.20815209
140.93623397709902,40.55299726603619,237607500.97903875
140.83001689653602,40.4314950778035,293655607.74858993
141.365748404694,39.955389130493096,221244348.5941255
141.511439400804,39.952183252113,193027318.35555217
141.522192405396,40.0928454871494,219697883.3069615
141.3993709821,40.1995663793262,202991885.2800401
141.312781911873,40.1027523996924,326521112.39739245
140.013255747486,40.224768110900996,33536693.22389121
139.686062723394,39.6689643888318,
139.952401956807,39.9348805495563,242477776.6892274
140.343911358618,40.149760723056595,122959782.28275402
140.434635508629,40.0331834009547,114609605.64720342
140.37666353640597,39.85819827221759,289702309.8662393
140.719815761085,39.467339025384604,218234235.99101245
140.62764519906298,39.391529004811495,177279371.98159683
141.47227381775397,38.5061834408889,49081682.92393433
141.39674006188497,38.5109844787371,103703104.90988246
141.47687263782598,38.4114147373737,77763129.7808974
140.96218757148,38.26669235205959,69171128.29677294
140.891588805396,38.3038951120782,80902294.63834962
141.041066869428,38.3817383519757,134561209.83350816
140.871352025943,38.4219984248991,67429589.818869
140.922182992338,38.513560335125696,241529507.35745725
141.021299069739,38.510503022220895,291151367.38818765
139.41642110358598,37.886699821779594,209185816.51163003
139.334816374875,37.8087273214761,226367125.6172484
139.757759986284,38.7260572543086,216373813.7592318
139.663065233373,38.9232126377985,
140.168886352869,38.2077151653681,115465422.59552139
140.133425545971,38.0992682124813,216471087.7242425
140.110055886504,38.303120711526,133136300.91270626
139.987349801673,38.404795386375,314281270.7056694
139.86989932789498,38.308749955212,
139.885777483254,38.084289186867,402370609.1453634
140.002859240574,38.0234391564786,247789890.15375784
136.351683194694,34.558285054877096,111051183.06347156
136.371348431307,34.6988580465054,121800190.78083573
136.26542889765298,34.5218011576317,175642386.68815702
136.215165067872,34.6250358657951,190241667.01115304
136.325897540184,34.807980230195696,126568648.73497368
136.25596847379,34.7706419467308,193255483.4692255
143.927342366346,43.514640827394,287462982.31336564
143.829897498474,43.651314046705195,374648829.5882956
144.047796919686,43.6327947631521,186121961.36254728
143.95035205181398,43.769467982463304,280590362.81279004
130.26162488476498,32.7887176249842,75252240.13516474
130.268085645291,32.7187126565145,63118877.44821159
130.205119729179,32.7896132387472,65005554.76764561
130.16621496004498,32.711696996483994,46620752.2572045
130.207640397087,32.6666846485023,45714634.62212453
138.853918259496,35.0391044847921,37641258.034105174
138.86157222068996,34.9744773811488,81521755.25617717
138.92932196170497,34.9892293081419,57525253.51943176
138.94566853355101,35.0552399770815,41844137.4115023
138.91364919913798,35.086966295799,22969184.859541215
138.57003401076,35.1257349178824,35362222.440815955
138.63563832633898,35.1611255887947,46509183.14610287
138.536267057793,35.0535130767888,32608299.06449729
138.694855334046,35.0835946213335,135415391.87018675
138.620196444015,34.9827288722505,235486100.16366512
138.713180404689,34.97741974588289,121390957.21656168
138.518738237517,35.3202097107915,34450225.80856591
138.536587412421,35.2672500736182,88417261.48357514
138.572456085195,35.3796140530965,22713090.029852558
137.761550430537,35.690512201839,154931297.62770492
137.696783154579,35.651747339046295,173660580.1531503
137.751617883891,35.83166776820399,99826363.20167406
137.54383037472,35.434986756605696,204365966.8401683
137.59468654859398,35.5231323208344,170522985.81341535
137.459964108852,35.5394613554343,118530736.99104284
136.70462082406797,35.9742837001845,267603050.73160693
136.80295199663396,36.018157383710694,324007917.6996991
136.97697173958596,36.32931922174829,163910720.60781696
136.816647150315,36.1496531638176,331556016.82731074
136.79637695753698,36.3408374331453,217879310.7965791
136.700849324589,36.2619819841455,289830681.7933656
137.06428195102498,36.024712679448896,210558664.1286604
136.965492537621,36.141312144003,171738750.44234017
137.030289493944,36.2421227529339,211961298.89165637
136.971200700081,35.4429664835532,209267204.45638552
137.04126272984396,35.39007178821841,98859013.26425192
137.18892414222603,35.5344182307972,112728483.69491583
137.148698031906,35.378669719872605,84679939.36948791
137.214978773169,35.430583462312505,193988264.54045337
137.194010843505,35.771157449841,86487800.36585677
137.313683045088,35.6567013395967,202053379.67580804
137.23014867602703,35.6416685560254,161082171.78202945
137.24937498320398,36.7074849080643,95487630.74350083
137.25425726825998,36.6110365851945,162049651.4022107
137.177701714581,36.714481679650504,43787763.618020445
137.113482250503,36.676948117715405,97066136.56020644
137.11104812393998,36.5361489167103,245799036.31194937
137.180149873074,36.4772341557756,104082451.7743315
137.333649991527,36.442071330409796,252010687.29884973
137.452553909946,36.476790529476,229891362.0487854
137.23608481568698,36.361014475572595,170539131.25440186
140.13074362419,35.9992729436769,112128926.13856295
140.111311987548,36.0767540791218,1758500.2413759097
140.060843021616,35.968926720936004,156168228.4656298
139.989519194712,36.0493073850657,131567097.23765108
140.021005915725,36.1045761376377,1966933.7626775755
140.23519212162898,36.7036536762258,87068068.0586285
140.192308470423,36.8042237515458,175640072.1426617
140.348484427932,36.7205085759006,128515847.70820035
140.388430132962,36.7910098927305,103585676.3433703
139.45165097358,37.34884718175599,134317020.90757382
139.323976255662,37.1620659000855,180847529.13340876
139.40952230686798,37.2033528006492,178494234.3100237
139.48345281307797,37.1348431916286,191789341.4090722
139.277498413911,36.9843817792746,310452940.25921935
139.44049059639602,36.443343685161594,314767260.4778311
139.39202089718398,36.2756194659276,308243005.5770911
139.43664856730402,36.1102614517161,295961854.3415968
139.53382376547899,36.099021222184795,255615187.4347496
139.618459237752,36.979327306439096,291165040.31338817
139.48396691166298,36.9984431203332,180276314.7403315
139.393007241873,36.751695712875,337286190.9958896
139.363558563702,36.8892686085429,280958604.1755014
139.31663847617997,36.6617349248535,183779155.0988495
139.351795403469,36.545725201986,198471508.4501237
139.172033711436,36.633432751687195,198584350.80640692
139.27315197859798,36.426909485745895,109852955.34766962
139.181943643677,36.4661159183772,358331232.4572301
139.88577921974698,36.866374947138,204782989.52007484
139.92501387255598,36.7395090173331,189228484.52384496
139.975419874785,36.370427617164296,97253152.06561716
139.953989374716,36.4698313277991,133904639.97776094
139.88628796220098,36.3166864378197,178972725.8702407
140.91792002201097,41.0846748162972,211722207.6963063
140.876389222173,40.98396166461959,156136754.43061635
140.95244293604102,40.710822959221794,450632110.5007906
140.853957335586,40.795623536982596,157583056.9529741
140.872574640336,40.880258417981395,33244786.752891637
141.14462309277002,40.3833540103917,296245797.2915274
141.027268859367,40.43551098717239,205378930.20613402
141.12477151146,40.2256239309771,188988559.13442838
140.95600482648302,40.2003905698989,241210282.7274253
140.92105177880399,40.314008798939696,261920348.01226962
139.762216740564,39.9297183298299,35375042.63739915
139.862885599338,39.9822409783731,128954059.38535447
139.922422218414,40.131646696640395,247062434.12855506
139.788606268014,40.1585318141931,
139.89663040785302,40.290945495834,
140.046873415383,39.949852198908296,134405226.13120806
140.12310702792598,39.8027362303098,169164892.43119666
140.242183225782,39.8630861937099,389435554.59996027
140.25199589441698,40.0673485271004,384301195.7009613
140.13423686816398,40.147480406777696,325495342.0157276
140.048190586986,40.0903340419857,122242822.55238199
140.70770354242802,39.584454968619,192805197.97207317
140.627952101703,39.6493514106591,156069444.20310253
140.83049560866,39.648765920214,162790277.10956448
140.82602261267098,39.812256787825504,378205192.01686525
140.703548324658,39.8282797283712,241098762.7429403
141.45693499179004,38.306886731553,18042099.095660154
141.44475915616198,38.367669922626,29230072.786071036
141.361015091406,38.348174066073305,91877528.43677805
141.303252714888,38.4291718578174,118111842.42076737
141.379332639468,38.437215849004495,58196802.59975395
139.171737127764,37.8789663155409,168320021.76608875
139.292592950973,37.8899358981396,248872.4605236296
139.183902661089,38.093327806914594,
139.34149528358398,38.146559789183996,
139.374197679684,37.9679083984431,252854.35645681826
139.852033827957,38.7455729192136,200435433.21839514
139.94728608511198,38.592168316874705,307762047.34452057
140.076854653626,38.603625705687904,326590209.6288947
140.14798836620997,39.2830529794989,200590734.19262055
138.593868720384,35.349142693537196,33693547.49144217
138.64153966614597,35.2122878520567,37253344.37091666
138.597241349754,35.260981861502096,15946382.709500676
137.6750134551,35.9661589390752,164538095.6445197
137.679557127354,35.8658205015891,122130183.7801681
137.624469313353,35.7713723280177,96970190.13492243
136.67091898458898,35.749024716669,212460126.9514623
136.75483970167798,35.8270314482157,161259101.88241965
136.68076530652502,35.6113418613315,160358259.2366194
136.776965652195,35.5757369675103,233269529.9271932
136.98630703929598,35.5839598571391,279951818.7411169
137.077671435276,35.6126284149966,169391449.7349526
136.872962594874,35.6655475458876,208848525.97505653
136.86068296629298,35.7791591712555,123726674.60786104
137.102996175882,35.756925323862596,318265293.1684872
137.029209751929,35.897231957795995,328133774.63603824
136.91672518484398,35.8823356422432,142387693.47869822
137.596057108191,36.2550192161586,
137.48953220174698,36.3220055451891,
140.252978789451,37.0303555531041,148231348.74148676
140.26516299090898,36.9145877173788,227619010.9146624
140.34799234714498,36.8845189588887,108607075.98295091
140.348375712138,37.116431888943,145116482.38784975
140.436370318464,36.9879546676167,159756062.9852655
140.44893788491498,37.1040997619457,146808601.29046077
139.55897395687498,37.35665024903789,166991760.43814048
139.75716736221898,37.4733161819445,163041130.27931342
139.65487813883098,37.477373507837996,321851738.261416
139.783804408248,37.3457878373877,170850419.48038965
139.57814895918298,37.2312586011234,183725673.08281264
139.773878844237,37.1852349682803,277486993.11474293
139.67879858654698,37.1306328833682,306409087.0992587
139.82953336489498,36.633985840372794,171470680.67112476
139.845614449959,36.5273994090819,114353574.86685935
141.13111281393302,40.68506159928209,116355574.84624991
141.06191777746199,40.78374743071199,194131358.52700758
141.28552238476502,40.8709405065324,207535569.19141197
141.22881835240202,40.7565597447525,276327656.36595327
141.223562451378,41.039683277234396,443755389.45647675
141.095525366367,41.1168157335507,430057976.3289795
141.02118409123798,40.990288660190096,182849912.75991565
140.28484546913097,39.4979287951017,240333075.03485352
140.51255514255297,39.598227528558596,241098943.3813756
140.500136021256,39.4575210659454,188220281.8660707
140.393358673392,39.3875031721017,326174510.7711234
140.37154508830199,39.7056847527615,347562301.0691995
140.49247741386,39.7359655923747,230955243.2327743
140.51070590749498,38.9489075483838,264120068.07157475
140.407098739248,38.85114959748989,258764583.09795216
140.28100884616498,39.168291613116594,243252399.10627392
139.88393958039597,38.8862034124245,163890813.29606512
140.09696112277797,39.666586279666504,261895934.74773112
140.173956419145,39.4906874466423,335963263.6892415
140.11197231484198,39.40415876104289,143112968.82893643
139.968546172224,39.7441875630954,274383873.92060596
138.67830798228,35.2648116548178,94498739.83457549
138.70220089275,35.438139868596295,132162224.99240698
138.64008760803299,35.3628358840812,114069645.19171004
137.360940528867,35.7541662451314,159061297.35868114
137.542684029366,35.7820162521855,168842671.50250533
137.454400298622,35.6790433175088,93643584.51894894
137.51952177249,35.680389530873995,144117721.26457024
137.591498804067,35.9757769828413,104451316.59373246
137.575690441728,36.0538695031416,96296159.07093874
137.514257192334,35.886082469523,89569444.51123922
139.72813686222597,36.656329655434504,222757544.22367865
139.629486044961,36.8355866446095,367221955.313566
139.745789103492,36.8036311011501,263372053.31982437
139.524442397043,36.7171295628357,155809344.01581255
139.53676882427698,36.5247872579898,221803995.09667102
139.79918175702602,36.3503973350595,196558915.9621921
139.77993874485298,36.4617065956869,111740220.01739429
139.710594993255,36.227292132810895,220833167.03326753
139.621195120803,36.2577861807678,240918554.0168526
139.61537141989797,36.4506855965637,299096572.1322037
139.68552828017698,36.5315008092342,106811392.47780494
140.433378667659,39.2707824873375,166684321.83937612
140.39590183904997,39.179918058355796,188331479.71233267
140.51384702001897,39.0978723140841,127429592.6518702
140.60307778605,39.128475602782494,115998732.91503812
140.579808609867,39.2201666704254,141309561.7360709
140.302511235711,38.9131259205711,303569023.0929256
140.250262677756,39.0483177627015,298708822.59314466
140.226909709953,38.7711523523478,169991671.77317783
140.106465408921,38.771528084104204,369730402.58636403
140.07699833592298,39.035517298875895,270219698.2665744
140.008802592846,38.9007011885019,304504032.94905967
139.989314378529,39.373496221270194,81608963.73147106
139.754144457873,39.4236375826326,
139.922883532278,39.537626190298504,
139.740787427043,39.09149372634,528265321.3937566
139.867387932393,39.034968836061,120117032.0010144
140.025330429897,39.2523904397262,263051850.9140686
139.985086568019,39.124828609518296,227943942.54912382
138.72596853574797,35.276438666000395,45157231.71125317
138.837512220264,35.2421951266968,120568485.668721
138.78414763392297,35.192862141488696,136616290.4852411
138.808241550957,35.3710401105765,103785995.2080078
138.75679753587298,35.3840943253578,60283342.5446536
137.406852880506,36.1750286376831,154291196.77483043
137.464129322289,36.070977614826,146117146.6364423
137.195984726097,36.0590240653005,302900316.6535348
137.430811181103,35.9714038961937,216094195.6430598
137.178154715943,36.2003019251016,262147613.16213626
137.27230941286498,36.2487567671328,164718197.66721517
137.251927194624,35.94577546962599,135443110.4197998
137.335322510925,35.9137514813451,333444068.28814
