lon,lat,area
143.76847110172798,23.153161739937897,
130.88113346771098,23.667593406959703,
144.0305451717,44.5283231733549,
143.025193313607,44.96716006327709,
146.108150240415,26.147908645296898,
146.097534235455,25.994993521671898,
142.169911646994,26.929515394138498,
141.588438293478,25.5390853197183,
141.87972010571698,26.1671446428381,
145.516060881939,24.6045634472517,
145.80734269417798,25.2326227703715,
141.06857384178898,28.0999328136912,
139.030932113007,25.877357906076597,
128.404064506047,23.077746903175797,
141.545443520052,45.39475982669099,
140.918061644514,31.7580894281112,
137.19257184075298,28.785454548995105,
123.49796357853899,24.3114735055104,
125.105641471338,27.1687801446039,
125.06656594594799,24.7384207731804,
131.14132941884696,34.7916764157402,
137.488229861994,33.430275039493196,
137.894292005052,41.2031326233318,
134.573261241342,38.7350622287211,
124.43498779007999,24.3820576760541,
124.733822196984,24.5754101318748,
123.907786772121,24.273119080336503,778437848.6816719
125.748733372383,25.3071026136423,
125.52163684763998,25.2699379398147,
126.67098305819098,27.871783929527997,
137.11027031172898,33.1498612453437,
137.159438414427,33.185846486459695,
140.90142485835898,44.3368052683941,
131.87560490728802,30.092469597085497,
132.798448263723,30.655465482199798,
132.85322523214498,24.067757841847502,
133.83656506499398,26.5458136774809,
124.07625030408299,24.431478205840197,
124.376354797299,24.503252127730196,
125.558340263598,27.1963348368591,
125.858444756814,27.2681087587491,
128.076517570683,25.5568829121144,
138.252999397392,33.7699876638333,
139.020902472738,33.7517559238563,
136.52144982966598,38.7282225977526,
138.279012835788,39.4061730542601,
141.389531759454,43.9640650408113,
141.164338677681,44.9424139688007,
141.782827239306,45.4370971035399,35833484.88799838
141.39871006153197,44.814591140028604,
145.06431205134,43.955018901849,219539829.1462057
144.89424479976597,43.9205246019573,426305106.32000256
143.93005668488698,44.235056240981095,
142.857016486305,44.208473479189806,344848967.0355137
143.064639681909,44.3148752712798,242628532.62670764
132.074819650488,32.6979266779869,
127.517295181848,28.5188066394528,
127.919224178262,28.717672700857797,
129.060288393762,30.019076786433903,
128.47345056008098,29.128885004514895,
130.83605572926902,26.716019379875096,
130.379770159056,27.4960242412548,
128.91084818261098,32.921937752305794,
129.36058043822098,31.3362943828341,
130.512816176457,34.568044413843594,
141.496717149843,33.7037836532298,
141.56949864763197,44.320150961991295,482061579.0025466
141.48752693895597,44.138855649002394,
141.84382476560998,44.754066658415404,295938976.8676714
141.612600287037,44.4838589415561,461299696.82036036
141.607629134202,44.6486792665419,
141.488092092435,45.078804483051904,
141.42644878738201,45.2966542385643,
141.25372070858398,45.20662731182399,306870446.16243833
141.663832506636,45.3389915154132,55080292.48643087
141.919771860141,44.8461038961045,214426663.17819434
142.044266802735,44.470896182295,704529735.1081986
141.79328698989298,44.4474010590423,137574510.76550177
141.887411763141,44.562486597337504,383043530.30620986
141.75018535048798,44.283693079477494,160666683.06983012
143.423642174736,44.157648918820804,290136973.0223371
143.387138638788,44.3003233132878,167391067.843716
143.244043133103,44.148389926812605,316811270.53743756
143.207539597155,44.2910643212796,263614983.5824847
143.21912028563702,44.79660519113669,
143.570565904227,44.4959218998063,
142.70662154397,44.24267857867109,243514669.586529
134.064325286694,35.8298089990995,
132.10204013816698,35.283260287436704,
131.193159745296,35.167518350121306,
131.88891876576898,35.67444890866229,
132.55363711728597,35.42378220084,
131.798422256325,32.0306474542494,
131.885178833133,32.314503744448196,
128.893897611171,26.0286653018238,
129.00298532130898,26.1261080195775,
128.09967311823002,26.8346830116585,301182586.1704482
126.473418723267,25.757336348432702,
126.782465642151,25.6727307925011,
128.483903531346,27.384713882070603,
130.727878261431,28.238354640124196,
129.496480506855,34.2187149312855,
129.00589207393799,33.38275084738769,
126.94527960912598,30.449097589053,
127.23281713916398,31.122789280146304,
129.311745182235,33.625369412438104,
129.514796085114,33.7876418052426,
129.495059955591,32.765712255084594,
129.519967071297,32.4087719963469,
128.81672590244702,32.7264889154775,218760027.71411777
129.073066699137,32.35421109798239,
129.208712966487,32.437987342186794,
130.369505888919,34.289863700030395,
137.791882470363,37.4319566526444,
137.473721316327,37.7003703885864,
136.113469601769,35.398332429738296,154549256.66613573
141.726298012794,45.1095994712451,411598691.6889469
141.867467551095,45.008375595645006,400820142.7858026
141.72931034819698,45.2797595768661,219775701.70943707
142.010232896466,45.1561491848082,458926627.04686606
141.988058090835,45.355478648535,322407780.24664056
141.848305080867,45.3778651649928,217495608.5630672
145.043913801369,43.664049942321604,123218167.22245823
145.110284296989,43.820629282821606,151358164.58729458
142.147043137407,45.0762900265227,449459815.83798903
142.350628916793,44.9026414074546,279574447.4101311
142.17527876356198,44.6078266218816,362280110.4865755
142.094370818499,44.7914542746132,171250290.30570987
142.178876750394,44.8738668158682,302112421.080843
142.49250059487298,44.832537389557494,483314431.0584051
139.95588941135998,42.7155885496131,
139.987322884365,43.1590217431923,
140.298000290184,43.579046527846494,
140.02597335559798,42.4556684522223,
140.02336362992997,42.270857688147,437196877.9296848
139.78237097160599,42.4256275392807,
139.77976124593798,42.240816775205396,695581584.8753382
141.784994529222,44.168423029302,236441132.34018895
141.66440697585,44.0138874524052,323771081.8300376
141.734149280922,43.877930020174794,498733014.108075
142.84607606378998,44.021532119862,829762138.0436994
131.077459289832,34.46356678165169,
131.235243633153,34.5119793062484,529273829.1384933
131.796015810327,34.884667615690205,
131.700748194708,34.806186221947804,
131.54690788027798,34.716287233745696,
131.76619230964198,34.66962507009539,151605937.96367007
131.378058310257,34.6071367422198,562733346.9025439
131.374510408416,34.0714068748977,240977005.99094078
131.299799120292,34.3203797214564,271992283.283603
133.75492576974,35.7658731923196,
133.903639120251,35.7993646101762,
133.37559587985598,34.3210365914295,
132.13529566894798,33.165518504127895,707439379.4127473
132.354052647729,35.070048162781504,120086190.79748125
132.73169893598998,35.553703532407496,
132.347849708085,32.9015205705615,
132.28284062630996,33.0560281642569,447562584.0173086
127.02543990229499,26.4319019514594,
127.063310404866,26.297221169884498,
127.227455102088,26.3755620393474,328619369.0273864
127.67894350539899,26.738048941031998,
127.61738640839101,26.5274789494704,
127.98304699534201,26.779843902451198,334539274.1483996
127.40129063013,26.322364075009197,
127.539647329743,26.3670000569646,
127.546192851792,26.159417649614696,211673860.59981278
128.023897346565,26.5231289045184,117766957.75244975
127.99215810414,26.625940325681402,292682395.571878
128.195761885059,26.942642241655797,375057033.3872361
128.329869406299,27.123255769830003,
129.42400753821002,26.7522019159263,
129.20501313650698,26.4139378573818,
128.26208107581002,26.8639120111329,53275674.45791656
128.177194195347,26.7062614807626,
128.80482119970299,27.676420950446396,
129.61648573179897,28.8309938636082,
129.688454194233,28.3905881499174,323522379.05121356
129.796444877418,28.8216759918219,
129.86841333985197,28.3812702781311,208255109.22648832
129.886822395429,30.612071679014097,
129.43811766039002,33.2237081712459,
129.26791081944302,33.0648658503999,
129.466291456062,32.9261534833572,
130.02396500313003,33.6395562796095,
129.82491523009801,34.023689149480795,
130.154114376891,34.0860380389683,
130.485650186661,33.7777917656784,124433580.61820078
130.03014782478598,31.212199074605998,
139.550095804779,34.785561812595,147483841.69256648
140.11902030330597,33.7665580674939,
139.548181582887,33.2574045016092,
140.608932993804,35.5787400495054,
140.325765040098,34.6930454798202,
137.920295817744,38.0607020138202,
137.840297128413,37.8929042066124,
141.93995283184202,39.5848225181937,26722992.723992046
136.22521794581698,34.0624426140801,79972548.92591725
135.889359495021,34.305633499559406,114444134.48762605
135.757152297063,34.2339351451119,199265806.62058473
135.789879537345,34.3374212524662,113022203.52065113
135.846906397422,33.8270458944396,40359842.886796534
135.923171003532,33.80240541206759,72945003.65710093
135.783102535113,34.6696344101613,128059397.73224895
135.791987063238,33.9727005821808,119851872.71373191
135.80160814436698,33.883839871473896,130643327.09179138
135.50986045538698,34.0792987412988,210826751.0394497
135.668936986143,34.227223002726596,220663676.84091806
135.679270922646,34.087630776012,106624220.1700314
135.612874279641,34.0406302795317,255756029.91444576
135.68882971667102,33.840711887036996,168579918.3106046
135.612811992537,33.8825721012636,184755553.38999274
135.344601909561,34.140747755782805,116729430.53822662
135.276403700064,34.164807635220896,81351552.91001342
135.21300398733598,34.08789935315159,65064596.41197957
137.315083488363,34.5319243618767,
137.166585406323,34.524041280263695,
136.15850454782398,35.4777766578543,130118302.04851255
136.10553035244,35.538505247388,75019500.81481616
136.30352402775898,35.534393214632395,226795518.13306916
135.11634118458298,34.8504805614042,148620237.09216726
135.114964958886,34.7645542585605,137408131.2618566
144.187383826266,41.9036050960791,
148.418583170682,36.9470101884741,
142.33865394107698,45.1504834411059,71262376.25957574
142.257051768777,45.14651931522479,162698022.46593365
142.37949045368399,45.0353876065071,143015801.99840763
142.696596109947,44.3866811693052,355573608.2092287
142.503858898929,44.680586605488905,432536493.02716196
142.472847040425,44.397624455533794,385818558.10038465
142.35274517181298,44.5422525049491,491441780.9814203
139.84080715406998,42.000018215802896,
139.656949148376,42.1168462671627,169301716.97650006
139.471035608256,42.0934006202952,12247421.166919736
140.191466294649,42.470208818706894,
140.04682967642398,41.9764498258776,117794308.77252603
140.16924694347298,41.911124314415396,261397088.3357488
140.106574054722,42.123318790179,192482764.9077747
140.228991321771,42.0579932787168,334369728.0086063
141.04122264384898,41.6760787733202,341044759.7210188
141.50714265385497,42.284128554594304,
142.081921493556,44.2254329017446,599599362.4055258
141.947342016183,44.121102890455795,346531333.34301025
141.947900453667,43.9288475909085,400850552.7995859
144.802767028458,43.7475068391306,606455358.9381393
144.90646378441198,43.6254217985223,293304918.1098728
144.270124721349,43.3888710219657,418387317.4897264
131.661946058643,34.6193468897496,11518633.746782267
131.53070271762297,34.5578577479454,16102937.514151746
134.57033366746202,35.5276379925555,131682040.53305742
132.49585156975198,33.4987572212568,96910447.12211166
133.299972749592,33.86252405660189,175245573.17407134
131.902482215955,34.6507852525989,178429151.52501732
132.27739791730198,34.9170449492997,256850682.70904964
132.84268295647797,35.3945434563402,154502404.84091344
132.86990873362797,35.655678713202896,
131.40293985185403,31.676660696465397,76216487.2212817
131.368611305052,31.7650286747838,123929779.72922546
127.656974985804,26.1646783864884,8087869.859946554
127.68829996632599,26.2375800122634,16707406.96684785
127.710627816651,26.1497739190842,84366190.44600773
127.76338680689098,26.1782650543524,8722981.09841856
127.741449567501,26.2262959011207,103094175.3807492
127.86872410210799,26.2421813914128,11893526.705626529
127.81773355167299,26.482166452173296,50688198.71162604
127.88840175747899,26.538832866965098,178241000.0438403
127.7931440742,26.310403448524802,101072788.76247425
127.92014099990399,26.436021445802098,78586752.38186415
127.87090680381598,26.334944540503496,240671632.11241135
129.028039022355,27.9218443039899,
129.293959187679,28.5203290175331,
129.492122276055,28.7144601931407,
129.564090738489,28.274054479449898,
130.14362369939698,27.418182338223602,
129.720017437593,27.120631428956997,
128.946796974039,27.783392351236497,
131.168621309385,31.680760693424702,510093754.04632336
131.28439420760398,31.6595066730393,200128922.29889083
131.208275646888,29.3509193631918,
131.03960170263602,28.9581946729218,
129.640957417719,33.4536464931141,
129.626269839957,33.22715114591399,160013187.53310657
129.774984130374,32.715547080103796,164410253.46734065
130.245409569792,31.3737731095866,192611404.29304767
130.380340002066,31.360889523740695,211950697.22030944
130.41883626205498,33.6346919817546,224108853.91956747
130.589915162454,32.3931200536977,161193681.56429
130.573989411855,32.2301671136214,209992662.16612023
130.672576432167,32.2100079534057,250603104.63084075
130.685929723371,32.48563377839999,159510004.64471373
131.259290708205,33.4690225680195,134692819.57365993
131.14405369639198,33.7204110063282,
131.25741154614,33.6669895260105,
131.125424636151,33.895156739673894,307635950.3055188
131.235263684481,34.0591691507925,200872501.59156445
131.19864073714197,34.1806148206776,328649758.1197626
130.89101515610997,33.3257065307232,137253282.39802048
130.80213457839,33.3244200237201,243448018.89019138
131.338608498966,32.860965787445394,237721178.53283283
139.610298760548,34.9435731728787,648010925.3762875
139.56762741477598,35.248022664884694,121888472.43008259
139.69344790813497,35.1870380669544,127735629.6636797
139.74680266545897,35.070948919030194,262775183.0372134
139.59267358324198,34.562990708597994,
137.84866037867098,34.9033393906593,41056970.94503619
137.978237759637,34.6450205141304,36665182.921655744
137.606000197116,34.5060407651619,
137.442060016107,34.5290914828596,
137.876924508642,34.695762176456704,49053244.42778161
138.642408279276,35.65867709133509,51037821.61240083
137.52996111845098,37.136338504749006,
136.88923597404,37.5424447420638,
139.425568272111,35.808644703407396,120989291.18181814
139.320737992854,35.7100916220345,92069079.15532273
139.394107845135,35.7056296452768,111169374.7256505
140.479301821551,35.550742760514304,
138.166674057456,37.0239223904847,157006482.0597927
138.068569225587,37.336887340193094,
140.90102651153097,37.5730489750011,123378496.76751585
140.84265973212598,37.4732283970572,269265239.74621826
140.92380714657298,37.374372806604896,255123010.2959686
140.954007909528,41.5498579466652,280708521.9049649
140.83070925395998,41.655013572051004,279076344.5379974
140.23876225791298,41.77478805407159,431298617.1182916
135.95455074524398,34.413978325326596,235657696.95486847
136.061786907222,34.447832091611396,189286803.2987272
135.893629721289,34.507659621593405,212134499.35024497
135.89787680987098,34.6258713269073,204514948.771306
135.971880058806,34.671415419375904,128092998.23811303
135.22591765583996,34.9077657253149,106901251.51799767
135.656535743058,34.69560535647359,43359143.23500986
135.738723696774,34.600391809447196,76384641.43100032
135.787178664126,34.498390462601996,87802094.98146799
135.748619730405,34.436496919242,112794319.42512438
135.671716721475,34.6160746723374,80412744.02548935
136.49845544933402,34.1523323225436,
136.33924415205598,34.137239781282,
135.926798670729,34.187600101413004,182383274.11246467
135.86816528132098,33.9955926350799,181658014.90126398
135.843664451649,34.117234971296405,195333194.58895364
135.831502727943,33.7576383105588,58688949.1865805
135.865392165327,33.5875584012507,50611662.02760584
136.038636419169,33.7735593126327,28918551.87517114
136.22368343595,33.8293359960732,
136.308514028709,33.944264264096994,
135.910872596829,33.6344618627688,37143896.61059045
135.93726715710898,33.730346869975804,69775769.05161639
135.894333927528,33.7061776881357,59084426.366104625
135.99214641863398,35.2484591005701,179521947.0952798
135.928146319284,35.187820229397,195610575.63090104
135.996301816386,35.3753007388044,109653336.9770233
135.713538782184,34.7825893412052,52995458.717990294
135.77309859893998,34.77230125778309,126846638.60144407
135.973360807383,34.7721700409061,145673344.53062615
135.613519145148,34.3415443431159,120839069.81566861
135.68003371302598,33.7299527993868,150341567.2926848
135.79475923932603,33.6053091160017,124854852.11432849
135.777408471243,33.7036731999429,146856351.74576113
135.50130860732398,34.202968020134094,118869449.53045301
135.42393035259,34.214403854436306,167907736.8397735
135.554916392676,34.3160602424475,62748789.96450098
135.518660791932,34.4178775197015,91452073.13823326
135.25294065327,34.2433372258098,118445799.88751493
135.12823916466598,34.1435846860614,91687081.34848107
135.18007320074398,34.10566275530039,16540793.256605769
135.145637164692,34.2439320053259,135403363.23994076
135.19747120077,34.206010074564894,25967029.95024844
135.157731028518,33.9268858164489,12050830.30548786
135.19920263760898,34.0066299072423,74166391.95398422
134.986984611534,33.8990181044988,
133.49538395985002,34.1935943739258,
137.33928666780298,34.7015153824119,105019869.87982263
137.587144199571,34.6814685446295,38914888.440242834
137.04180177926702,34.500329112717594,
136.943115092256,34.465416986945996,73704215.98107374
136.870809436878,34.4174715503025,128700402.45915435
136.15343493483599,35.6473261955382,108938267.59428374
136.10611882691998,35.7404868015459,155133789.66744056
134.91019179491698,34.8392050300701,116996679.36854087
135.01784533181998,34.98708956647079,180042435.23934183
135.026059596978,34.8918098390631,156242021.69551188
134.35005751728,35.882692707533096,
134.948053681683,35.6826420332679,76506306.13469355
135.09728086413898,36.6257162230839,
135.776765225574,36.0352826600118,
135.723738082152,35.932103320311,
145.02795342090002,43.1026680407928,95640878.76544258
144.022910455248,41.849444269036795,
145.009714281663,43.3790335898073,203060020.15770778
145.653045442113,43.29237797723519,43557513.84567139
142.80954251751,44.4824963368302,429289142.3074157
142.73690717510402,44.63177372359859,382349527.7043255
143.027191147137,44.444895538286104,305723920.25648373
142.89428629895102,44.6682410688327,
142.725548871048,44.783724507667195,
140.477458932525,43.219048680564896,244928447.21303716
141.08512889278498,43.776941503369805,
140.7543928197,43.6757432642058,
140.561056741908,42.6118893742344,516635730.4002135
140.18570736059996,42.6511096838112,350067780.6732629
140.193732861303,42.926530327658995,
140.356181531478,43.0503487149153,
140.382934715892,42.690233059749,500647862.8585552
141.535842640236,41.902468013465395,
141.94327706605202,42.076753451178604,
141.213957042015,41.564127921525,
142.11233636843102,41.9989103426013,
141.895204623777,41.3484051672912,
142.25935682158197,42.459901158575995,292176959.40432304
142.428416123961,42.3820580499987,199082618.1915207
140.377141075314,42.2746514527326,432822018.659975
140.382819977367,42.0881674473315,369664871.45384264
140.715195089865,41.85728397132149,22817447.811931983
140.786486863308,41.7785933881668,46422917.21618904
141.66048776447698,42.5579459437836,
139.25817818279398,35.799289489688995,111848754.57558662
142.258146532623,44.1747082170537,317487425.735789
142.528324702104,44.1870774830034,165900172.57909703
142.41609674268898,44.2706286133881,277113875.49493587
142.345423714032,40.3959034846521,
144.4774014816,43.87136518472399,384613061.4970887
144.61930111021798,43.72375957409459,317853894.4440265
144.28389232111797,44.0969785234671,
143.96268140208898,44.096591701819804,
144.63724746206998,43.99564470119609,
144.403870062144,43.970232548998794,49851326.95657552
144.89618098612797,43.3877530137777,306597515.4437862
144.81229468892997,43.49698797518911,166000097.97741908
143.985941192544,42.8417402521812,
134.023828766751,35.4897223841622,92537146.74723709
134.42781453080102,35.59697184647669,14723385.385402393
134.48632982202002,35.5776203014914,117290714.44968563
134.452978897446,35.441060312855996,162686884.83761936
134.368975052004,35.4910426217919,183866084.28592798
134.26540259695201,35.491446257091,143998811.97946724
134.310459760785,35.510394166777196,16631321.803701114
134.48521335367798,35.356974665595,201182283.00819707
134.397604052151,35.244617449107,349729233.0594442
134.867751866001,35.6170914189849,199447511.3116552
133.524970847532,35.3749383493803,214516690.2490952
133.10740585487397,35.9770797778821,
133.277641116312,35.781674863994404,
133.00145361115798,35.7126463135398,
132.35906828278198,33.3485188549293,232727050.4079952
132.4013532072,33.4849763204847,232647976.86586207
132.21599849119198,33.343051186750806,365004672.3160545
132.362353850859,33.6601456657983,411208041.24907625
132.70756376641498,34.3337829763302,233195247.34038815
132.565385642316,33.611487406444205,146717175.06633556
132.63409752710697,33.556549516116,179859663.8137749
131.88287386032,34.541588297053195,176371335.11872545
131.748492689781,34.5567306739974,189896121.66126785
131.723499376029,34.413720607767594,432448456.39052016
131.51675106626098,34.4432518573473,285915794.93304235
131.62300109352898,34.361730932921695,314955247.94673795
131.596486115292,34.175331445068,214272172.8200823
131.428662146034,34.3009312668297,243221939.44246736
131.466750486819,34.1734040901561,235562609.3198217
132.01973930574,34.8107198008779,115297131.49585077
132.002188897623,34.7019809951793,190650149.57178137
132.115006921359,34.8892011946203,109514037.98806444
132.18537318402898,34.8324024600618,217530570.6626775
132.626586134988,35.267021932767896,112790591.63604605
132.758363692581,35.3082748687284,159368408.07186344
132.611980002414,34.6724326013142,237052402.49178883
132.920112099456,35.176665320666096,128971504.56403153
132.76867094175302,32.8513066084599,118929027.99445452
132.67667078268897,32.77716183967829,117096490.18643342
132.382217860926,32.3616991601013,
132.245240246724,32.355990630677994,
132.917501157243,33.015435926886596,103858297.82141933
132.806393875749,33.285914785295695,145021881.61190486
132.773304068394,33.377612123978096,153204049.38388413
132.710067782655,33.1876101927381,128966804.21941891
133.34508506790897,33.569447025569396,150825871.07488808
132.72373114951503,32.906497943107794,75117156.15790386
132.631730990451,32.8323531743262,81872879.86292404
132.45105979604398,33.136430519883895,137996893.5467793
132.44658463027199,33.2513885279334,187363602.5678463
130.871796668151,32.189709027501294,201041765.93731305
131.12235186345902,31.8459684453306,305386361.2325217
130.96376945995198,32.098509937989,325180792.3885336
131.561076706587,32.173724599104,
131.509830338403,32.0876701947384,
131.40221053812598,31.880087211112798,202532503.89249793
131.348212895097,31.5477174330813,92120538.58316045
131.28424801889102,31.511856928157098,152624384.16494146
131.21334365337,31.165862486394897,
131.08645390361397,30.8913421761714,
130.89220303064403,30.7937184661854,
129.734904595395,33.1308887044542,181166228.62672582
129.745133052447,32.988733362743396,201013678.85576656
129.893289561981,32.914737999686395,220235248.6586249
129.803640857748,32.8794163338729,253746914.9610762
129.875108530266,33.5705639591982,330771654.28236103
129.74537271847802,33.491599165134,
130.19597988658802,33.5707254357156,122072570.49466401
130.12942427281502,33.4403828382789,189558397.25574133
130.192567154562,33.364328325490796,229877207.26438218
129.840253419459,32.2223282865825,
129.86383679755198,32.5444409290968,286864886.50493693
130.51457367068997,32.472498548721,302549614.1325474
130.430438515047,32.742639328941294,228696746.2037188
130.528202994288,32.6839237277553,415645473.2799344
130.02744348858002,31.729432425431398,
129.9779599041,32.0328520637664,
130.106017810362,32.1756346670781,177510824.8810093
130.43599106307002,31.4406075054786,105276294.98372479
131.065963856157,31.5882718492341,214416462.88678512
131.127554553138,31.13387350128,
131.190479426688,31.3725333065793,146501193.49141797
131.08796816217298,31.427694207270896,308483455.4416282
130.97504162595598,31.413006662505595,258758702.85253254
130.48253046199798,29.665752364409702,
130.083407631606,29.404662739983298,
130.13983233523797,30.1013459020329,
130.379353484061,30.361462207134302,146088478.3549287
130.286174922849,30.5442112677339,416092799.2211225
130.22372103552897,31.1519296504845,
130.18997920338296,30.884222358224402,
130.46109490243498,30.759128310213598,
130.32198241840797,33.077655193337705,408249236.5104359
130.902963284511,32.7927219401793,233691834.20671272
130.775426396142,33.1730447317632,317346626.0002486
130.859036214324,32.305818138429004,144147536.97208863
130.749079664412,32.3228562821109,133614110.477797
130.746507205017,32.4355291670289,169989408.22958022
130.920537266937,32.4512996614884,318035356.51036644
130.856713299972,32.5460671307937,197327609.77898416
130.820354732859,32.7388898959221,167926491.08140165
130.830390055893,32.6504410743555,156381546.13998088
130.71655233080398,32.607527974761304,110390846.89704093
130.634167093485,32.7264394290933,289518990.3650971
130.673895983532,32.8249927121127,157393181.22331664
130.532635677642,31.9269402930027,194946418.72521344
130.938868583622,31.637600052920394,156455668.0176216
130.89122767818898,31.532608684440596,152245369.56828964
131.467504818045,33.5708583120933,138009598.76341328
131.447197928937,33.8986587121083,497897545.3215697
131.389142788365,33.7253037180081,518868381.91912234
131.030957200506,33.460670448315,218669562.61582443
131.047191826881,33.582764704335,126073493.02207045
130.917575126514,33.450413875741496,186696147.2720335
131.18079720834,33.3800810523939,170899164.51885548
131.072855916882,33.3625264180329,193910801.35950378
131.048553840666,34.268728197791994,166375156.08103368
131.105179800837,34.17737582160989,129196939.7049962
131.01767782857598,34.062210329644195,168503312.61026344
130.846647030033,34.070220575872796,282202744.9139655
130.961051868405,34.153562705826296,204087246.42754945
130.932189098304,33.6308363710209,125339061.1182563
130.869602350938,33.553529854779,152741951.57260907
131.80864863691798,32.686396030167,
131.01445469758798,32.7589089534828,110972078.63209833
139.87397500362,34.9550602490562,10154101.824284103
139.88019131526,35.030025337131,111462641.45489669
139.83020610761398,35.0020281577956,41317800.04995852
139.99354376221498,35.0826432598125,77974812.81007507
139.91498517219298,35.093258500182294,89037343.62138578
140.259295397727,35.593676620032305,123873680.40481298
140.346533226405,35.626409560410906,124168615.67182855
139.485660648939,34.297109741687095,
139.39146335961001,34.049476390832105,
139.497598928325,33.7308979565283,
139.790240651226,34.5984426453831,
139.652545628772,34.295463703974,
137.758723326609,34.6914078032709,34745839.907842144
137.88672544845,34.870846739916,34810401.061500154
137.874882029577,34.8219657934995,52679430.84018846
137.941619685144,34.733780634564,49904745.648868844
137.986697053623,34.704122430347695,65697767.782710895
138.025394596815,34.7190647509662,11453543.745647157
137.939856258171,34.7915872246602,44480944.88902944
137.828101824732,34.8049605115311,56970667.97248814
137.82838087682399,34.7365634845845,67383665.09902672
137.78152607943898,34.731578422807196,21384420.435005397
137.780201705223,35.0568569893641,171494315.16451645
138.667022720919,34.824400256362196,148105491.05629054
139.306274472684,35.6040486020637,93918432.27560657
139.00402168431899,35.0417777987673,41348628.76672201
138.92466544740302,35.5403813094297,122666587.7554928
137.623710709221,36.942463737164694,160356950.42643416
139.514970277683,35.6282625927558,140007093.98510277
139.428061169463,35.6125079050488,102572948.82364088
139.372837425723,35.5366056646986,88563784.68365587
139.573865044284,35.7071280177579,70808228.76858898
139.572944149716,35.870080647865194,168092549.8447579
139.51841636304,35.7943883881815,174793507.3435232
139.635555417963,35.658143535029396,27254743.503958996
139.696270649166,35.6969785441401,167492603.7481423
139.853195035158,35.8685708245293,117755086.22759217
139.683500366322,35.8602366067011,131057611.33979197
139.73714534462098,35.8078230275832,99588015.41290255
140.081325793134,35.5461555739455,144038529.6483729
140.353939479039,35.527644171937496,82051174.4984698
140.376160150083,35.4320296546788,152249256.70934534
140.30978530156497,35.3140518536388,111031462.13903281
140.266701650361,35.494911231558895,70832466.88998641
140.243677949628,35.4143420859459,155482275.55974314
138.84653559783598,37.6743146307561,113002268.5504815
138.63918886791598,37.751768375940294,
138.697017657792,37.8321463050102,
138.43771671714597,38.1316227257064,119088068.50491805
138.47278791634199,37.8008415104694,
138.294248455407,37.8809926532202,8868731.4628568
138.360446631594,37.96344355797179,86408180.36862546
138.330680458509,37.1279158800957,162177749.23969272
138.211635624183,37.145816060232,169160865.72429407
138.22179599471102,37.398863990241594,
138.28214536583698,37.6168309713636,
137.70106017350102,36.706307893110896,353388809.87709516
141.14188612649397,37.80844567797659,
141.146879250465,37.6843806123906,
141.257792114736,37.4277003066549,
141.09041577404398,37.081996147861496,
141.88948410255298,39.715149527522705,141523420.14200956
140.699287104156,41.6452588682856,336535833.7603914
140.39334575801698,41.74422358682399,311474704.9327535
140.64426906317698,41.819038301937596,173776982.21451148
140.477659099173,41.910734015782495,326300608.79757774
140.59238142912602,41.9246772899823,283355994.0258337
140.62137305634,41.4464185863024,
140.43318658353598,41.4943232263593,
139.20698543924698,40.1033082434358,
139.67861367837298,40.8559972660059,
141.82933609128898,34.847504851005,
145.988219574681,30.177614459747698,
147.096737995086,35.544152059983595,
143.089353143649,40.59966190643879,
135.096792179679,35.043449244939296,169535572.7362162
135.224090961861,35.1836172410712,180196201.3682265
135.214582916094,35.005454681442295,120717551.78014763
135.27807257316,35.0784454799658,162876308.73944864
135.277019638464,35.259667897244995,156693300.62511083
135.594029347656,34.688796464430894,99220887.83614716
135.525999221349,34.6052952483876,87603443.20296039
136.67109185063399,34.2749458799616,41068084.83857082
136.607026814445,34.3342741205442,108948237.13977219
136.007522847504,34.166931149848196,146564654.4836562
136.077319833774,34.3188183142794,195857226.06308812
136.199141707035,34.1461740857622,165531030.80505544
136.190737614195,34.290564401286595,384634949.9770989
135.97425186826797,33.80951909429489,42922857.22546629
135.958532597019,33.90847299658169,89748315.01417677
135.944577722646,35.4471050793189,132770193.64935105
136.008771312645,35.530865359786496,118009113.26439105
136.00954363540498,35.6543711423064,250583948.1114245
135.970866250197,35.7685077111747,180962687.3401973
135.55475086256402,34.7611045259016,144609237.3920138
135.839357849019,35.2281248401995,118803762.82911809
135.735658746633,34.8673499123004,46639401.42490243
136.174112613528,35.3327238165891,138833745.51959398
135.83980408439098,34.8527157325314,101346288.19916824
135.928122121704,34.848481451001895,160239340.0365514
135.80922199290598,34.9212659451579,46718691.63766507
135.925798734066,35.0506165438044,161009326.3605875
135.98713252007403,34.9613877295782,158195426.59590456
135.645487997943,34.5430064002287,77532126.15310837
135.562276893219,34.5390358683216,103442244.04533887
135.551652832398,34.4736279194373,50323061.72044822
135.673936039521,34.465429993978496,71504118.68517122
135.62592270800099,34.4272961224137,39985863.43206999
135.777003065121,33.4897799827371,4325414.68091671
135.75553824181802,33.543515938604095,65779126.13650443
135.441448490601,33.992589743399094,111796167.93293485
135.43245588328497,33.915597950015105,91444179.95887105
135.353568199509,34.0426029235809,87198793.40917104
135.27156864028498,33.9853933571097,158791909.6336776
135.414142814775,33.793145939440805,67251881.48724292
135.537224961996,33.821247301356905,73944276.12257133
135.473629028892,33.8568754015239,103272280.59168084
135.699774625404,33.5347568925963,74362561.10160239
135.721239448707,33.4810209367293,3254147.7030424355
135.10020333519603,33.434768327786095,
135.295141872726,29.058918998481897,
135.826781366793,29.128852998049197,
135.300490657794,34.3262510755956,108121666.9251003
135.444404801607,34.411759026612,157758151.02441874
135.403282147617,34.3213775836602,128997916.99746737
135.238605593586,34.4698533006036,284551054.4551575
134.812415833491,34.3890329851101,108831742.0454586
134.917081592535,34.7503966287984,112744302.59200129
134.87166544127098,34.64654131136879,185191956.21905994
134.347612711785,33.5332170219321,
133.498800424836,33.9902359698,144784569.26499003
134.26355321857497,33.467447551870194,74648803.59013201
134.30466745673996,33.6418991746299,113276928.6342666
137.14125346977,34.680788329657794,187791981.39962316
137.231478676347,34.739674667101795,155941534.37360227
137.238844912983,34.8300274542528,147518101.46138284
136.801985393304,34.589455554182095,226210379.167984
136.669603976103,34.4025772962102,87952467.4838536
136.872062838192,34.6727972745099,135817857.05317765
136.910094447984,34.579659413227496,147814747.71875975
136.982400103362,34.627604849871,100498260.51489183
137.02814538504302,34.7112488366358,156035178.77957046
136.583493048057,35.1243467580456,143076674.1984949
136.610319731787,35.3313827970378,137117016.15485448
137.179431101625,35.222607444660895,146448618.23751852
136.223305593738,36.289771406592,44809417.061898075
136.10998524024,36.194873282353505,29089926.2719701
134.823555326097,35.075896245248096,182829136.29328272
134.881486959021,35.0003857627182,145948119.10978007
134.833555249338,34.8991218464559,162981009.3865976
135.133370174847,35.65887851519069,161814567.96528167
135.232517119161,35.3883606623481,215140322.0033317
135.26061832542598,35.59126405931249,165576918.2454783
135.31644079928697,35.4516469824165,162200466.96782196
144.84857882682,43.01997547054349,76346288.82147598
144.93243062413498,43.0985072032515,148117725.80074802
144.848205754131,43.223835230195405,252042830.2224762
145.10525363343902,43.1691410101644,202753226.92698425
145.100367498768,43.2732798312408,204589272.97778916
145.288491351168,43.1614668646557,212693984.25810337
140.621725281114,43.1396870245242,321182545.5970406
140.75191762391097,42.91010800338899,303665649.59779227
140.89436895402,43.0351408315224,254342806.5080539
140.71820313569697,42.66252771156089,137287085.3337396
140.756772168408,42.764687352908396,254626458.73488146
140.81661900645898,42.5809407960684,55049107.584168054
140.913902073846,42.7197446432955,234510721.15756616
140.919052802055,42.6197691395124,107574896.20832594
140.41139660941798,42.93854256764819,141289655.34013498
140.44617529453498,42.853847556329704,311478442.0619358
140.60401565892,43.0372532769234,106299018.84445727
140.638794344037,42.9525582656049,247023980.00011936
142.23642631486197,42.5833335004407,298298430.70997894
142.13266206899098,42.7098241784412,
142.24656705401998,42.876219546573594,342059216.3958205
142.39577091880798,42.8618416168437,193100068.15897655
142.393755063747,42.7197714072855,260294799.11065212
141.98873534310297,42.7105582843566,
141.82797154775702,42.617820116100894,361569312.55495775
141.878895884814,42.8778660782373,377522727.43169546
141.44279977545298,42.6552395211195,223030093.13488108
141.267049278927,42.6593544065898,316075076.92015487
138.737944531362,37.168578432100496,263269510.3417066
138.280280519007,36.773745038055296,220188342.21251172
138.27865429831198,36.9042405591981,238830162.73239335
138.364874732073,36.9847926001884,318531729.94779605
138.8961193323,36.411610615452595,262197685.798827
139.25857749619198,35.8926059417772,146565932.85536036
139.345665869817,36.0131287952865,144025065.10764644
139.35259773322798,35.906423132253295,160225024.54654583
138.969028337337,36.2927203773321,155143041.0899678
138.482226715701,35.999639855982,151045059.97036254
138.568475159994,36.0980745305301,231696301.94736892
142.679724837243,43.92702909610949,314144868.3355824
142.512368417892,44.05836935976959,188819865.3509483
142.486171197876,43.00776362684999,176145119.813502
142.248818112225,44.0161119575991,190300157.09481177
142.390812038079,43.983324230699694,406382512.47225344
142.038411365004,43.82004250750499,326523166.44250923
142.159297318533,43.8695212448031,116684227.43158838
143.21258583248098,42.244500780768,265076570.15567565
143.154434274885,42.1392649440708,281584789.9896181
143.78221109759102,42.5854565734455,
144.141176717439,42.68620439532239,
144.339520517742,42.709336912172695,
143.418329349405,41.5346448731247,
142.79489351922302,41.1924086974983,
142.27350075371402,40.764192588725095,
143.02767816843,42.1410474881319,227517012.96193153
142.391087903823,41.5904583138891,
142.12758624995698,40.9419891862872,
142.60866706706398,41.4754901368566,
144.29055791449198,43.8421641131232,364684043.1785508
144.129192975933,43.96605680794799,251994823.45363477
144.21702649503598,43.94103147739799,29739490.947572228
144.705471042363,43.111413963113094,223021891.35151285
144.723862316385,43.253438750213995,311105599.2230618
144.442786973397,43.3449332618478,296470652.0948566
144.574111399641,43.4492537670873,269103559.0378286
144.682539909039,43.4161997398206,134497009.09424892
143.282830420653,43.8605016498528,233939709.83952212
143.18141885949,44.0210252442213,275520118.0249419
143.03787281553,43.9429643314266,431011459.21329045
142.867059701883,43.5795559902285,238204770.4907404
142.74410622846,43.7711975661543,247797884.48042858
142.603940096475,43.710618281688596,421532797.1600571
143.335096983474,43.2915725354541,189385688.50406227
143.362514864745,43.451076193493094,648690461.9743866
142.997926137264,43.4860865611062,
143.07461264117998,43.667834648479804,
143.233951515699,43.6474732931523,
143.354943865254,42.3287094463926,100185268.2813119
143.45864637396602,42.448265203287896,
143.295208989339,43.0621100406651,330740764.79647696
143.525431674768,43.1430159532647,118950751.06651804
143.425815074091,43.1789686566348,283421251.64537567
133.84855957209,33.92621243879339,138766551.81466722
133.614335666823,34.6424142437835,293300489.12999374
133.94057661613198,33.9866347869543,147373729.39010033
134.840620832709,35.1859562448141,172161141.32907653
134.712507498657,35.2501360958538,169390341.68980035
135.00449397375598,35.549872660533,170862651.48558006
135.10484987049597,35.5479469794537,229815000.75212544
135.148174340949,35.4170462035071,143537683.6813767
133.61179595081998,35.423221533579,215065932.39077732
133.589709176385,35.752721309639405,
133.464850653486,35.757298965828,
133.367956893831,35.1643076315586,193166915.7689631
133.506101824623,34.9874066320944,336303938.6665142
133.547920082379,35.2625247658629,175145285.28934366
133.453101211881,35.166003169987796,260579385.8231519
133.37246025345,34.533692511044094,170933585.92251942
133.41103896519297,35.425593098065505,106660630.68242002
133.310654531307,35.4982521804306,174132871.99304098
133.34884388199,35.3114839761189,150262649.32350394
133.02620951532,35.4928900197003,112367571.53868546
132.94781908181398,35.4082953573459,131055019.8764846
132.972293654112,35.3095395085851,147846302.39831534
132.625978785729,34.3356091220307,149866650.14716643
132.20531651283,34.6899570066984,131386341.57376692
132.145793382405,34.50216318895829,264888917.9619103
132.117399842043,34.6380169355583,266594330.86936545
132.254536493673,34.4441639817924,141777272.66708168
132.43526031948298,34.07662089244379,232282753.50159696
132.58641829884,34.1946537786414,196456382.52463517
132.507621092682,34.2200798604456,148267353.6309842
132.44582885585697,33.8602000640244,
132.554362284762,33.7977609038982,
132.942446535789,34.7024383894353,191607625.16638973
132.785576371041,34.2397688230191,131091929.87163866
132.86939632820702,33.6661172055846,153537205.7010677
132.712030976316,33.6006707912139,158732006.91745844
132.873064011402,33.530975393117394,134744757.90073878
132.79158241704297,33.49015962676889,261903871.28026935
131.35741074522,32.9922867130395,112155489.33938166
131.53971130667398,32.9093678594208,121084427.37971465
131.457986503305,32.984897484369604,162712569.35957393
132.14229368240998,34.2137738674413,165241368.64979258
132.237979942827,34.316092648873195,136038415.87942386
132.33110660922898,34.117266408152396,389515481.9847348
132.32493528975598,34.27962152701679,205635241.31294146
132.23993378742298,33.7382454200418,514096312.8114837
132.135863352174,33.5576084065497,
131.930526771219,34.4198455995405,196942941.18241397
132.040629119883,34.3967232013449,350037139.928253
132.053685970734,34.2364052127471,264863894.1977139
131.837792308926,34.294594740879,230190911.49991375
132.619017308613,35.1427537478292,186537134.39204153
132.73914020845498,34.892550889284,145776231.1743609
132.81144449397001,34.9520336844096,201686789.27500173
132.750794866206,35.184006683789704,271526700.7999464
132.828482016714,35.1180578016708,252411565.49470565
132.54765394566297,34.8059251633896,232080340.56701604
132.43682756607598,35.033333766255,141745123.2149472
132.36017283564897,34.880330552773195,187559110.67871726
132.548462988084,35.029291424529596,358688633.5090517
132.60773638681798,34.9195663404687,194832953.4029807
132.95095627806302,33.633821030191804,121454958.45335288
132.954623961258,33.49867921772459,99161530.45130801
132.966670153185,33.4129905124521,90103844.75902009
133.35853091318998,33.4705968445761,95850668.45837761
133.45763783483997,33.4908444052842,106652963.10956839
133.237637230434,33.372933070930195,9200209.678668426
133.22459800448698,33.3077723286561,4645242.2305129785
133.29580263331198,33.3998617524594,96663925.69816682
133.28276340736497,33.3347010101853,49202571.63534179
132.924328014489,32.937300537206994,103234562.72647482
132.90645342546,32.79249455225369,92582592.54472402
132.861475970322,32.86093079161199,165509666.92291617
133.18631346998998,33.2684204212404,35552984.147251606
132.76317777112502,32.979661644006,81574913.41853549
132.845533434735,33.108581479399795,87265929.09003346
132.85845605901,33.03839641794119,73714398.4428875
132.73619561627697,33.10597331657549,103315783.53447476
132.697243705191,33.0246634380432,156509678.72341117
132.522090662247,32.9107022059728,87758509.35065953
132.584434447245,32.873448031096196,134408419.69127125
132.610500540375,32.992594593914994,91622812.16012393
132.51819807487797,33.057012935769905,73798999.5601463
132.56648232930297,33.0758853720042,91822686.58149555
132.644841792573,33.23343397790129,160651495.74055067
132.57820467695097,33.190948977826196,83622921.05785657
132.664763426877,33.3503145840051,106292816.67337193
132.605108326317,33.418740811698,122957851.54411456
132.532427271816,33.3979457774094,113791360.88171557
132.52544525675398,33.2870345496414,103301115.94861871
131.01257773197,31.8578662164345,93684878.41907497
130.96062238802398,31.960323935304597,141432348.9111148
130.93175190536098,31.741986668214896,162876505.36747432
131.615156831367,32.393526530379305,29447889.227461427
131.673087944343,32.5227750279036,61181494.966653295
131.56885318552798,32.436331026168304,97128653.99622789
131.420130489285,32.710321104087,301884804.1373135
131.52065753890798,32.766112404732304,311444659.6525906
131.62575174510297,32.7011590827141,271966756.6482394
131.626784298504,32.5655795236926,209226330.24780667
131.47749701539198,32.005303106271,35674293.41292789
131.462108431071,31.9557490551717,20274363.06629645
131.07028925357397,32.164549240731596,317973042.0409224
130.79160361492498,31.509793590511496,165444859.79189542
130.822193862261,30.4340437772514,181152233.78207293
130.762142198028,30.6698629909716,
130.685650171329,30.3358822600515,197357146.10854894
130.582213422705,30.624830629658096,
130.52604848976,30.334908940726496,172042102.20329505
129.81803971438498,33.1751938881594,186531240.2696556
129.81382025970598,33.30940900163909,329322396.9064091
129.91791687566996,33.0683602122621,131593334.36806929
130.308321411312,33.3824878590225,243743127.40491447
130.379704705602,33.2362395053205,233852556.15816587
130.408086447144,33.5066270575278,251190495.40222096
130.317716108415,33.5185471080702,191840790.3073495
130.140354789654,33.2184538637292,171733702.95579326
130.19838675920997,33.078029085278104,367580369.2155877
129.99498174507897,33.076722228310196,174711836.0245888
130.030822360659,33.19218283709459,155734413.8765347
129.96656481372298,32.525377381975495,333357808.0404515
130.23829834765198,31.5246870436839,298839543.23848027
130.23045977825402,32.0997065379837,168746557.14203387
130.475388606255,32.1484818079689,280434816.8195959
130.452999288744,32.01838899088499,218511522.18218884
130.535081156403,31.474593979157998,132893544.6774968
130.61272378803,31.472055264388196,85780004.08008623
130.931312982591,31.3057317300717,211534358.84750676
130.801949120271,31.3849300934433,176592445.1102905
130.85983523774698,31.0309883161608,
130.98131464525798,31.081759469537698,
130.53177429712198,33.027025010529,117084805.13807598
130.67744521190698,33.1295698060239,195573924.29300362
130.631698553697,32.9419486210188,177712297.81495604
130.69865697718498,32.9678773745508,107040181.87658866
130.34439395036398,32.917058832246596,154012355.49841332
130.39894633458,32.813079070262695,89315349.77111204
130.436515447293,32.9379931416063,240356267.9345334
130.832588216055,33.0626259197487,128615619.47803153
130.864804504104,32.8996357430631,168717749.10768405
130.782279114135,32.946479035932,107493862.79848489
130.56058998193203,31.704581711418,177784092.21007037
130.573176079863,31.613977647063898,72853695.71819147
130.511369267829,31.573872195010196,153433055.7169988
130.412279174496,31.539885721330798,113423133.6709599
130.425994499493,31.7901402677067,56571089.03078776
130.489852413063,31.7994861840216,182927633.47909495
130.37216297318398,31.7263262954088,107891518.83017042
130.349516891352,31.611081673690197,254910580.3182114
130.73493029282398,31.5652987121109,62992498.316679046
130.65286414692596,31.586227008071997,23891613.145132344
130.668699966519,31.543582841248497,33950788.237030305
130.63929703044,31.9091715113919,196391835.501665
130.854334611198,31.923820586337897,206690454.41089156
130.844480313393,31.7803872474396,280488929.3491362
130.706966489484,32.0473619556321,370081243.1032449
130.796230175556,32.0441011734096,169472584.75539607
131.947873669689,33.1779353836491,548598078.7453547
131.193417832818,33.2572963374267,175797505.2413007
131.18231769627602,33.025870695638694,142687905.35701194
131.02046224677298,33.858259143135896,159150605.45958495
130.986164830191,33.957966657387296,139441710.68260536
130.924088578437,33.7315850764761,181348617.3561785
130.782122529795,33.8872056335307,189808035.38041836
130.636517198451,33.7986024843984,260292544.02600506
130.865014369782,33.86630409122729,183266087.7253375
130.835104384413,33.7476182999934,165961656.81852347
131.235492968217,32.84300261094269,294537551.10580176
131.173238544282,32.7535521978786,133431762.26480809
131.157437247903,32.931599670683994,117254887.62857413
131.060825310063,32.8855103377449,69368771.70383817
131.062784804094,32.815516647813894,78041765.63830084
140.36100737217896,35.8268124244536,78790286.79062428
140.376121600605,35.7174715809648,92038282.07475659
140.48666952470697,35.737419298326905,188286927.35402176
140.08719581607298,35.077836993153895,84487079.16035424
140.12985626293502,34.494075560801996,
139.931738640012,34.6686325186938,
139.87252887158098,34.041081603394794,
140.114221369914,35.438144340149094,124395656.571124
140.180157352323,35.38501625915519,117955430.39787276
140.14449173257498,35.1879417149139,184415559.12057054
140.20111757609098,35.2467765695067,82024378.83814958
139.532315646306,34.002938767393196,55617169.2680187
139.559965960998,34.0089323069793,24773123.948950503
139.49598498640202,34.0819124272374,17987866.03959106
139.523635301094,34.0879059668235,12315283.596497612
137.66657710215298,34.7053527723012,28596531.93236637
137.71117970144698,34.71812490995969,33908125.95200393
138.342136282812,35.1944464777059,146498275.59522033
137.95149957038998,34.870720869170995,22578726.983745806
137.97506942983497,34.8320240519064,39146980.000230595
138.03598863397198,35.3949098640291,311313310.12773514
138.281171756541,35.2673113264923,147936419.95322105
138.89326705089,35.439809561610296,191757377.72669363
139.351009228761,35.3374892416656,77433245.15795161
139.303183641798,35.3894705783454,66496457.416319996
139.419385103823,35.4096517936887,98723896.37978499
139.37155951686,35.4616331303685,75141972.90854853
139.249456501716,35.4018128926572,89349786.46828966
138.216495514812,36.5213263604475,228300905.05886403
137.73302571995998,35.190973276060795,239925868.52740997
137.809696978734,35.2702491830106,204583822.93187818
138.39335840342102,35.960254283266494,140638137.84145284
138.31678901779202,36.0006603809193,263009531.1281199
138.166350796452,35.57450349253679,
138.14956917478202,36.141535912623894,143071539.7128699
138.206168747592,36.369112343371505,250833785.57570937
136.71243106629902,36.8235202970316,83115568.64361377
136.82871995291399,37.459458226212,
136.256792464716,36.916171808287196,
136.00001427177,36.384251249662796,
136.40521652082597,36.5982642655542,
136.53580856031599,36.692485551816596,
136.62279922038002,36.78212850729119,
136.700135425986,36.93659744085299,
137.060718807375,37.5725021710203,
136.937489634858,37.5590706519732,289431848.84822035
136.927456188303,37.403046331632304,13863731.374448448
137.284884335247,37.223595194874,
137.13380317820702,37.3913451252033,152410312.38674083
137.042485064265,37.2837322912296,182449063.58583453
137.039982257904,37.1128326948984,170352490.3499474
136.91804793922196,37.0107594019152,243016771.40105352
136.837916499834,36.9088770571686,236712476.2202497
136.58499382129799,36.5199297064602,131242032.75597696
136.49800316123398,36.4302867509856,172224734.90121537
139.594685941986,35.5452347700351,107422478.14311615
139.52618866906502,35.531238292156196,122327234.71621832
139.6023840321,35.469504734129394,82605280.56409627
139.47133297851602,35.418911043671095,53976499.83602144
139.536991145376,35.334147889167596,109632023.1373698
139.599544926039,35.370745101747,113459644.24644983
139.703572642227,35.433652785682796,122280965.4047049
139.764000248862,35.2373113427907,140310897.6809828
139.70073353616598,35.3348931533004,139811105.1791893
140.201720842425,35.708175913624494,248366728.84734106
140.11271092097402,35.6880959321568,205936346.95627263
140.058780707868,35.768861898419104,88418816.59962814
140.040326693454,35.8632142879032,107044883.17324694
140.232410813121,36.4234673909898,287956527.8940461
140.272127891016,36.552553592078695,148753623.8959533
140.378215244553,36.6194833557663,219280767.13673493
140.484342870729,36.582607116759,264608678.3919124
138.99060390956402,37.7266755668055,86720006.34899607
138.939398317302,37.6725720150351,141444310.2295138
138.41931531747002,37.2278603629812,183305992.4032243
138.36061985427,37.463727524239495,
137.800981730346,36.58479414470099,140322914.44116032
137.881985302512,36.5517886029186,120129037.24120687
137.892144419832,36.4237693357923,89293042.16986544
137.94218171560198,37.048572952182,116704164.63945669
138.05044691799898,36.9886559324832,403452736.7090586
137.759244551148,36.949767497048995,168370110.5487333
137.75873984829,36.8368770045606,405149334.4754576
141.12690675791399,37.90735163072549,
140.73521712412796,37.041012684951,176502130.41667536
140.74785276377096,36.9134310393915,126109888.63231584
140.64188953115396,37.0646262943539,178823086.96931466
140.56909392477598,36.917952760840805,269744133.56557876
140.79493530504598,37.1997763673283,183338435.63763997
140.80600063840197,37.093704092283296,94220623.08257906
140.88910952001598,37.2267283798575,196513078.60831428
140.898696644541,36.690001699893294,
140.81715806921397,36.53546804180459,
140.81863627804498,36.966122446723794,34074231.80638825
140.756172505047,36.408106758873295,
140.595619695267,36.6601787861496,204036490.74500915
140.621723594616,36.7910635013691,241439774.27243796
140.707154840637,36.8101553893227,51434228.552100055
140.476808104281,36.8944456014585,182146048.65291435
140.72783546236798,37.403828275763395,164101481.476589
140.71480866184498,37.2780206727819,105492350.82569405
140.63254640222698,37.1955620071398,133324492.75310834
140.39911498103697,37.3353498366255,155529467.01655874
140.54421191989198,37.204718392743,188712218.16598862
140.511679340142,37.3232321958441,235946612.55667755
141.555613449624,40.3931528460768,246169996.11098564
141.64413040037698,40.3220839393449,151398855.21236843
141.237654372045,41.3864037707175,237421534.862387
140.54484441663598,40.8824643023709,261436274.74641502
140.512027378668,41.04204991088069,212258314.85872096
140.128579570617,41.61864466730519,410235037.9657981
139.644702473166,41.864366727641695,
139.853041733823,41.778549317574296,
139.790997225561,41.364034461872095,
139.97926167723298,40.920787398678,
140.064035279025,40.623751738881296,264671006.74710178
140.373094943301,37.472058559386,157835533.8511555
140.28697676264701,37.5290801179932,211104582.69959792
140.562998577705,38.0562157248273,219133139.74845293
140.28445441824002,37.6530919322382,94048761.16847096
141.682251611208,38.8223776503057,
141.58255133223298,39.8013719020896,380942492.3507029
141.69962679684897,39.801424664146204,244712695.62367246
141.79221666027,39.6685796969715,333920870.23445815
141.84268538955902,39.538252687642505,142410396.93021357
141.503878236996,39.6908532130638,254551549.18370995
141.531291085437,39.520354693620895,336314801.14658505
141.33374977487702,39.77588597060429,287030070.5820017
141.24026538091803,39.69174529551329,309928792.8574605
141.086403468648,39.7123181000271,248148561.3756181
141.04967661836702,39.5492570710941,290632029.4532765
135.045336432435,35.141135288357994,152067096.04694664
135.109145557551,35.2083124859664,139036827.28350145
135.077731455942,35.31304868329919,112148039.50670812
134.924216712285,35.210999358252295,170331416.6893934
134.910784045686,35.365949495688895,291519477.53056085
135.000489664227,35.4008216231274,187109451.75462392
136.534124092113,34.3755084556983,109917175.19808675
136.597843506201,35.019656230478695,147887032.03441826
136.730450440848,34.73891230367909,454878708.6600355
136.331347988418,35.0981353397829,409385798.71111244
136.05329282338198,34.046950121151,200297253.6070728
136.157570141274,33.9707154983757,24352489.996285558
136.131493902492,34.054446970057796,102608677.96618968
135.40560118569,35.0692120390689,204791405.1932442
135.450286370058,34.9606268263428,257032760.50059116
135.45307031496898,34.7432436874974,108211445.0499569
135.446526966036,34.6396910168001,114446703.6517035
135.39508725718798,34.5492153019431,179686520.8466437
135.29207953898998,34.6024360839993,333060155.1349046
135.845247013377,35.4538663684557,141485951.2914934
135.800973754479,35.344624052113204,209330033.66510895
135.87076321816798,35.6517632177916,
135.71386952243998,35.134808883061794,108723380.82181968
135.792727359201,35.1287620438062,75051694.15377447
135.836508860613,35.039755270707,112454523.45443785
135.803707587735,34.978295489299796,68185957.70649701
135.34956414662096,33.8584735143633,57885427.18233455
135.27655719471298,33.87825574127609,182451661.4737645
135.34645326773997,33.7877851509066,40255937.756105416
135.20358062976598,33.8415659292909,50555680.634361915
135.416433082392,33.724069824409796,75482426.97078183
135.348743535357,33.7187090358756,33809709.175412804
135.27887784929098,33.752707587347096,44751391.1682492
135.01326713635203,33.4859133781029,
134.69223564937798,33.5427999985386,
134.770941148041,34.2991588307577,82743699.64375976
134.881191151938,34.278205285321796,176641391.5245128
134.97658711472099,34.170090273237605,438902846.38007927
134.843873384088,34.023031184617196,
134.936757458085,34.576578726327,101840298.64065823
134.97702803062498,34.395987983207405,270921568.1297349
134.90870081736298,34.4699328823113,127954440.03209557
135.08982199343401,34.3882202903877,251938415.10157314
135.125256532959,34.526714824215894,298669355.26582944
135.05102757993,34.686183694734,186651736.70571777
134.982173609349,34.6804340437566,54989190.36423123
134.678782914786,34.2398456856654,74775391.70565782
134.82987181438497,33.7124567455005,
134.794776280956,33.8156115096591,
135.040819917465,33.7546208796654,
133.873169987469,33.4685376708474,116034860.72789282
133.547006050458,33.489780730329,63813903.89638938
133.706298882915,33.4358638385574,
133.789456656306,33.5641180921827,137104816.25430113
133.405375354944,33.686087291043,121436644.44750226
133.37837595515398,33.8288874705969,144646024.01056963
133.43690140868998,33.9070051410486,129764406.29585974
133.608985058604,33.9777386056614,96175160.90224388
133.721224966824,34.0114280393811,148436857.29944628
133.763081650737,33.9454811863926,114732166.48424436
134.449748970471,33.7184831094705,106771181.56003992
134.52275356261498,33.7706932366023,41357419.97970428
137.391336752274,34.7735596299333,92561288.43764931
137.343836402784,34.853339840781004,80187563.579757
136.75825664328298,34.304445672354,74065620.17196825
136.727464209501,34.3832918149512,93607750.22039352
136.810898225265,34.3606990794507,38811042.82769366
136.78010579148298,34.4395452220479,63662700.70614692
137.10909398937298,35.1651325430592,117339939.37252256
136.781599745406,35.0716296569496,164004686.98444304
136.84040591753399,34.9005543745221,27190742.02028743
136.508129845131,35.400292836678005,43666611.12325097
136.30992491427298,35.3463078263856,165303066.56061104
136.394301382449,35.468532996312895,291939677.7060179
136.487806937625,35.4884319135555,93207074.66940895
136.389587090592,35.241120072879596,317277730.8013298
136.508852239551,35.22727632006,136260950.2755467
136.524179446677,35.316249977471095,60233862.336141095
136.75696057623603,35.17710029783069,103503548.18267933
136.67850589582198,35.189698696531494,211723866.0499043
136.690005372426,35.3077610781126,124951993.48669136
136.792188433098,35.4071400068925,126558903.83777854
136.132511180754,35.86258336200209,122091981.52759498
136.12202783586002,36.0996539342406,169795402.5504517
136.198685915952,36.1116147200424,133640837.75629456
136.060963419579,36.0042741518394,153843946.77448747
136.06330802176197,35.9133191482494,113635778.80044337
145.183572230796,43.38587015474909,183873139.44836485
145.098409961208,43.5847133881038,113458308.06660086
145.092919013691,43.4916239133156,178689965.40543166
145.16478045682797,43.74129272860379,
145.38799013696098,43.6429793715894,
145.55301245641198,43.4126424462522,
140.88679471485298,43.152335762190596,104674236.90336563
140.74219486961698,43.19057553216449,169445878.04562426
141.07326443934897,43.33289565739529,
140.928664594113,43.3711354273692,
140.949280412325,42.0795160758885,
140.94492337140602,41.8683291923556,350248561.74397784
140.74219447298998,41.9443787649711,72337156.31153277
140.813486246433,41.8656881818164,204541991.15454948
141.180787362648,42.26388635634989,
141.041109991782,42.205363550549094,
141.158381976744,42.5418186310095,320055903.2832918
141.004169146236,42.5445289866135,201835561.38246003
140.95999057120198,42.446651619329096,125686839.22990093
140.83351352683798,42.5234836986861,49619825.60038777
140.8917687474,42.4644346748457,35586267.24813182
141.552501214212,43.372258095091205,252442388.9052238
141.458696188986,43.506722909598295,210249877.15518746
141.485092635744,43.6564849145667,328977770.6266257
141.65283012031801,43.695318090527394,515088825.87284213
141.51477122425499,42.7667719970898,189837520.62270433
141.709851837576,42.86142070993859,236323849.76779538
141.667052384616,42.7521905843769,280893145.17054623
141.23502869130598,43.34323472405189,
141.368435265981,43.4188360264989,129047465.63177575
141.46224029120697,43.28437121199179,234178402.64540532
141.243335690523,42.799866235334996,355332409.2208359
141.068769508887,42.828096509691896,449820997.54640347
141.05409093355797,42.9980720474382,514180524.45780283
141.410805935157,42.8720441498217,212177130.06399286
138.922200407265,37.3625640785958,168401608.65649486
139.029345714996,37.43889853572001,90220669.30639322
138.97858388835297,37.5694918674141,110645180.80645074
139.042300959342,37.5530284579197,86535771.12907079
138.74495666341198,37.4448554952978,64817318.559629835
138.741798339276,37.563579636362995,60321876.07940888
138.81290488124398,37.5815461255344,116063863.89836371
138.88539926108098,37.514951143365295,118975344.24434096
138.841971024339,37.4221532767467,199337091.38690367
138.927922671648,36.9952500223416,275644737.2459456
138.90077223363,37.2620133573402,170677226.0575348
138.83764213393798,37.153220730357596,195876610.90785196
139.11237005506499,37.335541459461304,319162856.96217525
139.227057815142,37.3298512778697,317484576.4095104
139.05313262939998,37.2107854399776,241181509.90779603
139.06666401612597,37.049963128817105,502796917.7240182
139.16371520336997,36.9178619919186,322476606.8296804
138.55304789954099,37.12906432057349,102899680.57445252
138.677530763343,37.0911931823994,156874771.0980911
138.959890141248,36.5050102075593,159686527.42504543
139.100262469278,36.711763919787,243699259.48835483
138.72086846913902,35.8800620909544,365842131.33185136
138.72348642398399,36.0311772729249,414857937.44491535
139.27579120464898,36.127179699055496,108573558.55313276
139.182957455619,36.1650824024061,249932231.66905236
139.29614292594,36.2664633262998,124906755.0109108
139.098760486158,36.295606426365,158864429.70165405
139.095459169656,36.397125769082095,196108277.34306893
142.475685976503,43.74115380416429,167253714.01078853
142.393715041083,43.8410214747318,244559616.3565139
142.24526174123102,43.780111810307396,196991392.626924
142.345664663268,43.61222392110869,219277817.98406827
142.22895358220998,43.6575527564385,256528021.42696658
142.340911015347,43.478151154059596,308968570.9524337
142.440539434842,43.1562924881451,270814687.51837265
142.279744142646,43.0792082560059,
141.887878256487,43.0508389508868,461111250.71314645
141.743701942227,43.1465368001448,265974559.01208255
142.10941470062698,43.168497925146,
142.14374864022298,43.36441344830099,503059066.55888885
141.893006676927,39.81413593655849,94666922.67726731
141.880554062313,39.901126145334295,90818371.05265999
142.343846888397,40.532961550808096,
142.33139427378302,40.61995175958389,
141.73755372377698,39.9805166968185,182557145.89141503
141.826741334124,39.989144253643204,180070382.4987422
141.817739717709,40.1401161396114,104652453.47920646
141.669450181479,40.231508440800596,234368900.34045154
141.631231263753,40.1211261697983,316465503.40816987
144.340671252657,43.7186249376096,212708459.64651754
144.52278224973597,43.5529516435959,134614817.8003785
144.54191393637598,43.6245841746264,149599236.05762076
144.30966285713998,43.517257962321004,184861126.81049693
144.19842290891398,43.623986605056004,606830785.4103236
143.480159829072,44.040684851397295,311437584.834344
143.401972348602,43.870902265020604,243914755.7045928
144.53473799737498,43.02743871981059,236493481.83353195
144.589974013221,43.142009729230494,235007738.70192227
144.458615087094,43.2254559181104,160136443.7369581
142.62571951498197,43.5517101707556,262706860.34208986
142.492711747089,43.448172926182195,245304065.5404976
142.520894005248,43.306650251865,265017176.65434727
142.659007535847,43.2497437520841,292161840.2204593
142.785520969905,43.3058633502297,290220414.25529295
142.78041520719898,43.466307094583996,361085434.6026248
143.039502892506,43.2860787885504,187686342.07113957
142.913742219831,43.219104473318396,161744954.54906058
143.151400514958,43.109673590834404,323598008.89543366
143.156894325522,43.2521961358212,195298330.03156123
142.904261068041,42.455610394362,
142.74265320710998,42.21440971517549,156886864.99902713
142.89816265461,42.2314979388489,195162565.05748716
142.562849682594,42.355504275975,304927447.4278177
142.55111912910002,42.569785291397096,
142.73702106704698,42.6528031861107,
143.06152864304397,42.8095412794005,194634393.69663495
143.01602001436197,42.5962743558924,
143.55646662762902,42.979989524538,227843383.0100695
143.727168102441,42.7874393271501,142053221.2981537
144.22900239732598,42.94015451477069,46788661.07341233
144.129736781547,42.945618285339,94947365.16934852
144.418833582309,43.025105160523196,54656554.41924655
144.383202312459,43.1149871060964,181864648.31964388
144.162642317331,43.259799832042205,308825849.3441905
144.25989179474402,43.1053932599103,254503542.02746698
144.196257448815,43.020975084905395,151424197.35876602
133.975257950985,35.3714101722333,250486623.13593632
133.618832623749,34.990605529172704,282081254.87459654
133.64638692471,35.148344764004996,196102573.4255446
133.675191220659,34.5003308862069,231880027.76091784
134.769661969305,34.7113294469073,239189648.8843408
134.73844157498996,34.8751015807227,145554666.53182063
134.65750984897198,34.9775885616663,170550228.11696848
134.635000836765,35.176662071991004,176152577.63234225
134.694691890396,35.0771193099294,165531468.99067134
134.03568202463998,34.5013074192105,135248252.28898683
133.93649706412796,34.081727311417495,107936440.84925775
134.001639165933,33.9325656650739,107978157.35747041
134.76598317055502,35.542493608512004,188186783.4163061
134.81301965976903,35.4404027226216,192689462.68712747
134.649397416963,35.5028526573369,124191921.99973641
134.61967734593398,35.390244533942095,113744697.78354292
134.698338992316,35.349632436224695,184389318.71222138
132.992616744933,35.0545856518539,220569625.5716877
133.261686671916,35.0302923827571,261562132.07130706
133.013145578511,34.8056873445072,361056395.6185935
132.944672409846,34.9265951385186,270695866.64156836
133.06874892762,35.3098619576703,199731206.77302617
133.089271891785,35.146403325834896,323039329.2084925
133.193631034827,35.1360581507892,269323431.22320366
133.26652428810598,35.2998708452148,181220854.68059194
133.209648766227,35.43284428654079,220935656.18310398
133.116232548783,35.4324902239506,136367902.88127932
132.344132669826,34.5004288040808,163706959.7057626
132.32330622934498,34.61036808238679,151732692.69478965
132.38613781889097,34.716099139223694,328569713.62826777
132.47376439535697,34.700072988665696,142339080.47511512
132.53809045210798,34.5665804265903,151280132.80114523
132.54982240879497,34.4537711479797,162425297.07299462
132.48490315803596,34.37670623724149,167084720.41738158
132.406371065364,34.395602388104095,169725192.26409274
132.751572888396,34.462658360836194,207685540.92635632
132.847945030218,34.668724572154204,94093753.34043685
132.70655750371802,34.63659806512619,308341387.7996957
132.773635268604,34.7430751760169,209224045.85553882
132.772751033703,34.1146474517409,233190808.49086368
132.81735473955302,33.7961872012842,197261795.0193239
132.741470982021,33.771556553262,179674744.49704254
132.655177942188,34.0677062616627,237862272.56151396
132.65251417525798,33.913708775618105,358544832.12295645
132.88135269578402,33.941860038543595,254526763.13484904
132.87226735440902,34.079703715797294,204687071.6536072
131.47247249789402,33.3694045264866,238179294.13313138
131.26879118139598,33.251887102737605,130551541.98336425
131.31873308003998,33.3883002810555,87490141.68126446
131.395215947655,33.4318218331317,241078192.98485246
131.325997410201,33.11065698949469,102193914.53756662
131.266926914508,33.126990956268,138276893.91644272
132.11222614946396,34.082027783034,124645833.77456829
132.21408372935397,34.02199144560149,319558727.4513416
132.18102714867598,33.9069152883681,163023834.84600034
131.828023282593,34.1626303593036,201320902.91191858
131.93381459573698,34.127563229367304,211930053.56556103
131.98419437392198,34.0329018384531,140421344.32401198
132.006600416427,33.9515288345673,172708914.32330033
131.687215371459,34.095356738338495,229005251.26861218
131.630167263507,33.9206812206372,599119667.6000191
133.23457627656,33.74015373519119,298378718.1712965
133.252689195087,33.58987688371259,211861070.3523357
133.274552018586,33.2751201978624,82279019.94767547
133.54599099863998,33.306611609073,
133.44111715707302,33.055561806564,
133.183112233479,33.2110359169314,62323478.021535546
133.009054750968,33.055663716038694,79985598.32642229
133.13790294486,33.1473302894646,69465177.52134158
133.015881608214,32.9775283263591,59375163.89654887
133.004941762308,32.8990384931274,55621768.00868384
133.083832349127,32.9941145355723,
133.011628283589,33.2369104508859,96070166.28105435
132.89554600631098,33.152916493454995,81662714.81653579
133.00002222431098,33.1229592211485,67935277.74991974
133.055666522658,33.160128778821,105607277.61724946
132.882534280947,33.2486129231883,189162413.40789178
132.942972259878,33.2954373229467,32319081.861089982
131.361355294059,31.9887153172158,192126447.43366387
131.421253187004,32.0643771612747,37992172.69388469
131.436641771325,32.113931212374,80138643.29815982
131.17881033371398,32.6241114065856,322918327.09166163
131.09371941032398,32.3283967563414,210214563.065894
131.027699406318,32.4714842754918,323673911.41038334
131.065331529396,32.6208875796672,182629337.14470887
130.61372442795602,31.3664001209592,181456168.86994335
130.533080693136,31.038923004279297,
130.730435152383,31.191605310855,157882871.49120086
130.72255069757398,31.3215748276035,310098131.2230747
130.480430735325,31.2892208539911,239970766.41792297
130.39190254569598,31.091713254059698,
129.948478512534,33.447084926669696,137199669.32010436
129.90208896528597,33.344759387246995,102881071.82896407
130.03077937162502,33.3857346496443,147629211.58733833
129.984389824377,33.2834091102216,135656472.35482842
129.925284892128,32.81305436240039,80189299.70161684
129.957115392093,32.6727173338401,139284139.35220817
130.02535101118198,32.8332468542826,186683532.22147074
130.07042055044397,32.9432925076167,221458209.04326144
130.16429313557998,32.91832833795,192921811.2102697
130.102604378406,32.2936775512758,171219505.26594105
130.07111856063602,32.402819843955,178269205.90410796
130.175273324118,31.775254755740097,
130.20460827033,31.676642631272095,
130.25023170753002,32.00274626498069,117417495.70788813
130.29534512907,31.8033395263155,144887297.37637097
130.349176655379,31.8671534986134,118357811.58384772
130.333398180051,31.9679481128106,200682131.63327387
130.47833699472002,33.213249540213596,139838158.1005501
130.53741403642502,33.1178088629025,107266936.12255016
130.616126527722,33.1944249048654,138635441.8002791
130.582861397901,33.3411576394578,234294088.3809345
130.497324039159,33.3475778433732,151693746.69066584
130.649322344475,31.7274726984237,120898353.09657608
130.685246128404,31.8046083894165,89959216.86513536
130.68563418292797,31.650073878079798,49875065.55930244
130.747019917074,31.647833369819697,98338140.04273488
130.76406255263998,31.7357201959248,75018244.94075443
131.64216197724897,33.269244158191796,136664629.1310789
131.50396700812797,33.094730031016496,251010077.3817518
131.491914503499,33.2741126356287,146929203.8132903
131.423786550309,33.1837827971826,205515781.88879335
131.641995620553,32.9751281723985,135424651.88851348
131.62541590869,33.1005164623155,205538405.17448354
131.695482924621,33.184700751044694,159050816.66422832
131.10793093236296,33.063510119653195,128618694.35729988
131.11716680201698,33.1700396149716,108778708.98583259
131.037745441614,32.9778196772211,99060249.69232918
130.96905753775798,33.211216702851004,125682374.21538126
131.037516224538,33.2377800175872,135771814.31706852
130.937338779951,33.0995113838334,163647130.67650664
130.964163577203,32.9929125934452,204131073.0824661
130.545077576661,33.60026150747971,200762443.325141
130.62093403359,33.6819632328234,226830838.96804896
130.61986512049202,33.465776379337505,210473144.00220823
130.736629379565,33.651880590721795,103333252.43339486
130.72211902407898,33.454138364922,184390711.18109348
130.76302682622298,33.5585408509626,135115146.64514667
139.399580784453,34.1861399904387,89000173.95761195
139.384386594024,34.3897876699674,
139.306755367923,34.5226292288163,110911946.6997081
139.356117657867,35.1351530896377,
139.19838587262302,34.8639134969763,82708151.38597946
139.46247168140098,34.8987867333039,127523570.34165362
139.473155092953,35.0871470773857,
139.10351821367098,35.0014731329703,20731290.536206726
139.119913014027,34.9789601084979,22097006.943036485
139.25778221572799,35.039811418091695,
139.213941256929,34.9179592935228,160018822.08125174
139.232669660568,34.4047528313016,32882115.626332402
139.25750560672498,34.1991269979414,297768963.3499401
139.301953691472,34.256816937703796,114680750.60125434
139.114458572859,34.7130144333918,340013811.0003699
139.030861720047,34.8473689729275,97497884.6236304
139.143313553739,34.5312481958334,
139.03278941392497,34.5909990681486,
138.757141748115,34.754266998056096,13168552.985420465
139.05755498378699,34.913498159014196,25467673.191066053
139.086205925073,34.9486728108639,7104811.076597355
139.094566238958,34.9190206533762,19262573.636877313
139.06981112471698,34.9711858353363,7459618.512877383
139.03603010982297,34.9869800457573,24834997.43995557
139.015413655008,34.9589445269229,26276318.799617376
140.28667039328698,35.228985297145194,79653553.2256822
140.28676763689498,35.1759904681581,14308128.132600535
140.24152326511796,35.1910358398038,14992572.874905422
137.64956664003603,34.7596869746709,20720843.249203138
137.63392644754498,34.9472715263397,131606007.58165407
137.714734195962,34.9484945663568,167729424.6662068
137.757179567667,34.8811017019839,49963958.45940389
137.748464432601,34.8316037692722,57715026.53163882
137.73117058549198,34.786056009503696,36317054.37600819
137.69416923933,34.7724591123294,37549943.26439138
138.432525699633,35.1499271167539,160844412.13842013
138.45904866373797,35.0113081270392,56483670.86354045
138.41005990310398,35.0502916916262,87417456.16243184
137.911026121473,35.1661876058757,125319928.35229874
137.98199299074298,35.127669005121,150153448.03195703
137.90126544430498,34.9548090098493,91260076.75473076
137.875252142562,35.040933744181196,157043558.684582
137.96758765808698,34.9332682294761,50353813.91911257
138.05552260704602,34.7495105987436,37719698.43909883
138.11974473085797,34.8468088866084,60764700.54483398
138.043318780884,34.8033267385914,54959908.11475821
138.237529027917,34.8879876586527,72290442.21414624
138.304705982883,34.93502013360149,68645522.18401498
138.31846560345002,35.012608565315695,75234223.27108985
138.033483141213,35.151797723341204,119903224.12766507
138.068179751205,35.2441854933069,285684570.38476884
138.177582663153,35.205467594484,106009212.70557675
138.087389996655,35.0273324911092,28824646.61384588
138.61298969476198,35.5656252861129,73098016.08083877
138.689894983464,35.534379604993504,177541880.76666546
139.178131131633,35.201188909062,143608391.46007138
139.235390721768,35.6019973952049,165512679.87785736
139.214303950656,35.503594182177004,120904207.26128884
139.03905043776,35.578272460935594,98436352.14561692
139.188603081,35.7357864869577,138217079.11563733
138.54056298815698,36.2015862973182,172782133.15301162
138.09555662991002,36.2858452365816,203083462.91160712
138.116146017432,36.3934291251168,138185791.35364306
137.96384598562497,36.6207418719021,274337632.9856313
138.02387142581398,36.53830572267479,109311461.42599772
138.076231242642,36.559472317137,70296323.05009535
138.049291993503,36.83728999792379,282613308.3843608
137.940522088248,36.784316525134194,272004535.4916151
138.167145353655,36.7420609347825,139774704.82823744
138.141237924657,36.628139050776895,132020497.69391465
137.90026977721496,35.805555285713396,158837580.0601199
138.018252497763,36.2960315761791,95003146.03311776
137.936615745588,36.3368657523531,81458664.80492721
137.98648206845698,36.3824488702521,97327690.14752345
137.74462652643,36.2870900260902,
137.90591790234598,36.2596305053169,51240546.08161876
137.80078654653298,36.425443891986596,169881076.6945079
137.86144657658997,36.346534088756094,51689244.65690758
137.639337226413,35.219819759124,127946455.69684947
138.19504522338897,35.916594932304896,176721480.68217847
137.99400357623097,35.8391798922498,141110059.2716692
138.02550366923998,35.7167085629409,137029384.39449057
138.136328455653,35.759932818416395,362914691.16209483
138.10931314412102,36.0315305279292,218504874.66206217
138.345076732071,35.3481701751321,202122871.27192587
138.301980472128,35.536990505544,
138.47094779703897,35.3615032400256,91756372.41597128
138.531286275921,35.496985888405796,102908799.98021121
138.524665644717,35.4209075823306,80809357.71656644
138.28785947103597,36.281582328915,104812020.15045533
138.428260372875,36.2218247679354,97847726.77114163
138.33333704949,36.13564985062229,210111851.01977578
138.25184928574797,36.1615897867026,135459080.3369358
138.37500390238802,36.338737471162496,95696634.18799627
138.433917040485,36.304919846263196,65922413.879446335
136.723662223071,36.687324450978295,157009291.24342608
136.673561183676,36.5382027939687,243717111.939069
136.76375817974096,36.4510339127286,316462219.3136592
136.90593243422697,36.5441889476268,245529993.34962046
136.930271533407,37.343288240705704,115714700.68042922
136.965902066664,37.25689050501,152097199.39683533
136.825221326145,37.2514593941754,152769360.99695733
136.878831904551,37.1130585766413,166516334.58501777
136.78640482485,37.124253375716094,164606391.70164466
136.91238240916496,36.822186347439896,224534722.25262234
136.931119425276,36.657091547237705,112109102.5640107
136.839046210185,36.713058169349104,249282857.25523394
136.53682501865998,35.837241045487204,273767340.1400285
136.835528928615,35.2717073221821,85694929.6178023
136.85925730887297,35.383684649662804,141356265.99310905
137.13165897598196,35.29880632467749,104338994.56619951
137.02422367391998,35.310208393023295,110615378.2758631
137.455616340339,36.8397356333358,98577599.74783266
137.439839534844,36.722996559744,187033790.31624076
137.60894825228098,36.663145536778195,175990973.50186273
137.515317279648,36.6696718147518,224707433.93607038
137.65270978902302,36.4032779224719,
139.78219985871897,35.669459353001095,170918105.61711854
139.786434095253,35.513304423389094,375567644.76546353
139.977741869229,35.7028072932069,92468935.73792222
139.986599080086,35.5899245472771,152988110.59735364
139.912414509285,35.4747684263742,361146061.56660116
139.888647042936,35.7950760970704,166362096.8916499
139.959287854815,35.797159682691,112360840.71766038
139.92974073648898,35.3345640612129,153327805.96128342
140.03682088407,35.3417089483194,149029366.8495503
139.908137243721,35.1772554919764,70112358.24313441
139.86049228536,35.233216365996,104116190.41786103
139.986695833743,35.166640251606594,59939186.96652765
140.046131022963,35.2297460127327,188317128.1379627
139.735292933214,35.94451716846869,83244936.37402047
139.848902704434,35.9454571701258,112539752.69183417
140.29282668759598,35.9028083031057,280507430.4179617
140.20701521293498,35.8705580977821,178757785.6698263
140.530178570034,36.351563587422596,176311076.77169055
140.477253973023,36.4497349496379,176701513.38226852
140.207975470233,37.4636795263731,198904141.63561496
140.00025637088697,37.2663649781346,309493067.9133534
138.52226583138898,37.218856494791396,180310434.31222144
138.480242160843,37.266995544405,11637669.056471765
140.891466220989,38.014324430708996,159525467.06532198
140.725062543021,37.9424215000545,172620901.2296112
140.696793336891,38.0694560253315,214523682.91204286
140.724613191294,36.1265173586295,
140.649491627535,36.3976812738594,
140.59113940000802,36.2219382422535,
140.70036953256897,35.8161196451718,173425191.09169608
140.52151556308797,36.0321178815213,281008007.201186
140.556975586731,35.8417757213076,215875660.54165214
140.47569355907999,35.906138234412595,214016912.92440447
140.210338683888,37.3560531667521,98190218.48368545
140.114019370116,37.2770201481777,178612470.16749254
140.49308231669698,40.1392294866189,295046224.5299636
140.469458459319,40.4705740201851,264575024.4087878
141.334720227822,41.284671685276805,235722663.56543663
141.308181955248,41.139198219411604,166110069.94369859
141.50132557895398,40.9861760984874,
140.97216695010897,41.369566085321104,259021744.1743857
141.08307901446,41.318062761168605,232431192.2686051
140.64284930183402,40.6204298617689,187044697.8995197
140.101052436939,41.102129767294194,
140.39791766744702,41.0682146738094,241245832.36552435
140.352696203379,41.2978084728,
140.202672690564,41.3915654464983,
140.49239587868098,40.742852400957304,158812300.1092577
140.53458700914598,40.6140236341224,90707585.9586389
140.436520060155,40.5703305565338,109825157.33298282
140.371392476898,37.6755409207815,69096216.47876792
140.420458009854,37.579208939943,108701794.29365264
140.822485959705,38.1567464907453,145633606.00633958
140.73314625790198,38.1605604296466,146643992.14647815
140.964678379041,38.104361142804,
141.153602381418,38.1285307925973,
141.237347492736,38.3267140609551,275462317.6959664
140.694393433572,38.3412589136577,177628345.1103468
139.30397816900398,37.505930095226994,607450842.1664966
139.443025276236,37.4836390985496,214112650.26332682
139.546671200607,37.9589563107414,
139.39427870804698,38.2469269367988,271376455.0757343
139.557231201168,38.140532035019696,217200294.8211267
139.435063719138,38.7342198289695,
139.240824011718,39.1450888506249,
139.090803791907,38.6528978259831,
138.96718786806898,37.8047260616421,126201054.81724596
138.90455614520098,38.2232447735853,
138.644024660955,38.089221320937604,
138.766464335763,37.9084541841258,389847958.7367456
140.516027221977,38.603042959635,399873745.4739009
140.44401764365497,38.340672240997506,222439589.82729682
140.56455309557097,38.4209242073316,611920703.9666196
140.329506489249,37.9535086009002,310899822.6125337
140.069559539877,40.493352036489,409993882.6741989
140.40235816668599,40.2558068087208,167010278.39577842
140.36464087212596,40.3864165361085,442023822.3196969
140.181397631616,40.3911996020874,348709665.95979226
140.099302028664,40.28191447569299,122929080.84886427
141.706848594597,39.0059973171693,3795539.7346785828
141.761959432962,39.0632175332421,10535452.293671584
141.63724801201798,38.829902322763196,
141.58088902848,38.601587692176295,
141.29139470747398,39.1154402907774,169002192.07171413
141.17600249451598,39.2320656514083,219010514.34240472
141.647597160333,39.0470985023064,69846422.99776934
141.459889609632,39.23470462748429,227755517.4384961
141.415241374902,39.126259409423994,243155305.73592713
140.92337124350098,39.276165969268796,317751402.6292512
141.06827297854497,39.1959477508929,248226165.0909452
141.099561429387,39.0737757669798,123501775.38709317
140.87266030510202,39.4186351075968,274007300.29945564
140.937758088006,39.5352207372012,270643263.0341056
141.05114547813298,39.83114307300809,167309480.49731192
140.964482705277,40.0309198040037,168558828.02173892
140.93717030679,39.895714279574996,335246310.8271886
136.53751724942998,34.4628251271579,95124586.83768317
136.472036688141,34.5201168990744,98419938.17146537
136.622098720437,34.486048013636996,82002860.4101606
136.62479920369498,34.6468188506121,356597420.45587575
136.410325543206,34.2602922804681,72657900.19668722
136.454162935695,34.3310080778478,100627793.76478484
136.704527970021,34.95273076969409,133070051.02975203
136.779936548409,34.9762587833241,81721048.27083835
136.82580759084598,34.9274216158626,3192578.113911585
136.827438364419,34.873747616132704,3375862.975769519
136.762319346972,34.87688649388019,74324609.88091601
136.383891253566,34.959969177114296,166149262.96822718
136.21618441926,35.094790882928706,185664828.1742861
136.07381281117802,35.162958581143805,137094958.97505787
136.138611220689,35.22419160622889,171696628.04616955
136.011059963757,33.9078509371272,85781436.47018336
136.04959684301699,33.9453546770448,81401561.83157249
136.026779235006,33.8088970348404,21232274.256120417
136.07706763233,33.84499579527,40635786.753000416
136.120086140049,33.9088810897683,11618702.202190539
135.37604584152,34.8650771995944,153923204.50012138
135.394172268696,34.7809059485613,63092774.34210314
135.281032593795,34.85647478358871,117065318.80038026
135.22980172406102,34.7598839369727,84728766.43419078
135.284621201565,34.730574059920194,77779287.26059282
135.569195774595,35.1660241742205,75734169.45951232
135.48010265146502,35.168892091733404,191502473.8449301
135.421809771336,35.3603080152267,178530147.97503078
135.405502715538,35.2541761888041,171223870.256407
135.663822850941,35.27466224166059,228442968.51038504
135.70429659316198,35.385114614318695,188087549.28940094
135.77594188458298,35.631208376147995,
135.390526476645,35.5655449074849,
135.58181841887097,35.7197929814682,
135.67741626479696,35.062123475996096,101807973.49525422
135.72347282867997,34.99461685533329,54754316.00207629
135.60782977080896,35.070271107818094,71155641.08594802
135.69419248700697,34.902859933276495,110509769.03759041
135.603727984362,34.8646492587261,190388578.76105502
135.563421832047,34.9645538126049,151011276.1728108
135.465132558624,33.6166404257574,66218261.30678727
135.469198885284,33.693658443852,85075882.0961327
135.530504550771,33.727106458716,48322281.607760936
135.552068757468,33.5654953754406,103122241.43968031
135.597295577667,33.6776721709725,86434513.56060775
135.622926111024,33.593079105791695,133626935.14837185
134.506080753396,34.1464231555194,131616871.19232436
134.45684422754098,34.087054681960495,139647969.85466218
134.38746206645098,34.0994144768574,87092140.08868068
134.66329188071097,33.990068383227,118249995.69525167
134.642371306311,34.1039133655902,170442856.91481444
134.58357818621099,34.049330911048195,68387849.84542017
134.61480533985,33.8405750703867,49761273.034009725
133.86420330756,33.5907026141313,74770804.86585611
133.870517499411,33.82048030306439,132301893.32125102
133.82628201006898,33.74558497034669,162109031.3755076
133.876609646802,33.662953931276995,64149333.488984376
133.96553930628002,33.8229138616842,96887485.10488142
134.0243412255,33.78815449430189,106935094.89274646
133.50031500003,33.5635366976613,68937816.08186936
133.461498365415,33.659929402426805,127032990.19195898
133.692973292274,33.84945889291559,93010100.99080035
133.73421572428498,33.7552948125987,139889754.19985488
133.709796709764,33.646079251580396,133361709.46062897
133.63421720846998,33.604415722016704,133388057.79816496
133.577953128774,33.6321689707476,97024223.427599
133.614692641122,33.87227213969609,135965044.19525284
133.54153893722398,33.83283723458099,151611531.78965726
133.53913649415898,33.728561675513106,177095972.7720557
134.34076480997697,33.7589443816053,109396930.78674601
134.401786830498,33.769758846384,132654588.39706738
134.430209031327,33.8948089617885,76167382.10566552
134.386020197319,33.9864702744072,98031918.427849
134.310337583004,34.0013787974058,147117655.57275328
133.975591804263,33.4302952718031,12466261.420789625
134.040808208637,33.4274203706553,46253303.73571104
133.931565673983,33.5152578050334,70421870.87761363
134.160763758549,33.71925851592209,163762454.2621797
134.216302557447,33.6369957370227,242485236.72008047
134.040576398487,33.696920777919296,150217291.1178917
133.977226190808,33.6461669244789,95912526.6776469
134.05771142148,33.5062137851925,48039444.87271431
133.999311808692,33.5479384196451,175175357.1380044
134.208060361749,33.392920203683694,31148315.08701065
134.184327035319,33.505463385906594,148525948.45667958
134.12383764153,33.495247676912996,62493868.97807076
137.507528425278,34.866918981731104,84725786.5427894
137.60742535458598,34.778580251154295,74996025.70419028
137.58696596073,34.8570920181924,74348366.34138802
137.176724398989,34.8738317700498,91167219.72530286
145.415775418155,43.234479370341596,109404991.83676678
145.315742432454,43.3547438393586,378726453.44572306
145.55651501612098,43.26647554407089,73437642.17127366
145.45648203042,43.386740013087895,255402228.4090743
140.79085975264198,42.1758886873302,261262928.42304423
140.814467508297,42.3195192175074,201812681.56170386
140.636323921104,42.0619365813471,72192720.06640194
140.71521093828,42.043392386952,75486362.16508532
140.756212287735,42.3785682413478,248510197.2014151
140.58217137356698,42.38538700140359,782214948.5172735
140.515922689098,42.2344773125484,203165615.1721668
141.62677496609402,43.0896016295646,171335691.06564498
141.601907233116,42.9774584120079,150812749.74299505
141.498550266513,43.175351684701496,207960009.37168524
141.455142491058,42.9735004391781,236565673.52746314
141.377997496329,43.092187819919694,277424455.0159424
141.179270501016,43.181939591844895,102225891.01078781
141.160730458539,43.092231563878194,116742133.74962914
141.26573428377299,43.113121321360204,148302794.55796334
138.923078626101,36.6055602168861,124697902.8572053
139.01497817856,35.65894894614689,117635295.14993487
139.083753127044,35.745840098496004,297900899.44920415
138.844364148336,35.8066609231386,229295992.91222245
138.900593188203,35.621057794641,120624907.67052166
138.76581407746198,35.713200373128295,126128970.35697378
138.80544486732,35.629779998000096,267132592.1971821
139.161825762333,35.9546294328078,108650939.76560552
139.12331131083,36.0714917274096,240795556.68206298
139.056576494979,35.8713665922579,187320651.62723896
138.97120329648598,35.8866581932782,140041997.3964464
138.934267240461,36.208531120766395,111249299.04042444
138.81305992573797,36.19706415724409,108200697.84001374
138.833273304198,36.0873737130522,218547228.04902583
139.004353244493,36.1178264948028,195271336.65248585
138.95749449750298,36.0162558012213,163556544.02790657
141.690368626092,43.4135752922916,294087334.2336515
141.781747403967,43.3283155974471,307820954.7175602
141.76430108544,43.5868732827594,214280390.37058938
141.960257657823,43.4285332713441,430054686.76690656
141.936131157381,43.6606801290033,247445451.3223155
142.04070895188897,43.5875998124325,312317579.1140607
143.492870451216,43.5524097184605,339067002.6581209
143.483449030119,43.7592074332875,203447075.553375
142.983803892963,42.9143252559549,258241186.31417543
143.008493630409,43.0369764576081,267997339.19940686
142.888226768298,43.11252468736289,151229437.69552115
142.771055263287,42.8982511241955,368885522.9707443
142.73466613923,43.11043050113579,166589175.12040603
142.642184371665,43.0188081396216,400415276.6163801
143.30037538931398,42.4489719609384,286098802.7045725
143.158017356541,42.3647632953138,242578165.53775305
143.082109231446,42.490641870863996,156565974.44339752
143.52222658864198,42.874204208460895,161087664.52800208
143.360585551029,42.9203720212179,305215232.2958835
143.518399218084,42.6752161442574,190217197.68479553
143.58319085160602,42.7581065893839,87956995.25702365
143.973281515305,42.9876545449593,204097754.2431794
144.039802182573,43.0630113445257,143765461.83745363
143.70403682913297,43.00434242767079,439444639.4280717
143.813774040981,42.92788984935989,266101867.36992866
144.02164156215,43.216056343495204,327123797.1214847
143.67300187627197,43.1673688563975,224382119.0998913
134.28066819357298,35.2387911071328,113456926.8768072
133.77388944984898,35.412171564353095,195721794.45439032
133.710899669457,35.342097154494894,118850536.06348377
133.72254140849998,35.179633968438296,152651025.3215786
133.829970077892,34.6323730406709,171866563.76315558
133.705145294952,34.70550147009659,179122417.42322928
133.69764127209598,34.8467587892853,248175979.07218197
133.909280776029,34.487987099709,149993687.6568966
133.828734411471,34.532546646642004,156505614.9174955
133.764765182367,34.4635917184911,22668282.89423167
133.73248387415398,34.1049920593767,183691769.711475
133.616827500948,34.2746610297828,
133.66120880904,34.379758718962805,269084088.01929617
133.82513693125497,34.1370199126044,147644794.27390814
134.42376734555998,35.1233470410273,216718003.85853446
134.512531631577,35.121618135935094,173240710.33481115
134.38985637033002,34.6307622604317,238597703.84273097
134.468576237556,34.734897712178395,97913220.2956696
134.395628219754,34.4499049196412,
134.492558525754,34.3497269297754,
134.606467567044,34.3885670053794,
134.563084229145,34.7694599199453,51266867.35915319
134.691774658815,34.4957260107405,389485640.1179906
134.66660175969,34.6723054836939,463114697.3302415
134.571639566859,34.845247980714596,64402250.23649134
134.58349554780898,34.9484516539818,121273694.09659308
134.49820838404497,34.992938466188996,161950641.84234405
134.47713157527,34.8106857729477,100158947.52671798
134.428266252291,34.8816062681889,184185717.6380144
134.052601485858,34.4008646881548,145591272.20319107
133.985951121561,34.164781370181,135328382.39522165
133.884878099874,34.3998736636005,119612116.83076218
133.81221703670698,34.379190636110096,38133566.5683672
133.960414568805,34.3499979196737,94398303.77240217
133.936025254647,34.256245056230995,97478769.00408903
133.784997102306,34.30547310226739,119841185.96491015
133.83326885131498,34.232403266315096,166866076.06133693
133.271386311855,34.9013776228557,286800964.2667583
133.43065714651198,34.8567963337638,275483830.8555689
133.248828204558,34.6840129471638,195689918.5681305
133.175148696579,34.7944179228954,309863160.9547519
133.47455552956802,34.7086224459678,333766612.60648674
133.38896420288998,34.6427987593281,156259230.48084414
132.969897153786,33.9167344796841,161943837.13259262
133.07486199958498,33.957657290993694,190127572.87572622
133.12950631793996,33.8000823620625,274027500.3488077
132.987459147411,33.7387654670319,233987471.44700876
133.06839979586996,33.6756136401795,192424985.74148676
133.122090756237,34.0804306650951,371790022.62297577
133.26264568933797,34.222262517824696,
133.24213154762398,34.0452260575746,222493246.18400538
131.683678098555,33.722136359109,
131.679454264314,33.34694277088679,179569449.1309105
131.83199299891498,33.35298084301919,355212120.49720824
131.587158624801,33.4385654093733,126032181.33326247
131.57907079366498,33.5456684446653,149322171.8307199
131.939279859156,33.55512118329689,
131.86892356215597,33.7803717429882,
133.08244629774597,33.5198205457137,88611958.54465622
133.135569121599,33.3163365134853,126280211.91207397
133.18632317901898,33.4006511578443,125734475.66395713
133.161665738343,33.494012416118096,170508542.1215746
133.022296659978,33.421533634721094,102007677.43524498
133.050762043155,33.31141086076649,141181946.7193443
131.289623081331,31.9820653472793,107705895.74194005
131.24926557081898,32.11663770936389,158809080.06596833
131.199991782024,31.9331229913377,157193962.8339087
131.159634271512,32.0676953534223,238409533.81411752
131.26726836036,32.55321267016829,190431111.19549498
131.394525456711,32.5866786935646,141492144.20580792
130.053241418529,32.639986203947096,161789466.3100812
130.08031882718402,32.7303664423527,169492740.90840715
130.12688241369298,32.5063672488456,112292865.1865981
130.274955608226,32.237369149345795,291246406.07518435
130.214705213868,32.327018275203294,127719062.34943728
130.407263362794,32.43245723191979,219549761.1272309
130.384004048958,32.27139343124399,289152765.9083289
131.740973328459,32.8236600947211,238143628.58084196
131.738163436143,32.954373729717,268025432.94994998
131.87756657443498,32.851701537962995,178695060.7494516
131.89130650697098,33.030156658999495,270441834.69827497
131.794437358188,33.0834312720054,139098906.15517876
139.23736944054298,34.708436202594,321873512.35856336
139.2741865218,34.7966891710812,71937362.10179922
139.34031012877796,34.6445463625503,105361548.17193845
139.39466669591098,34.725175112535595,28548327.470776964
139.377393936693,34.757716295091896,15157007.64886726
139.107236808441,35.0618554791318,59037902.01010215
139.04152129398298,35.0863659345078,92947352.18446268
139.03064534502,35.165912496389396,77621937.86943716
139.086822320094,35.2173850779498,52792674.46473651
139.1273832036,35.1490958802192,54231809.38837138
139.143773504406,34.253832299530806,9230281.295371149
139.08203715865798,34.4205375373398,
138.96349849370998,34.8430742511093,76319185.85803816
138.93657120670798,34.7684705838888,47312259.440006055
138.71220074933098,34.4671838065797,
138.591624948117,34.6310061067113,
139.019612188446,34.3461161202258,
138.957875842698,34.5128213580348,
138.79214062787696,35.0812158852309,161620388.4834925
138.08578718028602,34.8769337288229,12439805.11208668
138.062428559715,34.8546043189872,73359525.09586087
138.010267296363,34.9458489926073,57118476.73514797
138.067378787976,34.9726331652555,6334805.972444787
138.031851111099,35.00189924535481,53415718.622507736
138.42257578139098,34.70638703853089,
138.522709413693,34.8341551374432,465664682.86092865
138.39455781013498,34.9342353017592,108340057.12781397
138.33180942893398,34.895630434632,11204456.02696532
138.16593809772598,34.7783481646986,45229972.54610056
138.16801079710197,34.7211335220684,31501695.52961615
138.22943122111198,34.8159820905963,90192409.61658509
138.28091702535,34.811566607522096,20398668.197677895
138.19411866938697,34.669604216181,26113650.412190497
138.243531774249,34.722403375736995,67265511.47331993
138.135908047698,34.6893346739379,29993193.834625065
138.08018206752,34.635361510127396,26638265.29021626
138.023946185004,34.656444968237395,11312304.951741882
138.14409852190198,34.9498709877009,114850380.99395572
138.198389695575,34.9534158338475,63113623.00355675
138.13015218000902,35.0346951557691,69912269.77466224
138.18564823651502,35.1204424891782,59138616.40517302
138.26357209335,35.1202914549498,99708533.83691521
138.262367210517,35.038088967687294,97952056.1428772
138.92080243041,35.139344873750694,33824195.75785254
138.89006681427898,35.2084836181848,37957534.153517164
138.969957594402,35.1845071814016,64616171.555588186
138.939221978271,35.2536459258357,81365563.68570101
139.196136330933,35.353006864748096,53379929.02592462
139.175320816026,35.2997058893787,37330090.26328506
138.512929768422,36.6383433765756,119201187.57044199
138.43722159999598,36.4210652028993,101753104.5709848
138.36040393586399,36.516124077727795,364805592.77117026
138.398281511061,36.654620871329996,354051885.32377106
138.53677367045998,36.754562196531296,215056667.00317043
138.492083629911,36.918134620653,278562823.7954051
138.549598267872,37.0106009077662,163959096.06922135
138.674081131674,36.9727297695921,237567994.03799915
138.67400204958298,36.68445863925479,310453106.7660641
138.77325069039298,36.8453730032091,354202752.5963289
138.77893161224398,36.711358932956394,193823762.74662012
137.79185740287,35.390450815978504,241543034.58523986
137.912485578846,35.461242327786,248402800.73747107
137.932022954913,35.5976117008182,200597891.89851978
137.85741726289498,35.6714058639972,219657190.48538917
137.766163502517,36.0822693768702,206232355.033196
137.834125458975,35.8783173234486,130067086.33679084
137.932646939175,36.192549867051596,66285036.315785125
137.995115211723,36.1833678200148,44270840.93058973
137.890298087817,35.9928308419515,160785162.96631235
137.866281779688,36.0944168470017,204061324.3007471
138.03216331320903,36.063176095722596,137308743.90840358
137.99371134879001,35.9707721377092,159199329.74646944
137.46379671222,34.9198315552779,77721249.00434043
137.371954727337,34.913855748585,66820113.27703141
137.290100366925,35.230233592969796,124983105.75869642
137.563457555139,35.3256333390411,125928359.04173878
137.47320293150398,35.2983803816094,128581880.16633642
138.39197344859699,35.807953986486005,151341595.89767107
138.39231697090798,35.6541849832575,172637400.60568658
138.481275164199,35.565646106364,151197092.3090666
138.48084176087698,35.8473395592015,165149749.88711965
138.56456213133598,35.666734602170095,146319921.79042646
138.564472250325,35.7946590517791,313174141.4179656
136.534832027979,35.579478411995105,95278320.89698187
136.57231148965798,35.7199159898328,166254583.0888828
136.585213635981,36.0136020242922,191898236.6615504
136.430782140675,35.8328423504007,281021076.2635617
136.328466166629,35.690331014626196,427519063.28148824
136.23135126909,35.7425354059983,167977753.9193693
136.22703400086002,35.8797069554715,131378441.06851211
136.25421521913302,35.997307579233,174706812.45796213
136.360848461409,36.00264736553431,242274103.12184918
137.013183091422,35.1750211764303,48911688.28582872
136.976084901612,35.2438981463778,103293095.31933744
136.89451537937998,35.2275731820375,111181908.7758289
136.872107630379,35.1107958816021,138675901.7973147
137.34670987540798,36.8056821620235,152633802.1565496
137.269727461086,36.9956669559774,
137.116143497685,36.992517289975495,
139.682210975274,36.0082633808766,115111912.14370662
139.73509521965397,36.0969881585115,160360660.7290538
139.570339393551,35.979802396592994,141545135.2586597
139.89595017588297,36.202775565046196,137146348.4559952
139.89406972394698,36.0183977120088,148283460.17753172
139.833344197107,36.1061824879866,122097033.4437647
140.129838504711,36.3864919928994,136338309.65989146
140.302161317373,36.029290236314104,108618401.37698393
140.225940450222,36.1269006349647,172280776.0561511
140.41616400596402,36.0792740047707,152423006.14545926
140.44062346644003,36.2039149294317,192631725.61954737
140.287018541802,36.275055765636594,354291171.85985196
140.38769886942902,36.302086291647,198981158.55365247
139.890222088749,37.11807149596589,271933643.8500785
139.946158754523,36.982472595212094,309756172.34049946
140.124080070612,37.5320475042249,108050765.04056026
139.912571566911,37.4260253614995,251566847.189405
140.012680285038,37.413765974560796,236041993.23979563
140.06581744412398,36.973381610401496,169672444.837566
138.519251082894,37.3638506669241,4177676.07727362
138.507022729185,37.5789972064518,
138.440887643355,37.5192410180016,
138.56127475344,37.3157116173105,67513909.92525442
138.652470589611,37.303304692793695,171229413.01802975
138.67658200489498,37.41119993085749,202612604.47221377
140.812536891378,37.88118158099219,194363370.41652858
140.890530517902,37.8831277486893,69296027.91984858
140.93704705244997,37.7519852989125,54099868.980669156
140.86818830901296,37.6620326644089,212211660.45348465
140.78289913544998,37.724829656081695,229646014.24064332
140.88134923278898,41.2627052138103,218782061.80255347
140.717016914331,41.257844023644594,488876368.4035271
140.63548782805498,41.12049865388849,192424916.54402727
140.66449028418597,40.85720979874049,321304397.55993533
140.72030403891898,40.7240041249734,194039422.44872263
140.63355729446099,40.3506704787384,197526437.41660333
140.70888118798499,40.456833242733595,444734720.37865835
140.70130971854098,40.0565870020272,253073661.70654666
140.61946385727902,40.1499356725599,422156587.30512583
140.871491911953,40.1183654142348,190866706.56080347
141.174298451604,40.122133172088,303520530.8268732
141.098522559951,40.009454200778706,118272950.86813179
141.13798948952999,39.9242948359002,89554672.00292315
141.266731874004,39.889610538010196,177424408.2114464
140.32533066354,40.932863154981604,273747507.88670254
140.17848894584702,40.8730212747681,416578228.84630394
140.178978286908,40.69085899448459,255424040.66668183
140.38699183680598,40.7670864906393,255856799.03222612
140.33480738910598,40.6554327624621,180821762.12368158
140.63788853129398,39.901176526962296,270292210.99899006
140.388053350644,37.8486524678955,101749050.09120503
140.396022903609,37.7464554252885,105192901.16376913
140.497651773039,37.932146742632995,154841467.65631387
140.59267389321,37.8770415850332,215667089.97429818
140.53296088177498,37.7766858766077,205296719.8667354
140.48670218477397,37.56932990527859,124067760.55701117
140.648910805623,37.488617849291394,225327579.2442311
140.551903477326,37.450061883940194,205404815.4742615
140.67076208027697,37.654977755637,233270348.6834611
140.574574629984,37.6958923374363,190676172.90696856
140.71190257914898,39.0401273171613,140771104.68199533
140.81017929382799,39.204236176300796,274111935.8135096
140.831514903387,39.065159267049296,267713157.05453047
140.667297793407,39.2708952940557,199341778.25212377
141.03782034077997,38.716816107182396,95946196.22581407
141.085877271273,38.8199147099577,265630500.12696987
140.923353195306,38.954883268085396,235057757.85408485
141.02845629727798,38.9753589536454,238582554.72353774
141.350775915426,38.8083181760604,142535156.63096085
141.378434572617,38.8979381291688,174186438.45288897
141.23985212224798,38.7647013828426,134274228.29096627
141.183407017323,38.8487747126688,211619750.4862235
141.281905666473,39.0043043714808,160065130.93634593
141.19780190435702,38.9987577481986,99539063.98631781
141.246922678455,38.6340177728439,171800634.93470582
140.825099351673,38.2839859628589,146561436.1209985
140.795869021665,38.5067649900615,81104336.0537674
140.764048670685,38.4098093185983,167950397.54434183
141.09013831512598,38.6248710582735,93128354.34665626
141.127302788307,38.4175904110779,122504586.38167053
141.207550112772,38.487596268792,77544576.47890995
141.19015343927998,38.566112245742396,93909336.9006927
140.779137881613,38.6192595338154,113220863.6517553
140.861086995882,38.828873085363895,158560254.36512625
140.661509085669,38.6870889121992,261390926.0976674
140.871335064306,38.657362432144495,181409341.8344704
140.918133167361,38.7462501681486,122242982.20564598
140.62879803710098,38.8471026768891,442147075.90233403
140.740763942724,38.9077191569682,199227209.21488038
139.254817505562,37.6790601758208,430465483.0891884
139.102729672533,37.7417577624351,57615208.30180851
139.11524115126,37.6711908011703,135081275.83464578
139.079313631038,37.8198082572717,130060616.28862998
139.43045227366198,38.5094541841152,68180608.56649663
139.418322286782,38.3985823620729,375754856.67194235
139.581274779903,38.292187460293796,327462787.7930693
139.62324124617,38.552330879683495,70232131.37829721
139.688664783162,38.413290525109495,
139.670138232669,38.6156475753807,171291986.60253677
139.57544347975798,38.8128029588706,
140.35519319698798,38.0990073802338,113377774.96954338
140.329699679928,38.212694198415,99269141.2871229
140.479086863049,38.11822022942339,227071970.00026137
140.453593345989,38.2319070476046,199441190.38741773
140.26504970223903,38.252204583981296,128203358.66193186
140.29638560166902,38.3684164293012,133923046.6270535
140.15769610867198,38.4467289316011,187676516.1430779
140.24786247446698,38.4675352307631,250868377.6788553
140.379709005162,38.665298773431,224155257.76096967
140.28746532045298,38.6240562730935,153535468.15216067
140.191338800733,37.7673726543564,253741470.41731185
140.109965745519,37.7117288179632,253527199.14207107
140.00122719379496,37.8132623115984,410089883.29889536
140.213166554406,37.9447352039943,400088998.366545
141.28297798923,39.5629066456668,184549080.44252557
141.159168554745,39.470464580797795,209549542.24081013
141.20569047875398,39.3500770090923,270671322.50370157
141.40387523163,39.4765488013149,282886392.89289993
141.36573092644198,39.341896866521694,254054043.3823022
141.776884536969,39.1411249390557,67716916.6657388
141.690339695652,39.1361955580431,214516272.50015056
141.62199916038898,39.24075085813409,228809540.3001291
141.655256331006,39.39174898947749,382351805.83169746
141.84867534717,39.28590451131719,108349826.74534854
141.79538767647003,39.431973261648,377251671.59039664
141.406166589138,38.7352465372884,81922410.35361002
141.462507374496,38.6826852289449,40492955.47824903
141.343132853142,38.641372358978394,152101982.86028746
141.3994736385,38.5888110506349,99593187.29695643
141.474892765833,38.8982456247495,133588671.65569149
141.59185045889402,39.0067956513279,111211464.10590903
141.502210527117,39.0154309857081,199824303.43858182
141.577032717483,38.7909350742111,
141.51607491387298,38.6573891471394,104949699.0305735
141.503574894,38.7560643632976,74797895.99967246
136.269819305235,34.374951769705795,181998447.30440122
136.341593007147,34.3096435171842,56324473.54125737
136.39991099476498,34.4821514643309,128030833.10780393
136.385430399636,34.3803593145639,93128792.4320955
136.42885354022098,34.7356039128846,120432977.23211099
136.481313996984,34.6329963559998,114191158.95863317
136.549495041531,34.7364754210584,182321980.9197048
136.533863488176,34.9223615762505,234082888.0487257
136.452791146221,34.902729693968396,191961398.73008466
136.078303065441,34.67005027690381,104662677.2534403
136.12205002364098,34.5977996316909,159461167.00133806
136.079783814018,34.770804898434,111987997.79785764
136.18599568176901,35.0004479175021,86374069.2790627
136.114161769212,34.862708530485,134264845.7542553
136.19440128112498,34.8831754925841,174946037.75939435
136.066749160947,34.976979951533394,106951836.81660524
136.10121360082502,35.0521060541718,63546962.33365502
135.583980752616,35.2943888534688,116069387.38267668
135.60851993178596,35.360008668831,23381400.615866367
135.51119468528398,35.403388597404295,187482204.5943239
135.535733864454,35.4690084127665,11154614.988159856
134.515094818566,33.8399225043165,66754045.24644159
134.562221552088,33.8747569571895,91098502.09587482
134.47051242725098,33.9127624925892,37908263.9165
134.495705754333,33.992064010311,49972776.4062695
134.55191497284898,33.969667815487796,77172428.5130527
134.28714876211802,33.864288802776294,106651752.85715874
134.26340568333,33.947242438249795,100286299.14401893
134.19551260998298,33.829506374700294,146465679.2937587
134.114429872401,33.858831650546094,97653124.63806044
134.150108730825,34.004759543964006,97609669.75039494
134.092769072031,33.951131184336305,139588770.34963918
134.07913499557498,33.3901235283792,55657844.99046458
134.12891025088499,33.3992930323371,87300161.52048759
134.15517330765002,33.3223053658737,44286799.71894517
133.826317386531,33.2422616437131,
133.785680847258,33.2760114113988,
137.450052860076,34.750941057016796,69538791.28011724
137.48734447720798,34.7937185611719,66581246.04342123
137.51767039098,34.6967136363012,29181898.820839886
137.554962008112,34.7394911404563,59371400.38969708
137.104498852266,35.0837759108694,143869320.26457354
137.141529635484,35.013526907139,143599049.39930966
137.096679120984,34.898911165526094,70603846.22436543
137.025383384604,34.839820610505896,199919177.11619386
136.941606493131,34.84931448502349,142852403.03803214
136.91636550748197,34.930753713286194,160947712.39055297
137.00858795431498,35.0936645442405,47001508.3554896
136.949082015504,35.0457642137526,178066028.1159504
138.93162064181396,36.865938277142696,157214236.76188806
138.880095894804,36.8191669690746,86874336.99148546
139.00690925219996,36.714553311486604,170160027.77276382
138.95538450518998,36.6677820034185,90723267.04929216
143.61711495219,43.473503475207295,314892122.66288245
143.897429464602,43.333702240395596,521796946.47776717
143.72504765784,43.28391897455339,444111139.297412
143.618826507684,43.805393900845495,258727701.31107283
143.96303118377398,43.909224330430796,337454993.52872473
143.69205189108,43.6599599603607,324875770.9907937
143.79651960992996,44.03975922430261,564418707.9712584
143.631330137196,43.988449050833104,372319085.13704854
143.18121988272298,42.766419980295005,236288745.57847995
143.311778578881,42.802163070628495,304907735.27643484
143.40862798297198,42.673104812745,190961035.80707332
143.294306662914,42.5664163863213,216623120.12581518
143.175022789161,42.6156185099502,197501114.10305828
134.070648390987,35.320545396552895,153662896.31435028
134.134207711086,35.2569210659556,108249977.00819936
134.119219206753,35.438857608481804,127162953.30139202
134.212079686443,35.407090063554,157443746.54549357
134.22610992327898,35.3190999871083,72394056.8374786
133.93060186037397,35.254178755880694,283596009.2214753
133.84492086933,35.2837262848323,201572254.221352
133.96096993659597,35.08397638148699,101765034.49064855
133.85596589805,35.0266735246791,135383393.00015843
133.799843017566,35.1203291761773,204988178.66736114
134.133693575838,34.3372454903775,238429693.27869058
134.160380676861,34.1114202148302,201210411.3715028
134.091432525699,34.1949150358464,260648810.85194406
134.23063056117002,34.398388609787396,155682599.63720322
134.303108332668,34.3114852519923,182118425.4980777
134.261301363783,34.1265819268407,131170936.52020499
134.315695763799,34.1863694534901,101293969.56086117
134.00850027975298,34.8576790598157,236438426.16569912
133.887308340159,34.703111756425194,143170439.12117985
133.861418502735,34.922137014708895,222442325.87990236
133.807949786808,34.8406567218864,190773056.59911662
134.09137004194798,34.5720565655883,179633623.28135395
134.009069532822,34.6763295952425,212463977.9517665
134.076792756489,34.749416605810495,189287317.40076438
134.205226488498,34.532756953942496,125904544.43825227
134.271932410572,34.6267109369379,275734353.3919951
134.22579918768898,34.739097559151695,156976310.60775426
134.068319567226,35.0559312282828,249460175.21982077
134.11039730569797,34.9341704165817,281768130.35118383
134.250501253902,35.1252820825038,104144251.0388431
134.16047873038798,35.1503614863126,231324969.3100167
134.305965706902,35.035868460093596,77389000.46888493
134.324787861165,34.922807357001304,206218514.0887231
134.248800094035,34.8601380322272,229627422.30210778
133.192481966412,34.4027285990784,182163748.42995748
133.24320701673298,34.5226352348823,139561310.64770833
133.18301866617,34.5966320031321,176553252.3460844
132.948279895728,34.21942657711379,174985796.33669823
133.04984168186704,34.2335506782291,286217382.8382928
133.099718750328,34.3788121519623,209254912.2727124
132.89151213307198,34.3044448094403,135109226.80617797
132.995182488333,34.5581462724234,278700986.3261453
133.072532942514,34.5188004134028,127063287.64987586
132.87138660582602,34.424843354714994,227838098.66830412
132.90068098276203,34.524432455142296,141512028.3917825
131.385978568152,32.219017935317396,244062041.47135997
131.46448426013097,32.2871252432388,213448659.49062255
131.27578230221397,32.2441563898872,221981768.6375378
131.469426982476,32.4159841433934,294262999.9793597
131.396658856683,32.4865435524135,119724504.02787961
131.20958115965698,32.3590615495554,190046659.21499398
131.269401760332,32.4530775290172,150246354.77103433
130.344777778644,32.6517000511119,70306300.98204234
130.33523194998898,32.5529431331247,157025014.85925636
130.19538525939,32.5517351392695,193951916.85787174
130.251722241795,32.4815284583064,186136432.2291672
130.313285598177,32.7221397924333,27810129.83967588
138.967058657658,34.9477316109933,45258913.61640356
138.94183676010002,34.8979905212664,24370570.10623983
138.86669169535799,34.91393204862089,34072997.00608534
138.817263135375,34.893573601335895,84464240.31918189
138.814398201897,34.8287494693974,58906689.80985783
138.761719233654,34.8091878250908,7269567.216729033
138.671600206458,34.8793210833969,71830140.33768365
138.898793628177,34.7578464347433,51468408.03781798
138.847710916959,34.7835674973798,80260969.2242556
138.870850519434,34.6726587396981,38954337.597339384
138.794561395776,34.725128527861195,46116860.632431746
138.812011063968,34.669775802020695,57605704.54744568
138.515281413234,35.1831653932605,157679605.60600454
138.082440321672,34.71417212194469,24634106.793571364
138.107685733545,34.6900581015879,19536737.856077313
138.052312311441,34.6837262741673,12369899.39807018
138.077557723314,34.6596122538105,11870486.41092584
138.17193226158298,34.6350183634455,16177443.025667764
138.154041364185,34.623402805784096,2354571.323727981
138.143281420287,34.648266692813394,7557024.441337342
139.12363863809398,35.3898202890375,71620032.0271729
139.062156303609,35.508946673541,73582403.5256227
139.121847227253,35.4811663341861,149507294.51897833
138.970306899468,35.4127328478858,88878026.45839015
138.978159964083,35.3239576939557,142104530.53879845
139.06507255528797,35.306291531081996,80428664.50678298
139.102823123187,35.3365193136681,48076127.6098464
138.678516038139,36.5142513290214,338802342.45269346
138.580132810779,36.486460329732594,77099926.80185841
138.72152835314398,36.2648108555634,137269271.4232542
138.76982666282998,36.3951680572062,369489304.65123826
138.59949865733398,36.2733704818485,120592332.757712
138.524492628687,36.333259087722304,72384952.12020813
138.54230221755,36.4076789496585,114660534.8881062
137.690162646696,35.5051340531745,272224009.0140689
137.019510615273,36.4586708632905,316252519.83712286
137.51090125129502,34.9982262816879,125368376.89217877
137.60159345116801,35.0354932162884,98499732.09633271
137.605651865286,35.138590812497696,90471256.03784993
137.50911853625098,35.199476187018,136054399.7597708
137.45427839081398,35.106312650970004,238467417.89565048
137.31038058203399,35.1432136125048,113467036.32280868
137.366897963064,35.0861286639039,157576308.34196725
137.331678838662,34.97206648792889,71569658.43905453
137.24144000011498,34.95535489592189,89411688.4981813
137.22598287264898,35.028349711377,117778271.03945136
137.308608982545,35.3583462154263,183262375.38136968
137.380354020657,35.3904144166188,147059630.18870896
137.38674237842397,35.5221419728791,180511403.38263243
136.75834474780498,35.4696294616554,96973607.29444438
136.600996890831,35.5302070709553,106491642.38741516
136.641595913856,35.4181803787449,82033275.71352747
136.580448402552,35.443153094223604,77631597.38356096
136.486525472451,36.1229740663275,286672084.15016216
136.36820317586398,36.116418102656105,161162360.71852323
136.438332412239,36.327729503735995,180964595.65848508
136.51999243542,36.2513481289707,269012309.22297055
136.29422688423298,36.2814354456048,155430690.60570452
136.257564610827,36.1984981071681,79699318.796801
137.04531027838198,36.80234568003839,137744844.38677654
137.121452643384,36.80952926760779,58821474.17747204
137.047131732885,36.7123726639065,74535082.89901073
137.335815354969,36.5924947655619,194992750.35767797
140.140628605593,36.1299598623447,123028496.55814323
139.98816242373601,36.170259541640405,147009117.4971025
140.09913438876302,36.241139594926196,119589998.6784776
140.03697427872902,36.253617215705994,119271154.18458138
140.196135081057,36.62474825322389,96699608.38088256
140.106572561538,36.829314391564196,157955837.4050742
140.026148524746,36.7115394465699,242878552.49078983
140.046247894608,36.498373324313995,253929879.51906756
140.07282739305901,36.6075433835496,184730466.63844615
139.885934520882,37.5535537060563,234987117.67287797
139.900561791342,37.706636492246695,414649731.24992996
139.58539899410698,37.5972599189979,315924075.1024468
139.656600853209,37.8214745502924,
139.79042901238802,37.8996925710414,
140.15536506179998,37.177625592960595,184998931.29991677
140.139369151551,37.06405880610839,192005243.07908684
140.33108538801,37.229168160521695,194943933.5262252
140.25168437557198,37.256658611535,107533090.03969215
141.310278338922,40.6945780602075,93457515.69982515
141.41475196718102,40.6580115072285,92388075.89493005
141.52704988626598,40.5676208528646,
141.485189446062,40.7827920049308,
141.370141888635,40.97045544870959,42555054.00365069
141.28788932138102,40.5993414521541,129837450.1672259
141.39236294964,40.5627748991751,140043862.07547393
141.229786522242,40.4559086298708,244078810.30418068
141.19783628425202,40.5672054684072,78622674.34586883
141.428579014338,40.4276690541108,205339551.90872532
141.35605562406897,40.35293876855339,200089929.0118722
140.75828934667499,41.02464669237659,233313403.82543418
140.754474764838,40.92094344573839,99033759.57889044
140.93623397709902,40.55299726603619,237618773.69335812
140.83001689653602,40.4314950778035,293676976.875678
141.365748404694,39.955389130493096,221264888.37838554
141.511439400804,39.952183252113,193049546.80912393
141.522192405396,40.0928454871494,219711517.2933911
141.3993709821,40.1995663793262,202995921.88720977
141.312781911873,40.1027523996924,326518379.3104817
140.013255747486,40.224768110900996,28623262.233305838
139.686062723394,39.6689643888318,
139.952401956807,39.9348805495563,242474138.78471833
140.343911358618,40.149760723056595,122970403.86269167
140.434635508629,40.0331834009547,114624046.65065233
140.37666353640597,39.85819827221759,289737910.71497285
140.719815761085,39.467339025384604,218212696.6655446
140.62764519906298,39.391529004811495,177263590.58676726
141.47227381775397,38.5061834408889,49104625.70096278
141.39674006188497,38.5109844787371,103662673.87733582
141.47687263782598,38.4114147373737,77801086.09676115
140.96218757148,38.26669235205959,69202503.32341427
140.891588805396,38.3038951120782,80856768.14877489
141.041066869428,38.3817383519757,134621299.0136845
140.871352025943,38.4219984248991,67399718.35805266
140.922182992338,38.513560335125696,241494629.09628147
141.021299069739,38.510503022220895,291079885.1794297
139.41642110358598,37.886699821779594,209185055.51908323
139.334816374875,37.8087273214761,226346767.75075445
139.757759986284,38.7260572543086,216340806.66391757
139.663065233373,38.9232126377985,
140.168886352869,38.2077151653681,115465659.89360239
140.133425545971,38.0992682124813,216468128.47530198
140.110055886504,38.303120711526,133152857.5416669
139.987349801673,38.404795386375,314324283.4884355
139.86989932789498,38.308749955212,
139.885777483254,38.084289186867,402378421.94403213
140.002859240574,38.0234391564786,247760086.80404267
136.351683194694,34.558285054877096,111053329.54973719
136.371348431307,34.6988580465054,121802695.9757366
136.26542889765298,34.5218011576317,175640315.71284527
136.215165067872,34.6250358657951,190242609.33763316
136.325897540184,34.807980230195696,126565030.23916747
136.25596847379,34.7706419467308,193256683.91748914
143.927342366346,43.514640827394,287460199.34580183
143.829897498474,43.651314046705195,374651927.36534554
144.047796919686,43.6327947631521,186120686.1814948
143.95035205181398,43.769467982463304,280593615.95523417
130.26162488476498,32.7887176249842,75252601.86520164
130.268085645291,32.7187126565145,63119183.00532698
130.205119729179,32.7896132387472,65005701.34809908
130.16621496004498,32.711696996483994,46620570.073094726
130.207640397087,32.6666846485023,45714611.52312405
138.853918259496,35.0391044847921,37641219.57253893
138.86157222068996,34.9744773811488,81521100.38204105
138.92932196170497,34.9892293081419,57524883.238829486
138.94566853355101,35.0552399770815,41843784.67248515
138.91364919913798,35.086966295799,22969766.128914077
138.57003401076,35.1257349178824,35364175.68887123
138.63563832633898,35.1611255887947,46509751.236492775
138.536267057793,35.0535130767888,32609211.300251685
138.694855334046,35.0835946213335,135415082.95773897
138.620196444015,34.9827288722505,235486200.1817993
138.713180404689,34.97741974588289,121390088.93283813
138.518738237517,35.3202097107915,34451657.3368318
138.536587412421,35.2672500736182,88417374.41703099
138.572456085195,35.3796140530965,22714989.29437826
137.761550430537,35.690512201839,154935563.70607874
137.696783154579,35.651747339046295,173656739.19760963
137.751617883891,35.83166776820399,99829229.18820533
137.54383037472,35.434986756605696,204365803.8862166
137.59468654859398,35.5231323208344,170521223.4549407
137.459964108852,35.5394613554343,118535065.29455979
136.70462082406797,35.9742837001845,267597820.66199246
136.80295199663396,36.018157383710694,324008916.8483983
136.97697173958596,36.32931922174829,163910686.04319772
136.816647150315,36.1496531638176,331556589.83787304
136.79637695753698,36.3408374331453,217880087.8996972
136.700849324589,36.2619819841455,289831522.72779006
137.06428195102498,36.024712679448896,210559933.42917997
136.965492537621,36.141312144003,171744145.55626833
137.030289493944,36.2421227529339,211964719.74994507
136.971200700081,35.4429664835532,209267249.26567605
137.04126272984396,35.39007178821841,98859028.43033448
137.18892414222603,35.5344182307972,112731205.31911756
137.148698031906,35.378669719872605,84681760.8173876
137.214978773169,35.430583462312505,193992532.49984628
137.194010843505,35.771157449841,86488174.2962793
137.313683045088,35.6567013395967,202052153.55964425
137.23014867602703,35.6416685560254,161086077.70786017
137.24937498320398,36.7074849080643,95483208.55479184
137.25425726825998,36.6110365851945,162054571.09283516
137.177701714581,36.714481679650504,43786461.31363735
137.113482250503,36.676948117715405,97065568.01731418
137.11104812393998,36.5361489167103,245798349.207211
137.180149873074,36.4772341557756,104093115.11608873
137.333649991527,36.442071330409796,252000168.6298631
137.452553909946,36.476790529476,229903016.55414394
137.23608481568698,36.361014475572595,170539383.90928087
140.13074362419,35.9992729436769,112127849.33566554
140.111311987548,36.0767540791218,1758536.0409703387
140.060843021616,35.968926720936004,156168103.82218856
139.989519194712,36.0493073850657,131566926.96099378
140.021005915725,36.1045761376377,1966999.3891380255
140.23519212162898,36.7036536762258,87068935.82665132
140.192308470423,36.8042237515458,175660188.26037514
140.348484427932,36.7205085759006,128504202.84759878
140.388430132962,36.7910098927305,103576227.98333046
139.45165097358,37.34884718175599,134316361.44202587
139.323976255662,37.1620659000855,180839922.9307965
139.40952230686798,37.2033528006492,178492626.6530887
139.48345281307797,37.1348431916286,191776588.87858045
139.277498413911,36.9843817792746,310458863.68888205
139.44049059639602,36.443343685161594,314766073.5053008
139.39202089718398,36.2756194659276,308242133.85469556
139.43664856730402,36.1102614517161,295961126.598202
139.53382376547899,36.099021222184795,255613715.96391356
139.618459237752,36.979327306439096,291156284.6378957
139.48396691166298,36.9984431203332,180263855.8346834
139.393007241873,36.751695712875,337293684.92767346
139.363558563702,36.8892686085429,280966371.1783742
139.31663847617997,36.6617349248535,183772116.71941254
139.351795403469,36.545725201986,198459660.31824163
139.172033711436,36.633432751687195,198596556.03796107
139.27315197859798,36.426909485745895,109837239.537712
139.181943643677,36.4661159183772,358347138.39225274
139.88577921974698,36.866374947138,204781392.65810862
139.92501387255598,36.7395090173331,189226324.53086442
139.975419874785,36.370427617164296,97248175.69488747
139.953989374716,36.4698313277991,133891467.96391587
139.88628796220098,36.3166864378197,178964686.49747804
140.91792002201097,41.0846748162972,211728599.32338625
140.876389222173,40.98396166461959,156140814.58571044
140.95244293604102,40.710822959221794,450641550.1708477
140.853957335586,40.795623536982596,157573221.89534754
140.872574640336,40.880258417981395,33245892.05675509
141.14462309277002,40.3833540103917,296235618.9399794
141.027268859367,40.43551098717239,205362822.72426602
141.12477151146,40.2256239309771,188999886.90919545
140.95600482648302,40.2003905698989,241230156.42555335
140.92105177880399,40.314008798939696,261902646.37681544
139.762216740564,39.9297183298299,35372440.38050308
139.862885599338,39.9822409783731,128956235.93340719
139.922422218414,40.131646696640395,247079520.27108777
139.788606268014,40.1585318141931,
139.89663040785302,40.290945495834,
140.046873415383,39.949852198908296,134394158.79627758
140.12310702792598,39.8027362303098,169163087.24752954
140.242183225782,39.8630861937099,389433208.8637206
140.25199589441698,40.0673485271004,384298963.38039494
140.13423686816398,40.147480406777696,321778778.068968
140.048190586986,40.0903340419857,103799951.11566716
140.70770354242802,39.584454968619,192822902.42066956
140.627952101703,39.6493514106591,156070023.7861582
140.83049560866,39.648765920214,162803200.2900328
140.82602261267098,39.812256787825504,378190240.326396
140.703548324658,39.8282797283712,241094026.04243594
141.45693499179004,38.306886731553,18014767.161020655
141.44475915616198,38.367669922626,29189504.65389425
141.361015091406,38.348174066073305,91900087.19779798
141.303252714888,38.4291718578174,118140616.78344114
141.379332639468,38.437215849004495,58163353.58499199
139.171737127764,37.8789663155409,168330040.0194992
139.292592950973,37.8899358981396,238684.58213041176
139.183902661089,38.093327806914594,
139.34149528358398,38.146559789183996,
139.374197679684,37.9679083984431,241430.98104927244
139.852033827957,38.7455729192136,200433222.75853655
139.94728608511198,38.592168316874705,307785767.8065193
140.076854653626,38.603625705687904,326618250.72539943
140.14798836620997,39.2830529794989,200608386.19812077
138.593868720384,35.349142693537196,33693607.169330314
138.64153966614597,35.2122878520567,37253245.299529456
138.597241349754,35.260981861502096,15946679.147970852
137.6750134551,35.9661589390752,164543015.23798996
137.679557127354,35.8658205015891,122131884.0795947
137.624469313353,35.7713723280177,96969423.40365751
136.67091898458898,35.749024716669,212462716.71441048
136.75483970167798,35.8270314482157,161255945.00263843
136.68076530652502,35.6113418613315,160360781.42575538
136.776965652195,35.5757369675103,233267313.697559
136.98630703929598,35.5839598571391,279951537.26808757
137.077671435276,35.6126284149966,169391476.2219796
136.872962594874,35.6655475458876,208843332.37247947
136.86068296629298,35.7791591712555,123725524.44950955
137.102996175882,35.756925323862596,318265131.2201363
137.029209751929,35.897231957795995,328134049.9239087
136.91672518484398,35.8823356422432,142388198.7285077
137.596057108191,36.2550192161586,
137.48953220174698,36.3220055451891,
140.252978789451,37.0303555531041,148249024.00882712
140.26516299090898,36.9145877173788,227640120.9636587
140.34799234714498,36.8845189588887,108582981.58576055
140.348375712138,37.116431888943,145136612.38822967
140.436370318464,36.9879546676167,159728072.53974432
140.44893788491498,37.1040997619457,146784851.98242408
139.55897395687498,37.35665024903789,167008083.27506918
139.75716736221898,37.4733161819445,163056516.19429502
139.65487813883098,37.477373507837996,321867430.3353939
139.783804408248,37.3457878373877,170835945.57743177
139.57814895918298,37.2312586011234,183740321.0864319
139.773878844237,37.1852349682803,277459140.86146325
139.67879858654698,37.1306328833682,306415929.8559807
139.82953336489498,36.633985840372794,171459951.39820683
139.845614449959,36.5273994090819,114349733.41460358
141.13111281393302,40.68506159928209,116348463.57079533
141.06191777746199,40.78374743071199,194125356.66136777
141.28552238476502,40.8709405065324,207543964.75321937
141.22881835240202,40.7565597447525,276329952.61236024
141.223562451378,41.039683277234396,443755468.544349
141.095525366367,41.1168157335507,430045141.0388769
141.02118409123798,40.990288660190096,182842405.89076066
140.28484546913097,39.4979287951017,240326443.44302914
140.51255514255297,39.598227528558596,241131079.26883146
140.500136021256,39.4575210659454,188235041.65026248
140.393358673392,39.3875031721017,326154693.94876176
140.37154508830199,39.7056847527615,347562347.6413217
140.49247741386,39.7359655923747,230925605.4571832
140.51070590749498,38.9489075483838,264072777.68741146
140.407098739248,38.85114959748989,258807099.86355925
140.28100884616498,39.168291613116594,243273598.40662095
139.88393958039597,38.8862034124245,163888995.56551886
140.09696112277797,39.666586279666504,261884820.78439263
140.173956419145,39.4906874466423,335948094.67946666
140.11197231484198,39.40415876104289,143125623.49093306
139.968546172224,39.7441875630954,274384317.42876375
138.67830798228,35.2648116548178,94497650.83175644
138.70220089275,35.438139868596295,132160961.34673086
138.64008760803299,35.3628358840812,114070031.74124177
137.360940528867,35.7541662451314,159062958.9650188
137.542684029366,35.7820162521855,168840267.09961528
137.454400298622,35.6790433175088,93647500.24851827
137.51952177249,35.680389530873995,144117727.12004587
137.591498804067,35.9757769828413,104451421.64974837
137.575690441728,36.0538695031416,96292546.08123145
137.514257192334,35.886082469523,89568022.62049598
139.72813686222597,36.656329655434504,222764591.18119803
139.629486044961,36.8355866446095,367199431.98777896
139.745789103492,36.8036311011501,263371816.53143266
139.524442397043,36.7171295628357,155806001.54255158
139.53676882427698,36.5247872579898,221803245.56830844
139.79918175702602,36.3503973350595,196569045.21061918
139.77993874485298,36.4617065956869,111743424.08784981
139.710594993255,36.227292132810895,220832800.9642295
139.621195120803,36.2577861807678,240917893.64663953
139.61537141989797,36.4506855965637,299095575.5426761
139.68552828017698,36.5315008092342,106825501.87855396
140.433378667659,39.2707824873375,166667478.3644275
140.39590183904997,39.179918058355796,188310166.3359611
140.51384702001897,39.0978723140841,127411421.18438588
140.60307778605,39.128475602782494,116012158.30772206
140.579808609867,39.2201666704254,141330581.87016648
140.302511235711,38.9131259205711,303540562.44914436
140.250262677756,39.0483177627015,298734699.5230929
140.226909709953,38.7711523523478,169947453.33329526
140.106465408921,38.771528084104204,369766569.08353907
140.07699833592298,39.035517298875895,270246767.4043197
140.008802592846,38.9007011885019,304532927.24860334
139.989314378529,39.373496221270194,81583563.97418134
139.754144457873,39.4236375826326,
139.922883532278,39.537626190298504,
139.740787427043,39.09149372634,528262251.0785172
139.867387932393,39.034968836061,120115714.18753423
140.025330429897,39.2523904397262,263049478.53581822
139.985086568019,39.124828609518296,227942294.7780101
138.72596853574797,35.276438666000395,45154926.87874878
138.837512220264,35.2421951266968,120568314.02606852
138.78414763392297,35.192862141488696,136616051.08917174
138.808241550957,35.3710401105765,103785777.89518604
138.75679753587298,35.3840943253578,60280580.54008376
137.406852880506,36.1750286376831,154294965.9337852
137.464129322289,36.070977614826,146119892.09489167
137.195984726097,36.0590240653005,302893765.4867217
137.430811181103,35.9714038961937,216092148.2047146
137.178154715943,36.2003019251016,262144159.56760678
137.27230941286498,36.2487567671328,164718335.19384012
137.251927194624,35.94577546962599,135443411.91228825
137.335322510925,35.9137514813451,333451199.93335176
